MEME version 5.5.1

ALPHABET= ACGT

strands: + -

Background letter frequencies (from uniform background):
A 0.25000 C 0.25000 G 0.25000 T 0.25000

MOTIF M0 O0
letter-probability matrix: alength= 4 w= 9 nsites= 10959 E= 1337.0e-6
0.346199 0.211059 0.223469 0.219272
0.000309 0.036583 0.957337 0.005771
0.287837 0.423008 0.044937 0.244218
0.000435 0.746161 0.003767 0.249638
0.547064 0.264330 0.000351 0.188256
0.784344 0.000000 0.004501 0.211155
0.039414 0.340662 0.433551 0.186374
0.436140 0.046535 0.105359 0.411966
0.490739 0.070629 0.352331 0.086302

MOTIF M1 O1
letter-probability matrix: alength= 4 w= 9 nsites= 10976 E= 1337.0e-6
0.191235 0.353954 0.284074 0.170736
0.305302 0.008291 0.003007 0.683400
0.102827 0.095809 0.201365 0.600000
0.259935 0.000000 0.695734 0.044331
0.005450 0.298279 0.447366 0.248905
0.636541 0.108604 0.251817 0.003038
0.103752 0.086478 0.435141 0.374629
0.679936 0.000114 0.023544 0.296406
0.221429 0.281160 0.445736 0.051675

MOTIF M2 O2
letter-probability matrix: alength= 4 w= 9 nsites= 11136 E= 1337.0e-6
0.006017 0.054957 0.021911 0.917116
0.310308 0.298494 0.273334 0.117865
0.411632 0.206629 0.007044 0.374695
0.251678 0.314190 0.172383 0.261749
0.454139 0.160993 0.206535 0.178333
0.197278 0.060544 0.738197 0.003981
0.002269 0.449088 0.237024 0.311620
0.307520 0.235937 0.356934 0.099609
0.341476 0.018320 0.588648 0.051557

MOTIF M3 O3
letter-probability matrix: alength= 4 w= 9 nsites= 11185 E= 1337.0e-6
0.262226 0.591954 0.004202 0.141618
0.043871 0.015400 0.850389 0.090339
0.243347 0.233133 0.001344 0.522175
0.421256 0.049238 0.365830 0.163677
0.275500 0.270566 0.128286 0.325648
0.220395 0.180054 0.451842 0.147709
0.477420 0.214646 0.177942 0.129993
0.310068 0.085959 0.190068 0.413905
0.260040 0.377885 0.268399 0.093676

MOTIF M4 O4
letter-probability matrix: alength= 4 w= 9 nsites= 11158 E= 1337.0e-6
0.000179 0.995877 0.003316 0.000627
0.457863 0.195715 0.077999 0.268424
0.094692 0.661496 0.204896 0.038917
0.236842 0.180348 0.160499 0.422310
0.122719 0.237166 0.502742 0.137373
0.462079 0.009728 0.348676 0.179517
0.373915 0.044953 0.392637 0.188495
0.318697 0.327134 0.109408 0.244761
0.064421 0.303128 0.477971 0.154480

MOTIF M5 O5
letter-probability matrix: alength= 4 w= 9 nsites= 11095 E= 1337.0e-6
0.213970 0.036233 0.649932 0.099865
0.007031 0.224905 0.668795 0.099269
0.098598 0.221822 0.175696 0.503883
0.239943 0.374138 0.234770 0.151149
0.167716 0.529486 0.071173 0.231626
0.854038 0.035144 0.048948 0.061870
0.081169 0.452113 0.115381 0.351338
0.116035 0.080724 0.325298 0.477943
0.405125 0.018259 0.052759 0.523858

MOTIF M6 O6
letter-probability matrix: alength= 4 w= 9 nsites= 11187 E= 1337.0e-6
0.265308 0.656923 0.000000 0.077769
0.034192 0.041461 0.812528 0.111819
0.162860 0.552338 0.060342 0.224460
0.167931 0.277447 0.187703 0.366919
0.330979 0.110477 0.162546 0.395997
0.395374 0.089433 0.312200 0.202993
0.302271 0.063306 0.220345 0.414078
0.378723 0.080791 0.469168 0.071318
0.089759 0.328505 0.306409 0.275328

MOTIF M7 O7
letter-probability matrix: alength= 4 w= 9 nsites= 11169 E= 1337.0e-6
0.422867 0.135554 0.021936 0.419644
0.174162 0.102222 0.317864 0.405752
0.118934 0.299848 0.516100 0.065118
0.257318 0.128164 0.139512 0.475007
0.142147 0.081149 0.664920 0.111784
0.310058 0.193775 0.012961 0.483206
0.271622 0.073040 0.168555 0.486783
0.588350 0.240508 0.167161 0.003982
0.107782 0.010956 0.009271 0.871992

MOTIF M8 O8
letter-probability matrix: alength= 4 w= 9 nsites= 8638 E= 1337.0e-6
0.104422 0.255152 0.002778 0.637648
0.059713 0.381204 0.081885 0.477198
0.695234 0.297958 0.006675 0.000133
0.004147 0.320525 0.399862 0.275466
0.564265 0.281781 0.096502 0.057452
0.393438 0.043172 0.539070 0.024320
0.657579 0.010965 0.022670 0.308786
0.759036 0.003614 0.197139 0.040211
0.392835 0.170732 0.248933 0.187500

MOTIF M9 O9
letter-probability matrix: alength= 4 w= 9 nsites= 10861 E= 1337.0e-6
0.316545 0.107080 0.134150 0.442224
0.137127 0.177978 0.002043 0.682852
0.104019 0.289159 0.221682 0.385140
0.506911 0.069676 0.241279 0.182134
0.584308 0.062901 0.031309 0.321482
0.083467 0.015597 0.175347 0.725588
0.372617 0.573824 0.049535 0.004024
0.547883 0.156075 0.009528 0.286514
0.272909 0.128852 0.163165 0.435074

MOTIF M10 O10
letter-probability matrix: alength= 4 w= 9 nsites= 10752 E= 1337.0e-6
0.198475 0.186663 0.331008 0.283854
0.220331 0.600539 0.154018 0.025112
0.815662 0.133185 0.003534 0.047619
0.939453 0.011662 0.015487 0.033399
0.630227 0.068254 0.229046 0.072473
0.267808 0.456910 0.131681 0.143600
0.145161 0.501545 0.184566 0.168727
0.227659 0.264703 0.202996 0.304643
0.297868 0.257574 0.222687 0.221871

MOTIF M11 O11
letter-probability matrix: alength= 4 w= 9 nsites= 11066 E= 1337.0e-6
0.011477 0.553226 0.000813 0.434484
0.320178 0.000093 0.126474 0.553255
0.117602 0.469551 0.411036 0.001811
0.377999 0.029218 0.127612 0.465170
0.142941 0.321495 0.305731 0.229834
0.000000 0.337680 0.541691 0.120628
0.127472 0.436114 0.242296 0.194118
0.000000 0.272265 0.029618 0.698117
0.540391 0.165105 0.269207 0.025297

MOTIF M12 O12
letter-probability matrix: alength= 4 w= 9 nsites= 11168 E= 1337.0e-6
0.220541 0.238091 0.299516 0.241852
0.715795 0.005999 0.099660 0.178546
0.034622 0.829312 0.059467 0.076599
0.249247 0.373140 0.004839 0.372775
0.245499 0.058297 0.673538 0.022666
0.133606 0.663750 0.000000 0.202644
0.332550 0.359562 0.067430 0.240458
0.464960 0.186715 0.014233 0.334091
0.263393 0.091593 0.334350 0.310664

MOTIF M13 O13
letter-probability matrix: alength= 4 w= 9 nsites= 11187 E= 1337.0e-6
0.414499 0.000000 0.376687 0.208814
0.000536 0.992222 0.003576 0.003666
0.259964 0.007899 0.461490 0.270646
0.134629 0.387599 0.121670 0.356102
0.247304 0.127232 0.039511 0.585954
0.413752 0.129760 0.201991 0.254497
0.290083 0.269238 0.235262 0.205418
0.248235 0.123560 0.391026 0.237179
0.176853 0.329598 0.307844 0.185705

MOTIF M14 O14
letter-probability matrix: alength= 4 w= 9 nsites= 11072 E= 1337.0e-6
0.661579 0.245123 0.014632 0.078667
0.018940 0.632216 0.187580 0.161264
0.111998 0.092389 0.795411 0.000202
0.080139 0.032812 0.017070 0.869979
0.323071 0.262940 0.271619 0.142370
0.363988 0.161645 0.220653 0.253714
0.313428 0.053882 0.305049 0.327641
0.267943 0.285699 0.214675 0.231683
0.204739 0.449334 0.073378 0.272549

MOTIF M15 O15
letter-probability matrix: alength= 4 w= 9 nsites= 10693 E= 1337.0e-6
0.228935 0.042645 0.005518 0.722903
0.113129 0.001141 0.230060 0.655671
0.351186 0.139370 0.287651 0.221792
0.368848 0.008301 0.548340 0.074512
0.211856 0.210676 0.577468 0.000000
0.111994 0.269403 0.190997 0.427606
0.547274 0.003676 0.258526 0.190525
0.024922 0.682243 0.029803 0.263032
0.238945 0.349925 0.205298 0.205832

MOTIF M16 O16
letter-probability matrix: alength= 4 w= 9 nsites= 7439 E= 1337.0e-6
0.060626 0.926065 0.000672 0.012636
0.125450 0.196450 0.001199 0.676901
0.065966 0.319054 0.072011 0.542970
0.858137 0.014722 0.126606 0.000535
0.026544 0.902492 0.010834 0.060130
0.159033 0.682776 0.015454 0.142737
0.106166 0.298429 0.093950 0.501454
0.072433 0.309488 0.303801 0.314277
0.190679 0.176972 0.367042 0.265306

MOTIF M17 O17
letter-probability matrix: alength= 4 w= 9 nsites= 10712 E= 1337.0e-6
0.347274 0.003734 0.020911 0.628081
0.088125 0.009055 0.901699 0.001120
0.339115 0.625249 0.035257 0.000379
0.414702 0.002405 0.079380 0.503512
0.005225 0.190227 0.452927 0.351621
0.576793 0.129545 0.217365 0.076296
0.111289 0.343985 0.284884 0.259842
0.245195 0.302044 0.189973 0.262789
0.273865 0.226395 0.317684 0.182055

MOTIF M18 O18
letter-probability matrix: alength= 4 w= 9 nsites= 8160 E= 1337.0e-6
0.072794 0.013358 0.085172 0.828676
0.001225 0.002328 0.695343 0.301103
0.616121 0.009436 0.374443 0.000000
0.063526 0.423595 0.273055 0.239824
0.099973 0.072051 0.180469 0.647507
0.030959 0.389560 0.001944 0.577537
0.641831 0.265070 0.065211 0.027887
0.388307 0.213477 0.146801 0.251416
0.176571 0.355993 0.171298 0.296138

MOTIF M19 O19
letter-probability matrix: alength= 4 w= 9 nsites= 10966 E= 1337.0e-6
0.000182 0.124840 0.106055 0.768922
0.124350 0.010402 0.749409 0.115839
0.128431 0.427935 0.177150 0.266484
0.000871 0.476968 0.056409 0.465752
0.380903 0.355787 0.214236 0.049074
0.001381 0.157690 0.588198 0.252731
0.384026 0.049481 0.138571 0.427922
0.533185 0.254876 0.056028 0.155910
0.638591 0.027317 0.134708 0.199384

MOTIF M20 O20
letter-probability matrix: alength= 4 w= 9 nsites= 11180 E= 1337.0e-6
0.665206 0.014490 0.005635 0.314669
0.108668 0.075509 0.680213 0.135610
0.029818 0.067550 0.042794 0.859838
0.000186 0.428957 0.215734 0.355124
0.148517 0.391382 0.215640 0.244461
0.376064 0.091074 0.503396 0.029465
0.333045 0.401423 0.143778 0.121754
0.395200 0.331624 0.111670 0.161506
0.170375 0.492109 0.238800 0.098716

MOTIF M21 O21
letter-probability matrix: alength= 4 w= 9 nsites= 10681 E= 1337.0e-6
0.501358 0.021721 0.171800 0.305121
0.397184 0.067762 0.399625 0.135429
0.293331 0.121797 0.424830 0.160041
0.282355 0.099744 0.228975 0.388926
0.322973 0.006843 0.219371 0.450813
0.695000 0.155207 0.097960 0.051833
0.000000 0.009273 0.360176 0.630551
0.692315 0.000791 0.162200 0.144694
0.308488 0.090656 0.575182 0.025674

MOTIF M22 O22
letter-probability matrix: alength= 4 w= 9 nsites= 10793 E= 1337.0e-6
0.111646 0.117206 0.111091 0.660057
0.014258 0.075321 0.343401 0.567020
0.009912 0.069952 0.242519 0.677617
0.010900 0.263507 0.162559 0.563033
0.061110 0.000000 0.550751 0.388139
0.125679 0.262792 0.076608 0.534921
0.196594 0.113652 0.238496 0.451258
0.012619 0.292072 0.495906 0.199403
0.339547 0.275132 0.149815 0.235507

MOTIF M23 O23
letter-probability matrix: alength= 4 w= 9 nsites= 11047 E= 1337.0e-6
0.017199 0.686883 0.178057 0.117860
0.325261 0.344943 0.000272 0.329524
0.605682 0.355486 0.000983 0.037849
0.046782 0.000823 0.336932 0.615464
0.101979 0.343438 0.006458 0.548125
0.584852 0.079111 0.129991 0.206047
0.155317 0.527462 0.130989 0.186232
0.256728 0.111625 0.007858 0.623789
0.239874 0.288499 0.265216 0.206411

MOTIF M24 O24
letter-probability matrix: alength= 4 w= 9 nsites= 11082 E= 1337.0e-6
0.009385 0.062353 0.815737 0.112525
0.003212 0.848399 0.091401 0.056988
0.360648 0.354907 0.198796 0.085648
0.252999 0.417480 0.228359 0.101162
0.197076 0.424796 0.192297 0.185831
0.000094 0.222180 0.296617 0.481109
0.254592 0.249317 0.159838 0.336253
0.075055 0.191764 0.435430 0.297751
0.191652 0.229466 0.468600 0.110281

MOTIF M25 O25
letter-probability matrix: alength= 4 w= 9 nsites= 11133 E= 1337.0e-6
0.567143 0.032606 0.389113 0.011138
0.000093 0.093135 0.498145 0.408627
0.828988 0.097780 0.061418 0.011815
0.023708 0.519987 0.314161 0.142143
0.082824 0.214666 0.147315 0.555194
0.389535 0.489244 0.120640 0.000581
0.068752 0.245432 0.006968 0.678848
0.421581 0.273331 0.155703 0.149384
0.397651 0.131463 0.093623 0.377263

MOTIF M26 O26
letter-probability matrix: alength= 4 w= 9 nsites= 10634 E= 1337.0e-6
0.071563 0.068366 0.002257 0.857815
0.041989 0.166291 0.383576 0.408143
0.421421 0.291143 0.101236 0.186200
0.115727 0.499258 0.044510 0.340504
0.208785 0.321503 0.319203 0.150509
0.013162 0.243731 0.252241 0.490866
0.734366 0.062536 0.174893 0.028205
0.645049 0.040446 0.043701 0.270804
0.734065 0.101393 0.032342 0.132200

MOTIF M27 O27
letter-probability matrix: alength= 4 w= 9 nsites= 11012 E= 1337.0e-6
0.219760 0.194515 0.331547 0.254177
0.507628 0.124319 0.350799 0.017254
0.554059 0.039498 0.363214 0.043229
0.274748 0.450042 0.174646 0.100565
0.005625 0.179729 0.107647 0.706998
0.093465 0.141667 0.000000 0.764867
0.000000 0.228291 0.223236 0.548473
0.030454 0.556865 0.166350 0.246331
0.143776 0.380187 0.211996 0.264041

MOTIF M28 O28
letter-probability matrix: alength= 4 w= 9 nsites= 11151 E= 1337.0e-6
0.000628 0.537530 0.459152 0.002690
0.013003 0.318536 0.010851 0.657609
0.198762 0.314878 0.231066 0.255294
0.003147 0.260858 0.571891 0.164104
0.342674 0.063615 0.026131 0.567580
0.353482 0.233490 0.156351 0.256676
0.658806 0.014602 0.098313 0.228279
0.389046 0.377892 0.110725 0.122337
0.426709 0.308887 0.047165 0.217239

MOTIF M29 O29
letter-probability matrix: alength= 4 w= 9 nsites= 11125 E= 1337.0e-6
0.072000 0.001888 0.925034 0.001079
0.216957 0.030592 0.368010 0.384441
0.024437 0.390353 0.304686 0.280524
0.121642 0.427218 0.013894 0.437247
0.181573 0.121080 0.371987 0.325361
0.284631 0.172782 0.499158 0.043429
0.187947 0.298326 0.384825 0.128902
0.125913 0.255148 0.038049 0.580890
0.110351 0.503033 0.042273 0.344343

MOTIF M30 O30
letter-probability matrix: alength= 4 w= 9 nsites= 11154 E= 1337.0e-6
0.154922 0.443159 0.314147 0.087771
0.133136 0.212693 0.077850 0.576321
0.182526 0.322952 0.252241 0.242282
0.137181 0.265186 0.512938 0.084694
0.615960 0.091291 0.275836 0.016913
0.028277 0.000189 0.146586 0.824948
0.113191 0.539200 0.329969 0.017640
0.012363 0.471423 0.000000 0.516214
0.504511 0.120606 0.183760 0.191123

MOTIF M31 O31
letter-probability matrix: alength= 4 w= 9 nsites= 11187 E= 1337.0e-6
0.001341 0.000358 0.997586 0.000715
0.074640 0.627693 0.000000 0.297667
0.070911 0.237772 0.113476 0.577841
0.129572 0.392560 0.178306 0.299562
0.379943 0.236357 0.177134 0.206566
0.290660 0.205940 0.099571 0.403829
0.255820 0.041100 0.530176 0.172905
0.211490 0.371185 0.115260 0.302065
0.220941 0.332728 0.288685 0.157646

MOTIF M32 O32
letter-probability matrix: alength= 4 w= 9 nsites= 10640 E= 1337.0e-6
0.358835 0.009868 0.001410 0.629887
0.694267 0.065508 0.103947 0.136278
0.263833 0.109907 0.059572 0.566689
0.380271 0.039989 0.141382 0.438359
0.369207 0.360738 0.016938 0.253116
0.089351 0.100871 0.077154 0.732623
0.322963 0.459153 0.144800 0.073085
0.113668 0.290297 0.276848 0.319187
0.507148 0.094089 0.137585 0.261178

MOTIF M33 O33
letter-probability matrix: alength= 4 w= 9 nsites= 11133 E= 1337.0e-6
0.479386 0.000808 0.037187 0.482619
0.000725 0.946896 0.000000 0.052379
0.177469 0.121524 0.000000 0.701007
0.039701 0.730733 0.073564 0.156002
0.211625 0.115277 0.182745 0.490353
0.315744 0.268622 0.233771 0.181863
0.408353 0.107076 0.357913 0.126658
0.314533 0.251778 0.231072 0.202617
0.380724 0.223635 0.250486 0.145155

MOTIF M34 O34
letter-probability matrix: alength= 4 w= 9 nsites= 8874 E= 1337.0e-6
0.144354 0.151228 0.234843 0.469574
0.465179 0.106829 0.024453 0.403538
0.348448 0.151265 0.087026 0.413260
0.056411 0.913124 0.008688 0.021777
0.084632 0.204747 0.036922 0.673699
0.500303 0.138266 0.360218 0.001213
0.001589 0.002077 0.485641 0.510693
0.506214 0.273287 0.002215 0.218285
0.307111 0.374381 0.065659 0.252849

MOTIF M35 O35
letter-probability matrix: alength= 4 w= 9 nsites= 9526 E= 1337.0e-6
0.025404 0.027924 0.001260 0.945413
0.958516 0.001423 0.040061 0.000000
0.155294 0.193925 0.063064 0.587717
0.392207 0.006922 0.062521 0.538350
0.282775 0.074994 0.315044 0.327187
0.224083 0.210550 0.305275 0.260092
0.388531 0.111059 0.233119 0.267291
0.250977 0.318844 0.157882 0.272297
0.382043 0.078025 0.170750 0.369182

MOTIF M36 O36
letter-probability matrix: alength= 4 w= 9 nsites= 8306 E= 1337.0e-6
0.088972 0.050205 0.652781 0.208042
0.700900 0.028853 0.006856 0.263391
0.427773 0.033686 0.102677 0.435863
0.290191 0.202997 0.001514 0.505298
0.441158 0.053464 0.156754 0.348624
0.222952 0.041673 0.104183 0.631191
0.141153 0.004084 0.093939 0.760823
0.449362 0.506713 0.043759 0.000166
0.002379 0.271152 0.086986 0.639484

MOTIF M37 O37
letter-probability matrix: alength= 4 w= 9 nsites= 11036 E= 1337.0e-6
0.022925 0.014770 0.104657 0.857648
0.411110 0.135820 0.399799 0.053270
0.194272 0.185944 0.036146 0.583638
0.168525 0.062932 0.742744 0.025799
0.000000 0.125291 0.250674 0.624035
0.205485 0.303168 0.167470 0.323877
0.000000 0.377261 0.189588 0.433151
0.254148 0.313488 0.125122 0.307242
0.458148 0.322041 0.044378 0.175433

MOTIF M38 O38
letter-probability matrix: alength= 4 w= 9 nsites= 11049 E= 1337.0e-6
0.409901 0.444837 0.094579 0.050683
0.000000 0.012867 0.024536 0.962597
0.860893 0.132135 0.001307 0.005664
0.124916 0.137306 0.270894 0.466884
0.389562 0.131047 0.220644 0.258746
0.338693 0.203967 0.216641 0.240699
0.381068 0.058645 0.346636 0.213651
0.152593 0.114414 0.546947 0.186047
0.173941 0.003933 0.428952 0.393174

MOTIF M39 O39
letter-probability matrix: alength= 4 w= 9 nsites= 10903 E= 1337.0e-6
0.361827 0.005870 0.069981 0.562322
0.220751 0.366925 0.088002 0.324322
0.497977 0.198984 0.242638 0.060401
0.237752 0.081493 0.251019 0.429736
0.378678 0.000000 0.344574 0.276748
0.070952 0.507115 0.205885 0.216049
0.000000 0.471625 0.080361 0.448014
0.384086 0.064553 0.488685 0.062676
0.008815 0.076041 0.912171 0.002974

MOTIF M40 O40
letter-probability matrix: alength= 4 w= 9 nsites= 11180 E= 1337.0e-6
0.024419 0.352504 0.407335 0.215742
0.051349 0.465108 0.466996 0.016547
0.601815 0.160708 0.236570 0.000907
0.680596 0.121911 0.084938 0.112555
0.584580 0.017883 0.045620 0.351916
0.156324 0.120813 0.213527 0.509336
0.096774 0.241057 0.432850 0.229319
0.235377 0.353300 0.006760 0.404563
0.066057 0.256315 0.217329 0.460299

MOTIF M41 O41
letter-probability matrix: alength= 4 w= 9 nsites= 11182 E= 1337.0e-6
0.093007 0.498659 0.031837 0.376498
0.458322 0.103993 0.217138 0.220547
0.350261 0.118134 0.388799 0.142806
0.260270 0.165321 0.497960 0.076449
0.229752 0.026630 0.412213 0.331405
0.049500 0.733352 0.204632 0.012515
0.000299 0.376842 0.007368 0.615492
0.522595 0.358541 0.109642 0.009222
0.023256 0.313592 0.014884 0.648269

MOTIF M42 O42
letter-probability matrix: alength= 4 w= 9 nsites= 11177 E= 1337.0e-6
0.003579 0.989890 0.001700 0.004831
0.221207 0.025524 0.310944 0.442325
0.228198 0.327059 0.053778 0.390965
0.238818 0.220586 0.201455 0.339141
0.175445 0.249955 0.092756 0.481844
0.097381 0.178742 0.618666 0.105211
0.484895 0.117774 0.146271 0.251060
0.244846 0.224412 0.419439 0.111302
0.233151 0.325845 0.356712 0.084292

MOTIF M43 O43
letter-probability matrix: alength= 4 w= 9 nsites= 10161 E= 1337.0e-6
0.221533 0.256766 0.459404 0.062297
0.392422 0.001118 0.562200 0.044261
0.026740 0.528282 0.385213 0.059765
0.004487 0.518112 0.417082 0.060319
0.028664 0.340201 0.089753 0.541383
0.010349 0.683238 0.279246 0.027167
0.450801 0.189527 0.214871 0.144801
0.140748 0.607477 0.235327 0.016449
0.154063 0.638450 0.101580 0.105907

MOTIF M44 O44
letter-probability matrix: alength= 4 w= 9 nsites= 8191 E= 1337.0e-6
0.633378 0.000366 0.167867 0.198388
0.172483 0.001213 0.821857 0.004447
0.004793 0.002975 0.851595 0.140638
0.007377 0.035833 0.685227 0.271562
0.000000 0.012373 0.189774 0.797853
0.185546 0.082007 0.422393 0.310054
0.037636 0.293564 0.290741 0.378058
0.273540 0.177858 0.349249 0.199353
0.206540 0.193536 0.153184 0.446739

MOTIF M45 O45
letter-probability matrix: alength= 4 w= 9 nsites= 11162 E= 1337.0e-6
0.001613 0.193962 0.798602 0.005823
0.453065 0.014090 0.003568 0.529277
0.332137 0.071489 0.114553 0.481821
0.469281 0.093974 0.148236 0.288509
0.241957 0.442640 0.221475 0.093928
0.339176 0.278481 0.191821 0.190523
0.475102 0.042327 0.286329 0.196243
0.000471 0.615512 0.384017 0.000000
0.064592 0.394991 0.001612 0.538805

MOTIF M46 O46
letter-probability matrix: alength= 4 w= 9 nsites= 10562 E= 1337.0e-6
0.208483 0.137095 0.017232 0.637190
0.370381 0.000383 0.220946 0.408290
0.050418 0.057812 0.152502 0.739268
0.661994 0.017596 0.265204 0.055206
0.129619 0.445449 0.278296 0.146636
0.676000 0.050640 0.019263 0.254096
0.404931 0.039126 0.381375 0.174568
0.415881 0.085590 0.175439 0.323091
0.514933 0.003502 0.088774 0.392791

MOTIF M47 O47
letter-probability matrix: alength= 4 w= 9 nsites= 10991 E= 1337.0e-6
0.133564 0.577563 0.181876 0.106997
0.052793 0.725605 0.219274 0.002328
0.429701 0.473773 0.009605 0.086920
0.221049 0.193453 0.375773 0.209725
0.630941 0.165394 0.196507 0.007158
0.317964 0.413813 0.258274 0.009948
0.229738 0.386530 0.147819 0.235913
0.000000 0.242145 0.274057 0.483798
0.081503 0.449458 0.018885 0.450154

MOTIF M48 O48
letter-probability matrix: alength= 4 w= 9 nsites= 10735 E= 1337.0e-6
0.435305 0.217140 0.030834 0.316721
0.547182 0.014159 0.009502 0.429157
0.032628 0.010161 0.418384 0.538827
0.925115 0.000000 0.071703 0.003183
0.120263 0.053096 0.580394 0.246248
0.533568 0.193229 0.070559 0.202644
0.177720 0.232358 0.237957 0.351964
0.370316 0.265976 0.078600 0.285108
0.366175 0.189615 0.258913 0.185297

MOTIF M49 O49
letter-probability matrix: alength= 4 w= 9 nsites= 11187 E= 1337.0e-6
0.864128 0.002324 0.000000 0.133548
0.030932 0.055248 0.866619 0.047202
0.007085 0.628430 0.160628 0.203857
0.058399 0.639498 0.054427 0.247676
0.535236 0.195999 0.096990 0.171775
0.411754 0.207090 0.237127 0.144030
0.264618 0.241379 0.215330 0.278673
0.157805 0.264992 0.284352 0.292851
0.168203 0.339094 0.293491 0.199213

MOTIF M50 O50
letter-probability matrix: alength= 4 w= 9 nsites= 9641 E= 1337.0e-6
0.166995 0.127269 0.066591 0.639145
0.044196 0.115868 0.000000 0.839936
0.690282 0.072673 0.237046 0.000000
0.016310 0.279650 0.004105 0.699935
0.401657 0.001417 0.276603 0.320323
0.145161 0.181589 0.292956 0.380294
0.302207 0.032484 0.181551 0.483758
0.522243 0.014446 0.228847 0.234465
0.323066 0.136623 0.368452 0.171859

MOTIF M51 O51
letter-probability matrix: alength= 4 w= 9 nsites= 10503 E= 1337.0e-6
0.090736 0.078263 0.193564 0.637437
0.381390 0.039698 0.148916 0.429996
0.210906 0.348649 0.099307 0.341137
0.375308 0.108385 0.151345 0.364962
0.184411 0.503219 0.163316 0.149054
0.347446 0.161235 0.005178 0.486141
0.492282 0.025211 0.273513 0.208994
0.045412 0.095009 0.000000 0.859579
0.805350 0.179611 0.013750 0.001289

MOTIF M52 O52
letter-probability matrix: alength= 4 w= 9 nsites= 11184 E= 1337.0e-6
0.465218 0.000000 0.419975 0.114807
0.000984 0.998121 0.000447 0.000447
0.376110 0.048426 0.246615 0.328849
0.095136 0.535900 0.113086 0.255879
0.157416 0.249955 0.107677 0.484952
0.281780 0.287920 0.165583 0.264717
0.305315 0.065799 0.267896 0.360991
0.613643 0.101821 0.156174 0.128363
0.353027 0.183239 0.162607 0.301127

MOTIF M53 O53
letter-probability matrix: alength= 4 w= 9 nsites= 5065 E= 1337.0e-6
0.018756 0.095953 0.323988 0.561303
0.506022 0.009477 0.335242 0.149260
0.354393 0.503258 0.050938 0.091412
0.194438 0.227570 0.577267 0.000726
0.000539 0.044498 0.004315 0.950647
0.284951 0.715049 0.000000 0.000000
0.987287 0.006645 0.005490 0.000578
0.033043 0.287246 0.192174 0.487536
0.271979 0.298442 0.202293 0.227286

MOTIF M54 O54
letter-probability matrix: alength= 4 w= 9 nsites= 10633 E= 1337.0e-6
0.108530 0.525063 0.012696 0.353710
0.783786 0.212358 0.002069 0.001787
0.000000 0.219316 0.303720 0.476964
0.483436 0.031419 0.252871 0.232273
0.258660 0.040160 0.313380 0.387800
0.129119 0.169204 0.185489 0.516188
0.475298 0.114626 0.305116 0.104960
0.372615 0.120119 0.016115 0.491152
0.742992 0.036773 0.072943 0.147292

MOTIF M55 O55
letter-probability matrix: alength= 4 w= 9 nsites= 8922 E= 1337.0e-6
0.166443 0.100538 0.706232 0.026788
0.081129 0.265108 0.629232 0.024530
0.042645 0.532991 0.367412 0.056952
0.318561 0.383209 0.213836 0.084394
0.125999 0.310541 0.409803 0.153657
0.043290 0.185666 0.610390 0.160654
0.000000 0.762903 0.052581 0.184516
0.026617 0.599282 0.044415 0.329686
0.179742 0.126283 0.142337 0.551639

MOTIF M56 O56
letter-probability matrix: alength= 4 w= 9 nsites= 11187 E= 1337.0e-6
0.742737 0.000000 0.000000 0.257263
0.000000 0.081166 0.918834 0.000000
0.491454 0.228546 0.000447 0.279553
0.240168 0.266416 0.105079 0.388336
0.196600 0.322331 0.028870 0.452199
0.234932 0.252606 0.145291 0.367171
0.259242 0.137706 0.222182 0.380870
0.579129 0.142051 0.244218 0.034602
0.161713 0.242249 0.447533 0.148505

MOTIF M57 O57
letter-probability matrix: alength= 4 w= 9 nsites= 9867 E= 1337.0e-6
0.768015 0.091517 0.094963 0.045505
0.349268 0.000000 0.433505 0.217226
0.011356 0.021830 0.662404 0.304410
0.056712 0.411826 0.529622 0.001841
0.205370 0.047852 0.035322 0.711456
0.214486 0.311625 0.418868 0.055021
0.249938 0.017765 0.185171 0.547126
0.133764 0.000000 0.608279 0.257956
0.079214 0.013640 0.388437 0.518709

MOTIF M58 O58
letter-probability matrix: alength= 4 w= 9 nsites= 10766 E= 1337.0e-6
0.425971 0.005480 0.098087 0.470463
0.145222 0.135309 0.419690 0.299779
0.762518 0.008717 0.136174 0.092591
0.395584 0.107188 0.339850 0.157378
0.225025 0.000491 0.452797 0.321688
0.037715 0.005473 0.800080 0.156732
0.264419 0.003322 0.296527 0.435732
0.486305 0.246207 0.100295 0.167193
0.320193 0.000720 0.593763 0.085323

MOTIF M59 O59
letter-probability matrix: alength= 4 w= 9 nsites= 8247 E= 1337.0e-6
0.063538 0.006184 0.355644 0.574633
0.010064 0.060749 0.248090 0.681096
0.270836 0.009274 0.342900 0.376990
0.380508 0.121599 0.497892 0.000000
0.488228 0.027788 0.195034 0.288949
0.001293 0.051338 0.687055 0.260313
0.447994 0.040655 0.285111 0.226241
0.023199 0.036901 0.317732 0.622168
0.672623 0.015077 0.312299 0.000000

MOTIF M60 O60
letter-probability matrix: alength= 4 w= 9 nsites= 11172 E= 1337.0e-6
0.859202 0.021572 0.007966 0.111260
0.008625 0.121833 0.853819 0.015723
0.202110 0.197761 0.075606 0.524523
0.182144 0.432639 0.362496 0.022721
0.348061 0.059557 0.031422 0.560959
0.321304 0.149220 0.286211 0.243265
0.394963 0.147312 0.354287 0.103438
0.356509 0.337666 0.206066 0.099758
0.117515 0.004496 0.382996 0.494993

MOTIF M61 O61
letter-probability matrix: alength= 4 w= 9 nsites= 10988 E= 1337.0e-6
0.655442 0.210229 0.013742 0.120586
0.149899 0.121115 0.412176 0.316811
0.145839 0.268906 0.408483 0.176772
0.396190 0.004666 0.064736 0.534409
0.431615 0.389409 0.078539 0.100438
0.652002 0.286263 0.009546 0.052189
0.013821 0.366893 0.619286 0.000000
0.399460 0.056942 0.000756 0.542842
0.117582 0.486813 0.038462 0.357143

MOTIF M62 O62
letter-probability matrix: alength= 4 w= 9 nsites= 11144 E= 1337.0e-6
0.107771 0.683238 0.042534 0.166457
0.514021 0.031008 0.385493 0.069477
0.277507 0.348034 0.131133 0.243326
0.192770 0.109634 0.283282 0.414314
0.195913 0.147189 0.173262 0.483635
0.287478 0.032130 0.617262 0.063130
0.362536 0.140465 0.136302 0.360697
0.151432 0.823477 0.002263 0.022828
0.369072 0.558370 0.000507 0.072051

MOTIF M63 O63
letter-probability matrix: alength= 4 w= 9 nsites= 11171 E= 1337.0e-6
0.001432 0.013159 0.859458 0.125951
0.009403 0.858512 0.109071 0.023014
0.280183 0.350453 0.168325 0.201040
0.067827 0.591872 0.175310 0.164992
0.298631 0.282961 0.315562 0.102846
0.284581 0.292511 0.132829 0.290078
0.341124 0.129230 0.394639 0.135006
0.386366 0.175868 0.297706 0.140060
0.270873 0.139918 0.284042 0.305167

MOTIF M64 O64
letter-probability matrix: alength= 4 w= 9 nsites= 10265 E= 1337.0e-6
0.362007 0.086605 0.417535 0.133853
0.255236 0.473259 0.238383 0.033122
0.322565 0.100049 0.252472 0.324914
0.070498 0.336238 0.315578 0.277685
0.445731 0.016290 0.462512 0.075466
0.072713 0.022698 0.837575 0.067014
0.059725 0.561456 0.308118 0.070701
0.184853 0.108814 0.608209 0.098124
0.190855 0.173301 0.497959 0.137885

MOTIF M65 O65
letter-probability matrix: alength= 4 w= 9 nsites= 11187 E= 1337.0e-6
0.477608 0.000000 0.000089 0.522303
0.000268 0.972468 0.012783 0.014481
0.299007 0.116847 0.376845 0.207301
0.157089 0.332349 0.297977 0.212585
0.366306 0.090413 0.087101 0.456181
0.295235 0.079183 0.404335 0.221247
0.194350 0.537309 0.075964 0.192377
0.336401 0.169644 0.311406 0.182548
0.282289 0.299637 0.276567 0.141508

MOTIF M66 O66
letter-probability matrix: alength= 4 w= 9 nsites= 10767 E= 1337.0e-6
0.024519 0.316244 0.616978 0.042259
0.030027 0.362529 0.123465 0.483979
0.349273 0.105014 0.173057 0.372656
0.017018 0.712437 0.047092 0.223453
0.239544 0.260653 0.001442 0.498361
0.639569 0.346328 0.014103 0.000000
0.266874 0.203578 0.010708 0.518840
0.094253 0.416297 0.194059 0.295391
0.026544 0.800994 0.009510 0.162952

MOTIF M67 O67
letter-probability matrix: alength= 4 w= 9 nsites= 11130 E= 1337.0e-6
0.824618 0.000000 0.009254 0.166128
0.081743 0.009903 0.827602 0.080753
0.055939 0.751955 0.087681 0.104425
0.665123 0.067939 0.064915 0.202022
0.149182 0.194415 0.381276 0.275127
0.085726 0.385864 0.271728 0.256682
0.210975 0.224318 0.233146 0.331561
0.294165 0.224068 0.457152 0.024615
0.349427 0.266481 0.100485 0.283607

MOTIF M68 O68
letter-probability matrix: alength= 4 w= 9 nsites= 11133 E= 1337.0e-6
0.125213 0.301895 0.555017 0.017875
0.004005 0.001430 0.010202 0.984363
0.517943 0.246611 0.000000 0.235447
0.271114 0.611781 0.002028 0.115077
0.190038 0.348226 0.179778 0.281958
0.225358 0.094985 0.200391 0.479266
0.247296 0.518341 0.087078 0.147285
0.574175 0.162710 0.165489 0.097626
0.072384 0.160019 0.357344 0.410253

MOTIF M69 O69
letter-probability matrix: alength= 4 w= 9 nsites= 11154 E= 1337.0e-6
0.000000 1.000000 0.000000 0.000000
0.418863 0.000000 0.347499 0.233638
0.077033 0.581831 0.098825 0.242310
0.174729 0.242933 0.105178 0.477161
0.186326 0.192885 0.196838 0.423951
0.323204 0.257215 0.275735 0.143846
0.531714 0.115520 0.257310 0.095457
0.400108 0.112913 0.255294 0.231684
0.172733 0.345557 0.385677 0.096033

MOTIF M70 O70
letter-probability matrix: alength= 4 w= 9 nsites= 11186 E= 1337.0e-6
0.000000 0.698552 0.301091 0.000358
0.641127 0.000715 0.000179 0.357979
0.115181 0.405374 0.335334 0.144111
0.145070 0.309500 0.018730 0.526700
0.177971 0.437120 0.226732 0.158177
0.321899 0.093944 0.326473 0.257684
0.423052 0.142989 0.176541 0.257418
0.633278 0.000000 0.025691 0.341031
0.005148 0.547361 0.379633 0.067858

MOTIF M71 O71
letter-probability matrix: alength= 4 w= 9 nsites= 11047 E= 1337.0e-6
0.358378 0.203132 0.001177 0.437313
0.001451 0.012874 0.469991 0.515684
0.461017 0.139021 0.399963 0.000000
0.082645 0.627064 0.223860 0.066431
0.326784 0.010606 0.245283 0.417327
0.025629 0.375730 0.536655 0.061986
0.164261 0.030653 0.037388 0.767698
0.183130 0.204217 0.404472 0.208180
0.690117 0.242843 0.064883 0.002158

MOTIF M72 O72
letter-probability matrix: alength= 4 w= 9 nsites= 11150 E= 1337.0e-6
0.669507 0.026099 0.093184 0.211211
0.043141 0.655144 0.023556 0.278159
0.236276 0.294314 0.387607 0.081803
0.224478 0.111889 0.205979 0.457654
0.164370 0.058877 0.342724 0.434029
0.019305 0.536874 0.191216 0.252605
0.450831 0.305954 0.042101 0.201114
0.335322 0.003768 0.570905 0.090005
0.000000 0.014845 0.779769 0.205386

MOTIF M73 O73
letter-probability matrix: alength= 4 w= 9 nsites= 11122 E= 1337.0e-6
0.000000 0.963316 0.005215 0.031469
0.676813 0.063874 0.226422 0.032891
0.349589 0.180183 0.047763 0.422466
0.236995 0.272660 0.428624 0.061720
0.339823 0.385654 0.148579 0.125943
0.254771 0.123343 0.040989 0.580897
0.126812 0.386918 0.259725 0.226545
0.362404 0.257633 0.263389 0.116574
0.029011 0.198244 0.179001 0.593744

MOTIF M74 O74
letter-probability matrix: alength= 4 w= 9 nsites= 11000 E= 1337.0e-6
0.802000 0.051727 0.066000 0.080273
0.216545 0.132818 0.649727 0.000909
0.507963 0.129766 0.052871 0.309400
0.149672 0.288693 0.380371 0.181264
0.441962 0.199872 0.092642 0.265524
0.169679 0.062705 0.542442 0.225173
0.389498 0.133151 0.406484 0.070868
0.691372 0.020862 0.275872 0.011895
0.480308 0.002020 0.357661 0.160011

MOTIF M75 O75
letter-probability matrix: alength= 4 w= 9 nsites= 10234 E= 1337.0e-6
0.000000 0.368966 0.086183 0.544850
0.292078 0.025012 0.073543 0.609367
0.728905 0.070299 0.165187 0.035609
0.346066 0.230332 0.423395 0.000206
0.317643 0.093188 0.000106 0.589063
0.003903 0.485525 0.075247 0.435325
0.000000 0.445176 0.448231 0.106593
0.283007 0.194783 0.239080 0.283130
0.289346 0.223614 0.240233 0.246806

MOTIF M76 O76
letter-probability matrix: alength= 4 w= 9 nsites= 10361 E= 1337.0e-6
0.242062 0.260786 0.300454 0.196699
0.005708 0.031849 0.914726 0.047717
0.307829 0.431610 0.016100 0.244461
0.156883 0.078089 0.035960 0.729068
0.178761 0.100098 0.564798 0.156342
0.370036 0.337626 0.000000 0.292337
0.080826 0.310125 0.599824 0.009225
0.097185 0.000670 0.273012 0.629133
0.061332 0.836753 0.101687 0.000228

MOTIF M77 O77
letter-probability matrix: alength= 4 w= 9 nsites= 8313 E= 1337.0e-6
0.283772 0.134488 0.530976 0.050764
0.603633 0.215325 0.180200 0.000842
0.357082 0.114920 0.439429 0.088569
0.000000 0.291881 0.694190 0.013929
0.001799 0.711477 0.076468 0.210256
0.019293 0.378308 0.274801 0.327597
0.125082 0.149232 0.420265 0.305421
0.014510 0.485952 0.299565 0.199974
0.000000 0.323670 0.328965 0.347366

MOTIF M78 O78
letter-probability matrix: alength= 4 w= 9 nsites= 10623 E= 1337.0e-6
0.006401 0.095736 0.244375 0.653488
0.867175 0.032100 0.072202 0.028523
0.397901 0.228966 0.209680 0.163452
0.007924 0.152172 0.213747 0.626158
0.338602 0.201202 0.458257 0.001939
0.162506 0.180464 0.029600 0.627430
0.273392 0.503206 0.145762 0.077640
0.270210 0.076091 0.122979 0.530719
0.405577 0.252512 0.116157 0.225754

MOTIF M79 O79
letter-probability matrix: alength= 4 w= 9 nsites= 11035 E= 1337.0e-6
0.148527 0.261260 0.344993 0.245220
0.158024 0.026519 0.028154 0.787304
0.073173 0.263022 0.479584 0.184221
0.605062 0.150864 0.149257 0.094817
0.294232 0.171108 0.455334 0.079326
0.330361 0.046246 0.394338 0.229054
0.041906 0.000319 0.378111 0.579664
0.745926 0.000766 0.028984 0.224325
0.011192 0.717974 0.212655 0.058178

MOTIF M80 O80
letter-probability matrix: alength= 4 w= 9 nsites= 10993 E= 1337.0e-6
0.822069 0.116074 0.008642 0.053216
0.177488 0.020232 0.583594 0.218687
0.199282 0.000189 0.542946 0.257583
0.017167 0.311019 0.630766 0.041047
0.307662 0.008050 0.126770 0.557517
0.325800 0.255846 0.341160 0.077194
0.416568 0.447560 0.083825 0.052046
0.555058 0.069134 0.299712 0.076097
0.073885 0.188162 0.436913 0.301040

MOTIF M81 O81
letter-probability matrix: alength= 4 w= 9 nsites= 11187 E= 1337.0e-6
0.326003 0.214177 0.000000 0.459819
0.002058 0.000179 0.997495 0.000268
0.281009 0.491743 0.010052 0.217196
0.029724 0.441722 0.091155 0.437399
0.372877 0.065310 0.105823 0.455991
0.362831 0.195251 0.184658 0.257260
0.468327 0.243134 0.229403 0.059136
0.187724 0.379123 0.091886 0.341266
0.127495 0.274762 0.320276 0.277467

MOTIF M82 O82
letter-probability matrix: alength= 4 w= 9 nsites= 11138 E= 1337.0e-6
0.000000 0.917220 0.000000 0.082780
0.102977 0.070853 0.258257 0.567912
0.197440 0.489561 0.266975 0.046024
0.001186 0.509994 0.105412 0.383408
0.296981 0.221425 0.453065 0.028529
0.258724 0.153476 0.312043 0.275757
0.244029 0.440098 0.155257 0.160617
0.576707 0.274641 0.060851 0.087801
0.376645 0.126258 0.135062 0.362036

MOTIF M83 O83
letter-probability matrix: alength= 4 w= 9 nsites= 11166 E= 1337.0e-6
0.811840 0.005642 0.082124 0.100394
0.375515 0.180906 0.419309 0.024270
0.374070 0.282950 0.204820 0.138160
0.121595 0.424731 0.317742 0.135932
0.065249 0.239903 0.385927 0.308921
0.010335 0.339714 0.100656 0.549295
0.640917 0.123022 0.079227 0.156835
0.149748 0.362761 0.287527 0.199964
0.037642 0.669116 0.279002 0.014240

MOTIF M84 O84
letter-probability matrix: alength= 4 w= 9 nsites= 10451 E= 1337.0e-6
0.135107 0.288489 0.249833 0.326572
0.421299 0.386757 0.048895 0.143049
0.438731 0.477243 0.001641 0.082385
0.523609 0.394109 0.004363 0.077918
0.006764 0.000338 0.270883 0.722016
0.188290 0.783116 0.018090 0.010504
0.322171 0.584859 0.078827 0.014143
0.843823 0.083209 0.032003 0.040964
0.472610 0.228786 0.004941 0.293663

MOTIF M85 O85
letter-probability matrix: alength= 4 w= 9 nsites= 10550 E= 1337.0e-6
0.513365 0.228152 0.149573 0.108910
0.557624 0.236638 0.179062 0.026677
0.569363 0.008869 0.032392 0.389376
0.205591 0.604708 0.002648 0.187052
0.361765 0.240365 0.206795 0.191075
0.010902 0.375318 0.607430 0.006351
0.204295 0.035103 0.004906 0.755696
0.345309 0.453426 0.030384 0.170880
0.654885 0.105808 0.063260 0.176047

MOTIF M86 O86
letter-probability matrix: alength= 4 w= 9 nsites= 11104 E= 1337.0e-6
0.247929 0.163274 0.316463 0.272334
0.471272 0.112032 0.152918 0.263779
0.672316 0.002975 0.243036 0.081673
0.007242 0.135240 0.082104 0.775414
0.935177 0.022563 0.042260 0.000000
0.068895 0.424384 0.137043 0.369679
0.171973 0.220362 0.444498 0.163167
0.169555 0.203622 0.316300 0.310524
0.269120 0.209094 0.134709 0.387077

MOTIF M87 O87
letter-probability matrix: alength= 4 w= 9 nsites= 8930 E= 1337.0e-6
0.074916 0.008399 0.888242 0.028443
0.393487 0.517429 0.051929 0.037154
0.308051 0.147357 0.048208 0.496384
0.317246 0.390989 0.182248 0.109517
0.198118 0.140764 0.295097 0.366021
0.647428 0.037064 0.000000 0.315508
0.066766 0.201047 0.002805 0.729381
0.245828 0.667190 0.079128 0.007854
0.000000 0.578587 0.045683 0.375730

MOTIF M88 O88
letter-probability matrix: alength= 4 w= 9 nsites= 11187 E= 1337.0e-6
0.032270 0.778940 0.025744 0.163046
0.245567 0.219685 0.035554 0.499194
0.348177 0.378102 0.239315 0.034406
0.219342 0.148829 0.229658 0.402171
0.545014 0.092810 0.199264 0.162912
0.241469 0.427712 0.205729 0.125090
0.110166 0.209469 0.313750 0.366615
0.644111 0.008458 0.298499 0.048931
0.022877 0.006589 0.827599 0.142936

MOTIF M89 O89
letter-probability matrix: alength= 4 w= 9 nsites= 9582 E= 1337.0e-6
0.417241 0.272908 0.120434 0.189418
0.148716 0.207577 0.008662 0.635045
0.100454 0.157223 0.318139 0.424185
0.433860 0.013975 0.013975 0.538191
0.317050 0.212905 0.349474 0.120571
0.013824 0.001404 0.002052 0.982720
0.698430 0.233646 0.051352 0.016572
0.500604 0.133194 0.110794 0.255408
0.242782 0.195742 0.237878 0.323598

MOTIF M90 O90
letter-probability matrix: alength= 4 w= 9 nsites= 11175 E= 1337.0e-6
0.000000 0.000000 0.999016 0.000984
0.113160 0.498836 0.000269 0.387735
0.078384 0.280749 0.466631 0.174236
0.524834 0.153846 0.082033 0.239286
0.219482 0.312853 0.050767 0.416898
0.373666 0.104942 0.266661 0.254731
0.342726 0.035897 0.294535 0.326842
0.466140 0.187893 0.136698 0.209269
0.267622 0.104020 0.427348 0.201010

MOTIF M91 O91
letter-probability matrix: alength= 4 w= 9 nsites= 11161 E= 1337.0e-6
0.080190 0.034316 0.592151 0.293343
0.008608 0.423205 0.340088 0.228100
0.632430 0.018699 0.288166 0.060705
0.457371 0.065261 0.008089 0.469278
0.002302 0.409300 0.572468 0.015930
0.606770 0.084720 0.085002 0.223507
0.118272 0.225534 0.111058 0.545135
0.111089 0.355077 0.101451 0.432382
0.174584 0.302257 0.132324 0.390835

MOTIF M92 O92
letter-probability matrix: alength= 4 w= 9 nsites= 9823 E= 1337.0e-6
0.634837 0.001018 0.003665 0.360481
0.232312 0.275171 0.001222 0.491296
0.893617 0.005497 0.056907 0.043978
0.158576 0.002142 0.259841 0.579441
0.461318 0.044574 0.261092 0.233016
0.308990 0.049784 0.174141 0.467085
0.449783 0.160592 0.130772 0.258853
0.272129 0.234760 0.203340 0.289770
0.299420 0.438206 0.015303 0.247071

MOTIF M93 O93
letter-probability matrix: alength= 4 w= 9 nsites= 11122 E= 1337.0e-6
0.213541 0.041090 0.705808 0.039561
0.400223 0.032516 0.138053 0.429208
0.032273 0.591457 0.015431 0.360839
0.051255 0.282143 0.055033 0.611569
0.220920 0.149709 0.323845 0.305525
0.300070 0.069606 0.602423 0.027902
0.616351 0.036291 0.012164 0.335194
0.223436 0.300521 0.182338 0.293705
0.123713 0.505352 0.031392 0.339543

MOTIF M94 O94
letter-probability matrix: alength= 4 w= 9 nsites= 11115 E= 1337.0e-6
0.006118 0.660009 0.033018 0.300855
0.892569 0.105892 0.001267 0.000272
0.020833 0.118569 0.137772 0.722826
0.327235 0.083470 0.219734 0.369561
0.427684 0.198503 0.179967 0.193846
0.427942 0.004128 0.234657 0.333272
0.328193 0.171392 0.168529 0.331887
0.614903 0.224951 0.073209 0.086936
0.324530 0.188769 0.172848 0.313853

MOTIF M95 O95
letter-probability matrix: alength= 4 w= 9 nsites= 11111 E= 1337.0e-6
0.051211 0.505625 0.045000 0.398164
0.228278 0.092767 0.548110 0.130845
0.375783 0.072500 0.465933 0.085785
0.003066 0.167976 0.326754 0.502204
0.369711 0.249198 0.019453 0.361638
0.034602 0.295150 0.000000 0.670248
0.583542 0.216297 0.190739 0.009422
0.244402 0.126084 0.150192 0.479322
0.618786 0.052058 0.285860 0.043297

MOTIF M96 O96
letter-probability matrix: alength= 4 w= 9 nsites= 11184 E= 1337.0e-6
0.632064 0.004560 0.000000 0.363376
0.062062 0.509174 0.388919 0.039845
0.033964 0.694878 0.080921 0.190238
0.174967 0.100741 0.329215 0.395077
0.077565 0.246692 0.000479 0.675264
0.308190 0.231387 0.341399 0.119024
0.320510 0.319422 0.342860 0.017207
0.094014 0.504520 0.051728 0.349739
0.159177 0.357969 0.052820 0.430034

MOTIF M97 O97
letter-probability matrix: alength= 4 w= 9 nsites= 10655 E= 1337.0e-6
0.133646 0.351103 0.473862 0.041389
0.205350 0.042891 0.453402 0.298358
0.138730 0.174949 0.157055 0.529266
0.070838 0.266009 0.659980 0.003174
0.041264 0.554323 0.058557 0.345856
0.396541 0.061450 0.095180 0.446829
0.329603 0.226781 0.325252 0.118364
0.011147 0.861883 0.083536 0.043434
0.791337 0.013876 0.104785 0.090001

MOTIF M98 O98
letter-probability matrix: alength= 4 w= 9 nsites= 10529 E= 1337.0e-6
0.018900 0.066198 0.903979 0.010922
0.086759 0.045962 0.036046 0.831233
0.233153 0.177226 0.472885 0.116736
0.000219 0.242022 0.231275 0.526483
0.073681 0.367603 0.097555 0.461161
0.267581 0.172149 0.273277 0.286993
0.721921 0.168004 0.032916 0.077159
0.491513 0.030481 0.159096 0.318910
0.246681 0.060222 0.269249 0.423847

MOTIF M99 O99
letter-probability matrix: alength= 4 w= 9 nsites= 11170 E= 1337.0e-6
0.014593 0.978514 0.000000 0.006893
0.392495 0.000271 0.336890 0.270344
0.019250 0.665486 0.047308 0.267956
0.246456 0.146854 0.224312 0.382377
0.228827 0.222957 0.188670 0.359545
0.247109 0.064410 0.241467 0.447015
0.242726 0.087101 0.503933 0.166240
0.429596 0.058694 0.401778 0.109932
0.345919 0.157808 0.289283 0.206990

MOTIF M100 O100
letter-probability matrix: alength= 4 w= 9 nsites= 9348 E= 1337.0e-6
0.416453 0.003209 0.279418 0.300920
0.001712 0.986307 0.003423 0.008558
0.105574 0.370328 0.057883 0.466214
0.392084 0.000797 0.470580 0.136539
0.031840 0.221533 0.743389 0.003238
0.474942 0.102132 0.003803 0.419123
0.226479 0.121216 0.068585 0.583720
0.403803 0.142976 0.128540 0.324681
0.335681 0.197915 0.175095 0.291309

MOTIF M101 O101
letter-probability matrix: alength= 4 w= 9 nsites= 11075 E= 1337.0e-6
0.000181 0.783476 0.216343 0.000000
0.202394 0.404972 0.005893 0.386740
0.293487 0.267027 0.251933 0.187552
0.003387 0.358299 0.601807 0.036507
0.243031 0.077470 0.121752 0.557747
0.428327 0.081994 0.147246 0.342433
0.105597 0.243256 0.330517 0.320630
0.672020 0.062678 0.247772 0.017530
0.515986 0.017314 0.116085 0.350615

MOTIF M102 O102
letter-probability matrix: alength= 4 w= 9 nsites= 9396 E= 1337.0e-6
0.520860 0.339825 0.112495 0.026820
0.750262 0.094535 0.057139 0.098065
0.000945 0.666397 0.007563 0.325095
0.105417 0.537403 0.004471 0.352709
0.487618 0.028988 0.349587 0.133807
0.015273 0.413942 0.398668 0.172117
0.227552 0.069574 0.024381 0.678494
0.210002 0.031879 0.025503 0.732616
0.002626 0.340335 0.039386 0.617653

MOTIF M103 O103
letter-probability matrix: alength= 4 w= 9 nsites= 11038 E= 1337.0e-6
0.260554 0.490850 0.004892 0.243704
0.648816 0.003461 0.234973 0.112750
0.542636 0.169083 0.000638 0.287642
0.265934 0.006410 0.430678 0.296978
0.483312 0.400424 0.116264 0.000000
0.365804 0.299471 0.251322 0.083403
0.486644 0.263544 0.219338 0.030474
0.158606 0.591299 0.008663 0.241432
0.014160 0.352051 0.096875 0.536914

MOTIF M104 O104
letter-probability matrix: alength= 4 w= 9 nsites= 11138 E= 1337.0e-6
0.291435 0.536003 0.000000 0.172562
0.579907 0.065811 0.127671 0.226612
0.443256 0.072334 0.222841 0.261569
0.368994 0.118139 0.081429 0.431438
0.537864 0.008485 0.160664 0.292987
0.158745 0.069303 0.396589 0.375363
0.142397 0.137154 0.479073 0.241376
0.024835 0.511673 0.454376 0.009115
0.014097 0.752877 0.015919 0.217108

MOTIF M105 O105
letter-probability matrix: alength= 4 w= 9 nsites= 11059 E= 1337.0e-6
0.001989 0.338548 0.146577 0.512885
0.319147 0.678453 0.002123 0.000277
0.974803 0.002822 0.000000 0.022375
0.119856 0.279113 0.441155 0.159876
0.223519 0.639070 0.000107 0.137303
0.549978 0.343653 0.063246 0.043123
0.360565 0.289831 0.121921 0.227684
0.364838 0.164096 0.107735 0.363331
0.245678 0.211098 0.346612 0.196612

MOTIF M106 O106
letter-probability matrix: alength= 4 w= 9 nsites= 11142 E= 1337.0e-6
0.128792 0.505385 0.020822 0.345001
0.287192 0.560142 0.000000 0.152667
0.142007 0.210781 0.212175 0.435037
0.536263 0.412481 0.011057 0.040199
0.007992 0.342769 0.647699 0.001541
0.017255 0.098922 0.316275 0.567549
0.394323 0.306275 0.240737 0.058665
0.524885 0.143817 0.109822 0.221476
0.167379 0.100573 0.449922 0.282126

MOTIF M107 O107
letter-probability matrix: alength= 4 w= 9 nsites= 10575 E= 1337.0e-6
0.000000 0.152813 0.056454 0.790733
0.149818 0.194400 0.429034 0.226749
0.293091 0.000106 0.194294 0.512509
0.031880 0.360416 0.434580 0.173124
0.698730 0.091044 0.089100 0.121125
0.132578 0.019507 0.672585 0.175330
0.870029 0.000719 0.019526 0.109727
0.630736 0.196043 0.061423 0.111799
0.205198 0.171247 0.218132 0.405422

MOTIF M108 O108
letter-probability matrix: alength= 4 w= 9 nsites= 10672 E= 1337.0e-6
0.512931 0.151143 0.099794 0.236132
0.527783 0.005060 0.037044 0.430113
0.000597 0.748533 0.142786 0.108084
0.071010 0.418620 0.121055 0.389315
0.567738 0.027500 0.240119 0.164643
0.040682 0.139708 0.817661 0.001949
0.492831 0.040519 0.009101 0.457549
0.294140 0.107165 0.105659 0.493036
0.209108 0.451187 0.118794 0.220911

MOTIF M109 O109
letter-probability matrix: alength= 4 w= 9 nsites= 10949 E= 1337.0e-6
0.003288 0.076263 0.014248 0.906201
0.362960 0.041465 0.289234 0.306341
0.292848 0.475596 0.073118 0.158438
0.313107 0.007308 0.247139 0.432445
0.174069 0.016389 0.358320 0.451222
0.090082 0.350934 0.500742 0.058242
0.000916 0.078856 0.558201 0.362027
0.261828 0.389585 0.185112 0.163474
0.072388 0.520682 0.041365 0.365565

MOTIF M110 O110
letter-probability matrix: alength= 4 w= 9 nsites= 11034 E= 1337.0e-6
0.017582 0.020754 0.925140 0.036523
0.637407 0.097751 0.000094 0.264747
0.249713 0.352051 0.070429 0.327808
0.179719 0.316151 0.221117 0.283013
0.253682 0.237100 0.191266 0.317952
0.257929 0.123731 0.442479 0.175861
0.252226 0.088953 0.326972 0.331849
0.029380 0.848149 0.056177 0.066294
0.003553 0.468747 0.062285 0.465416

MOTIF M111 O111
letter-probability matrix: alength= 4 w= 9 nsites= 11187 E= 1337.0e-6
0.067221 0.000000 0.853312 0.079467
0.017359 0.933071 0.000000 0.049571
0.388964 0.133225 0.212530 0.265280
0.116649 0.404207 0.210455 0.268689
0.197775 0.308744 0.072946 0.420534
0.315158 0.291606 0.185392 0.207845
0.357675 0.192587 0.199853 0.249885
0.603017 0.000093 0.291466 0.105424
0.336275 0.292058 0.165815 0.205852

MOTIF M112 O112
letter-probability matrix: alength= 4 w= 9 nsites= 10706 E= 1337.0e-6
0.522698 0.078647 0.148702 0.249953
0.152824 0.188046 0.507083 0.152047
0.110361 0.369732 0.380442 0.139464
0.229338 0.002272 0.036779 0.731610
0.209897 0.026090 0.011783 0.752230
0.076132 0.913580 0.005986 0.004302
0.011185 0.381939 0.095485 0.511392
0.387595 0.299323 0.268417 0.044666
0.002612 0.018067 0.683283 0.296038

MOTIF M113 O113
letter-probability matrix: alength= 4 w= 9 nsites= 11186 E= 1337.0e-6
0.066601 0.000179 0.929823 0.003397
0.247426 0.699669 0.007161 0.045743
0.429919 0.181761 0.221653 0.166667
0.277878 0.061259 0.184139 0.476723
0.101310 0.307385 0.040105 0.551200
0.176956 0.253463 0.359417 0.210164
0.215985 0.249263 0.125277 0.409476
0.246027 0.190073 0.433033 0.130867
0.366985 0.183446 0.425572 0.023997

MOTIF M114 O114
letter-probability matrix: alength= 4 w= 9 nsites= 6017 E= 1337.0e-6
0.482300 0.134120 0.018282 0.365298
0.197882 0.037851 0.002550 0.761718
0.663850 0.093239 0.000000 0.242912
0.436385 0.062452 0.034523 0.466641
0.041336 0.050104 0.356576 0.551983
0.551948 0.134865 0.211788 0.101399
0.103594 0.038584 0.000000 0.857822
0.000000 0.848551 0.151449 0.000000
0.515819 0.236158 0.148023 0.100000

MOTIF M115 O115
letter-probability matrix: alength= 4 w= 9 nsites= 11034 E= 1337.0e-6
0.163223 0.596339 0.093257 0.147181
0.437027 0.061681 0.112188 0.389104
0.164308 0.158109 0.669350 0.008234
0.807825 0.000467 0.092259 0.099449
0.350652 0.300947 0.315765 0.032636
0.167823 0.135513 0.017390 0.679274
0.099279 0.435600 0.049006 0.416115
0.153762 0.204390 0.000198 0.641649
0.259356 0.218331 0.148489 0.373824

MOTIF M116 O116
letter-probability matrix: alength= 4 w= 9 nsites= 11187 E= 1337.0e-6
0.165907 0.000447 0.735228 0.098418
0.004387 0.986570 0.005462 0.003581
0.419790 0.004925 0.270041 0.305244
0.098623 0.499082 0.075390 0.326905
0.197836 0.237065 0.204327 0.360771
0.320137 0.265641 0.124466 0.289756
0.223401 0.205430 0.283434 0.287735
0.449043 0.103848 0.219203 0.227906
0.118910 0.257639 0.419604 0.203847

MOTIF M117 O117
letter-probability matrix: alength= 4 w= 9 nsites= 10472 E= 1337.0e-6
0.253533 0.364209 0.252292 0.129966
0.404603 0.037815 0.000000 0.557582
0.197172 0.568912 0.088907 0.145010
0.000000 0.603224 0.268851 0.127925
0.167896 0.119866 0.489350 0.222887
0.746305 0.000000 0.000000 0.253695
0.005061 0.233550 0.168908 0.592480
0.065062 0.039958 0.034908 0.860071
0.171938 0.131165 0.354969 0.341928

MOTIF M118 O118
letter-probability matrix: alength= 4 w= 9 nsites= 10460 E= 1337.0e-6
0.015010 0.460421 0.522945 0.001625
0.056979 0.181262 0.014340 0.747419
0.277303 0.351617 0.371080 0.000000
0.000000 0.052885 0.070346 0.876769
0.000000 0.425962 0.175222 0.398816
0.047589 0.302193 0.324540 0.325678
0.381300 0.404226 0.083465 0.131009
0.401138 0.154656 0.078939 0.365267
0.267814 0.068316 0.407169 0.256701

MOTIF M119 O119
letter-probability matrix: alength= 4 w= 9 nsites= 10931 E= 1337.0e-6
0.404355 0.026073 0.003842 0.565730
0.098402 0.838051 0.000193 0.063355
0.104629 0.432447 0.010264 0.452660
0.525250 0.064758 0.194057 0.215934
0.080013 0.082005 0.522687 0.315294
0.487680 0.240831 0.016237 0.255252
0.052110 0.612520 0.014526 0.320844
0.265031 0.362945 0.046994 0.325031
0.290752 0.037676 0.558290 0.113282

MOTIF M120 O120
letter-probability matrix: alength= 4 w= 9 nsites= 10467 E= 1337.0e-6
0.494315 0.015764 0.473584 0.016337
0.042821 0.013176 0.927340 0.016663
0.234897 0.155387 0.117708 0.492007
0.218385 0.146948 0.280811 0.353856
0.322335 0.205915 0.140587 0.331163
0.368528 0.151933 0.265883 0.213656
0.371552 0.098649 0.214780 0.315019
0.444649 0.009541 0.223589 0.322221
0.012350 0.969009 0.018525 0.000117

MOTIF M121 O121
letter-probability matrix: alength= 4 w= 9 nsites= 11103 E= 1337.0e-6
0.000721 0.876700 0.120958 0.001621
0.438371 0.342262 0.031222 0.188145
0.050263 0.590365 0.292415 0.066957
0.560746 0.102020 0.257062 0.080172
0.055098 0.260022 0.348710 0.336171
0.721369 0.020421 0.063932 0.194278
0.241373 0.277365 0.242857 0.238404
0.523921 0.050851 0.219194 0.206034
0.377827 0.400248 0.178800 0.043126

MOTIF M122 O122
letter-probability matrix: alength= 4 w= 9 nsites= 11127 E= 1337.0e-6
0.044936 0.000000 0.954255 0.000809
0.184136 0.157544 0.472905 0.185415
0.085426 0.328824 0.204484 0.381266
0.391608 0.128426 0.084767 0.395199
0.306769 0.182813 0.218531 0.291887
0.304285 0.204440 0.200659 0.290617
0.251760 0.383653 0.322155 0.042433
0.340968 0.240406 0.226140 0.192485
0.001133 0.997219 0.000000 0.001648

MOTIF M123 O123
letter-probability matrix: alength= 4 w= 9 nsites= 9824 E= 1337.0e-6
0.113599 0.187500 0.000305 0.698595
0.655754 0.281145 0.062237 0.000864
0.001564 0.306902 0.084432 0.607103
0.675955 0.001491 0.305011 0.017544
0.005667 0.037007 0.541691 0.415635
0.631944 0.043603 0.104886 0.219568
0.321520 0.221872 0.196019 0.260590
0.056137 0.283746 0.304797 0.355320
0.510322 0.047453 0.309517 0.132708

MOTIF M124 O124
letter-probability matrix: alength= 4 w= 9 nsites= 10992 E= 1337.0e-6
0.646561 0.088701 0.000000 0.264738
0.216714 0.000182 0.038185 0.744919
0.224211 0.372981 0.110958 0.291850
0.331395 0.111050 0.059171 0.498385
0.305556 0.033611 0.582315 0.078519
0.237909 0.266052 0.000000 0.496040
0.433217 0.003196 0.165147 0.398440
0.078461 0.504094 0.141211 0.276233
0.363717 0.136580 0.042854 0.456849

MOTIF M125 O125
letter-probability matrix: alength= 4 w= 9 nsites= 7683 E= 1337.0e-6
0.367955 0.097488 0.281010 0.253547
0.197709 0.156449 0.612261 0.033581
0.471412 0.101533 0.054229 0.372826
0.000000 0.000000 1.000000 0.000000
0.147671 0.346829 0.209689 0.295811
0.679362 0.211529 0.000257 0.108852
0.392886 0.002389 0.495885 0.108840
0.455570 0.058255 0.480268 0.005906
0.000270 0.010523 0.942526 0.046681

MOTIF M126 O126
letter-probability matrix: alength= 4 w= 9 nsites= 11167 E= 1337.0e-6
0.000090 0.000000 0.999731 0.000179
0.119871 0.148629 0.000000 0.731500
0.156155 0.326644 0.441498 0.075703
0.304659 0.266935 0.129301 0.299104
0.203423 0.327628 0.122771 0.346178
0.268734 0.362137 0.206974 0.162155
0.341260 0.398690 0.172111 0.087940
0.571403 0.043381 0.154212 0.231004
0.370050 0.100972 0.479752 0.049226

MOTIF M127 O127
letter-probability matrix: alength= 4 w= 9 nsites= 11187 E= 1337.0e-6
0.882632 0.000000 0.000000 0.117368
0.002056 0.967549 0.029680 0.000715
0.265834 0.192166 0.073219 0.468781
0.021806 0.461164 0.220941 0.296089
0.270718 0.320932 0.121350 0.287001
0.280984 0.224915 0.207262 0.286838
0.269729 0.205237 0.181994 0.343041
0.528545 0.046339 0.287396 0.137720
0.076040 0.341855 0.250140 0.331965

MOTIF M128 O128
letter-probability matrix: alength= 4 w= 9 nsites= 11001 E= 1337.0e-6
0.087810 0.290246 0.170166 0.451777
0.230825 0.310986 0.205138 0.253052
0.773293 0.046769 0.178931 0.001007
0.601158 0.000184 0.033275 0.365383
0.001111 0.077386 0.674813 0.246691
0.030002 0.304278 0.244653 0.421068
0.761380 0.112876 0.006043 0.119700
0.254274 0.061073 0.441051 0.243601
0.446463 0.156849 0.231410 0.165278

MOTIF M129 O129
letter-probability matrix: alength= 4 w= 9 nsites= 10763 E= 1337.0e-6
0.322587 0.209421 0.401189 0.066803
0.075844 0.000597 0.728078 0.195481
0.158962 0.051378 0.733562 0.056098
0.174700 0.135890 0.551822 0.137588
0.173609 0.522369 0.234128 0.069894
0.167192 0.502587 0.172618 0.157603
0.425110 0.069448 0.120627 0.384815
0.143437 0.594053 0.226094 0.036416
0.246957 0.139398 0.608696 0.004950

MOTIF M130 O130
letter-probability matrix: alength= 4 w= 9 nsites= 10327 E= 1337.0e-6
0.231820 0.360705 0.294180 0.113295
0.184468 0.417449 0.277041 0.121042
0.389271 0.251089 0.262419 0.097221
0.241767 0.100833 0.636769 0.020632
0.000581 0.788219 0.111703 0.099496
0.099379 0.666537 0.003009 0.231075
0.222342 0.178557 0.417416 0.181685
0.283664 0.325044 0.391292 0.000000
0.318912 0.406426 0.046319 0.228343

MOTIF M131 O131
letter-probability matrix: alength= 4 w= 9 nsites= 8129 E= 1337.0e-6
0.073564 0.429942 0.200025 0.296469
0.436585 0.000000 0.049084 0.514331
0.227509 0.170048 0.134854 0.467588
0.301434 0.089961 0.362451 0.246154
0.410478 0.190116 0.399406 0.000000
0.725744 0.001103 0.174201 0.098953
0.049417 0.218490 0.000000 0.732093
0.000000 0.006318 0.914130 0.079552
0.093936 0.109691 0.796373 0.000000

MOTIF M132 O132
letter-probability matrix: alength= 4 w= 9 nsites= 11183 E= 1337.0e-6
0.809264 0.000000 0.020209 0.170527
0.146562 0.665117 0.149781 0.038541
0.280208 0.044470 0.594915 0.080406
0.084113 0.576466 0.042101 0.297319
0.217006 0.291995 0.235007 0.255993
0.358369 0.186359 0.260739 0.194533
0.126538 0.210320 0.485824 0.177318
0.304531 0.340305 0.179692 0.175472
0.032094 0.523215 0.151036 0.293655

MOTIF M133 O133
letter-probability matrix: alength= 4 w= 9 nsites= 7936 E= 1337.0e-6
0.119204 0.083795 0.110383 0.686618
0.294876 0.156630 0.005211 0.543283
0.237444 0.330325 0.213423 0.218809
0.199091 0.159242 0.017121 0.624545
0.868950 0.000000 0.123288 0.007763
0.060991 0.168297 0.165546 0.605167
0.753500 0.056159 0.072047 0.118295
0.738322 0.084525 0.141405 0.035748
0.000326 0.344209 0.196900 0.458564

MOTIF M134 O134
letter-probability matrix: alength= 4 w= 9 nsites= 11096 E= 1337.0e-6
0.141042 0.006218 0.130497 0.722242
0.000825 0.640356 0.071599 0.287220
0.521271 0.066998 0.195277 0.216454
0.094802 0.553061 0.170361 0.181775
0.081273 0.211041 0.282825 0.424861
0.286420 0.072597 0.446327 0.194657
0.254209 0.130384 0.201644 0.413763
0.002694 0.411236 0.014869 0.571200
0.149451 0.243392 0.603904 0.003253

MOTIF M135 O135
letter-probability matrix: alength= 4 w= 9 nsites= 8299 E= 1337.0e-6
0.103868 0.027353 0.534763 0.334016
0.044757 0.912351 0.000000 0.042892
0.042465 0.387177 0.166028 0.404330
0.421043 0.000534 0.578067 0.000356
0.186791 0.023070 0.765023 0.025116
0.641762 0.158238 0.059195 0.140805
0.687269 0.004276 0.115841 0.192614
0.354613 0.329798 0.259756 0.055834
0.222938 0.418242 0.192603 0.166216

MOTIF M136 O136
letter-probability matrix: alength= 4 w= 9 nsites= 11004 E= 1337.0e-6
0.172755 0.737913 0.000818 0.088513
0.243818 0.474861 0.029565 0.251757
0.650884 0.015020 0.215679 0.118417
0.158093 0.115543 0.056855 0.669509
0.469495 0.067912 0.417226 0.045367
0.000000 0.241915 0.446313 0.311772
0.277903 0.324892 0.180079 0.217126
0.013390 0.566477 0.141500 0.278632
0.306276 0.491425 0.012083 0.190216

MOTIF M137 O137
letter-probability matrix: alength= 4 w= 9 nsites= 11105 E= 1337.0e-6
0.437821 0.330662 0.104367 0.127150
0.551311 0.411028 0.003784 0.033877
0.150961 0.554301 0.173167 0.121571
0.541162 0.016546 0.223366 0.218927
0.129885 0.090806 0.207014 0.572295
0.462784 0.000000 0.536578 0.000639
0.055634 0.327092 0.601039 0.016236
0.851642 0.069907 0.002108 0.076343
0.140483 0.363953 0.235261 0.260303

MOTIF M138 O138
letter-probability matrix: alength= 4 w= 9 nsites= 10760 E= 1337.0e-6
0.435037 0.000465 0.290706 0.273792
0.569979 0.000967 0.134641 0.294413
0.585381 0.002538 0.001827 0.410254
0.000000 0.622469 0.369237 0.008294
0.180559 0.462697 0.000000 0.356744
0.231394 0.180317 0.363988 0.224300
0.253563 0.024469 0.721834 0.000134
0.231817 0.177744 0.029147 0.561291
0.217958 0.128307 0.175326 0.478410

MOTIF M139 O139
letter-probability matrix: alength= 4 w= 9 nsites= 3777 E= 1337.0e-6
0.667461 0.029388 0.299709 0.003442
0.000361 0.000000 0.000000 0.999639
0.000000 0.002070 0.886818 0.111111
0.765673 0.078109 0.000000 0.156218
0.037895 0.461053 0.400000 0.101053
0.088235 0.000000 0.088235 0.823529
0.127880 0.865207 0.006912 0.000000
0.936170 0.000000 0.018913 0.044917
0.081560 0.297872 0.223404 0.397163

MOTIF M140 O140
letter-probability matrix: alength= 4 w= 9 nsites= 10583 E= 1337.0e-6
0.365208 0.000000 0.345554 0.289237
0.018267 0.102394 0.602057 0.277281
0.211355 0.068556 0.036563 0.683526
0.026912 0.196771 0.569196 0.207121
0.209706 0.016212 0.311822 0.462259
0.311852 0.143636 0.539062 0.005450
0.020956 0.015153 0.382375 0.581515
0.014328 0.000109 0.604038 0.381526
0.530887 0.169770 0.020482 0.278861

MOTIF M141 O141
letter-probability matrix: alength= 4 w= 9 nsites= 11177 E= 1337.0e-6
0.009663 0.677373 0.001074 0.311890
0.437653 0.048951 0.354918 0.158478
0.209112 0.048565 0.441276 0.301048
0.150757 0.231637 0.405410 0.212196
0.310761 0.207573 0.060254 0.421411
0.030931 0.238900 0.066041 0.664128
0.273244 0.013553 0.079613 0.633589
0.132920 0.127863 0.475191 0.264027
0.583600 0.000290 0.411560 0.004550

MOTIF M142 O142
letter-probability matrix: alength= 4 w= 9 nsites= 11094 E= 1337.0e-6
0.000090 0.025870 0.922120 0.051920
0.295795 0.168829 0.209771 0.325605
0.026355 0.586159 0.302525 0.084961
0.277323 0.232342 0.096840 0.393494
0.412688 0.108661 0.211249 0.267402
0.510334 0.011690 0.175629 0.302347
0.048596 0.383895 0.216573 0.350936
0.006511 0.129376 0.391903 0.472209
0.588106 0.138541 0.000287 0.273066

MOTIF M143 O143
letter-probability matrix: alength= 4 w= 9 nsites= 10424 E= 1337.0e-6
0.247985 0.061972 0.438987 0.251055
0.209415 0.540636 0.190304 0.059646
0.195880 0.244754 0.438332 0.121034
0.000134 0.481516 0.394321 0.124029
0.127997 0.614889 0.156736 0.100379
0.190823 0.001782 0.739085 0.068310
0.122276 0.519068 0.357597 0.001059
0.031337 0.543841 0.075486 0.349336
0.000315 0.532557 0.123466 0.343662

MOTIF M144 O144
letter-probability matrix: alength= 4 w= 9 nsites= 7649 E= 1337.0e-6
0.181592 0.262649 0.365930 0.189829
0.385018 0.218198 0.021702 0.375082
0.276982 0.001458 0.717979 0.003580
0.050386 0.193830 0.356984 0.398800
0.453193 0.001026 0.461400 0.084381
0.000000 0.003817 0.996183 0.000000
0.035333 0.010682 0.953985 0.000000
0.132284 0.231391 0.439387 0.196937
0.177327 0.131451 0.583591 0.107631

MOTIF M145 O145
letter-probability matrix: alength= 4 w= 9 nsites= 11014 E= 1337.0e-6
0.156074 0.209824 0.454331 0.179771
0.336662 0.152261 0.328400 0.182677
0.372569 0.169696 0.216870 0.240865
0.209655 0.094190 0.453496 0.242658
0.140891 0.073453 0.325709 0.459947
0.001644 0.238169 0.131007 0.629180
0.003579 0.146751 0.063234 0.786435
0.007359 0.001025 0.875082 0.116535
0.204297 0.351772 0.402186 0.041745

MOTIF M146 O146
letter-probability matrix: alength= 4 w= 9 nsites= 11022 E= 1337.0e-6
0.032390 0.285066 0.005444 0.677100
0.307785 0.358974 0.273350 0.059891
0.238937 0.030250 0.380378 0.350434
0.228015 0.118983 0.515089 0.137912
0.486167 0.301148 0.008967 0.203718
0.184412 0.055512 0.263573 0.496503
0.523023 0.017649 0.376061 0.083267
0.400574 0.057176 0.319747 0.222503
0.013017 0.983496 0.002325 0.001162

MOTIF M147 O147
letter-probability matrix: alength= 4 w= 9 nsites= 11160 E= 1337.0e-6
0.000000 0.999821 0.000000 0.000179
0.404858 0.000000 0.208389 0.386753
0.042134 0.576244 0.062394 0.319229
0.170089 0.149467 0.283511 0.396934
0.162795 0.360122 0.076240 0.400843
0.194831 0.321547 0.189357 0.294265
0.597247 0.042101 0.234167 0.126484
0.223314 0.185719 0.402813 0.188154
0.271344 0.209658 0.341777 0.177221

MOTIF M148 O148
letter-probability matrix: alength= 4 w= 9 nsites= 10874 E= 1337.0e-6
0.180154 0.000000 0.178591 0.641254
0.204866 0.031091 0.753335 0.010708
0.561036 0.023608 0.022265 0.393090
0.003681 0.582817 0.158659 0.254843
0.180879 0.161316 0.655899 0.001906
0.471558 0.237611 0.059326 0.231505
0.202628 0.317697 0.116814 0.362862
0.304041 0.166199 0.441674 0.088086
0.228917 0.206099 0.369190 0.195794

MOTIF M149 O149
letter-probability matrix: alength= 4 w= 9 nsites= 11144 E= 1337.0e-6
0.000269 0.999282 0.000449 0.000000
0.650162 0.009166 0.018871 0.321801
0.065798 0.714427 0.183011 0.036764
0.182865 0.206983 0.017279 0.592873
0.340928 0.147411 0.208735 0.302927
0.263300 0.205951 0.328404 0.202344
0.455687 0.104707 0.308158 0.131448
0.450973 0.133001 0.244364 0.171661
0.184745 0.295226 0.212639 0.307390

MOTIF M150 O150
letter-probability matrix: alength= 4 w= 9 nsites= 10893 E= 1337.0e-6
0.761590 0.027908 0.000643 0.209860
0.152134 0.173473 0.436718 0.237675
0.575169 0.234897 0.000000 0.189934
0.056796 0.192162 0.014639 0.736403
0.268586 0.025620 0.000186 0.705608
0.427555 0.084332 0.277611 0.210502
0.181861 0.155827 0.270019 0.392293
0.406350 0.006521 0.244850 0.342279
0.170990 0.307839 0.309174 0.211997

MOTIF M151 O151
letter-probability matrix: alength= 4 w= 9 nsites= 10829 E= 1337.0e-6
0.109151 0.578262 0.000000 0.312587
0.628782 0.092029 0.137801 0.141389
0.290140 0.064887 0.353956 0.291017
0.439309 0.025709 0.117849 0.417133
0.430388 0.070499 0.000000 0.499113
0.347381 0.443892 0.131498 0.077229
0.017102 0.137532 0.014132 0.831234
0.510056 0.026436 0.180593 0.282915
0.195025 0.050794 0.285431 0.468750

MOTIF M152 O152
letter-probability matrix: alength= 4 w= 9 nsites= 10541 E= 1337.0e-6
0.362110 0.000000 0.232521 0.405370
0.118261 0.873125 0.000304 0.008310
0.123350 0.459198 0.179806 0.237646
0.379681 0.005368 0.226278 0.388673
0.141454 0.062202 0.742464 0.053881
0.374309 0.076657 0.000967 0.548066
0.444166 0.078071 0.080162 0.397602
0.133618 0.024023 0.131912 0.710448
0.486125 0.010865 0.261782 0.241227

MOTIF M153 O153
letter-probability matrix: alength= 4 w= 9 nsites= 10979 E= 1337.0e-6
0.281811 0.498133 0.215776 0.004281
0.206303 0.469259 0.000546 0.323891
0.317399 0.092030 0.365014 0.225558
0.394702 0.124987 0.429953 0.050358
0.412097 0.000000 0.518775 0.069127
0.020945 0.016559 0.961948 0.000548
0.223820 0.456288 0.047803 0.272090
0.089979 0.183286 0.244299 0.482436
0.449733 0.419142 0.047347 0.083778

MOTIF M154 O154
letter-probability matrix: alength= 4 w= 9 nsites= 9930 E= 1337.0e-6
0.257503 0.350554 0.022054 0.369889
0.285096 0.320342 0.000101 0.394461
0.467271 0.321349 0.145821 0.065559
0.012792 0.161664 0.012087 0.813457
0.772930 0.013970 0.000405 0.212695
0.252562 0.235211 0.042111 0.470117
0.282429 0.000000 0.521860 0.195710
0.185401 0.070708 0.366226 0.377665
0.381064 0.061734 0.299819 0.257384

MOTIF M155 O155
letter-probability matrix: alength= 4 w= 9 nsites= 11086 E= 1337.0e-6
0.348277 0.140628 0.262944 0.248151
0.137189 0.194117 0.209642 0.459052
0.404699 0.090994 0.504306 0.000000
0.063564 0.330108 0.523704 0.082624
0.725113 0.000210 0.001682 0.272995
0.055093 0.913952 0.030847 0.000108
0.039611 0.476637 0.036883 0.446869
0.270373 0.325847 0.152430 0.251350
0.439702 0.383995 0.176303 0.000000

MOTIF M156 O156
letter-probability matrix: alength= 4 w= 9 nsites= 9915 E= 1337.0e-6
0.724760 0.000202 0.112960 0.162078
0.036088 0.897127 0.059214 0.007570
0.219684 0.440422 0.017106 0.322789
0.210086 0.000492 0.637638 0.151784
0.072904 0.003274 0.844372 0.079451
0.127608 0.215684 0.173320 0.483389
0.224928 0.241643 0.146354 0.387076
0.075024 0.176114 0.202593 0.546269
0.430538 0.084007 0.267064 0.218391

MOTIF M157 O157
letter-probability matrix: alength= 4 w= 9 nsites= 11104 E= 1337.0e-6
0.000630 0.001261 0.997749 0.000360
0.502085 0.009066 0.004261 0.484587
0.213761 0.313879 0.147045 0.325315
0.223761 0.152241 0.255466 0.368531
0.344207 0.269371 0.151133 0.235289
0.357149 0.187048 0.230100 0.225703
0.171182 0.499219 0.129029 0.200569
0.390589 0.074327 0.386059 0.149025
0.450353 0.023478 0.512064 0.014105

MOTIF M158 O158
letter-probability matrix: alength= 4 w= 9 nsites= 11180 E= 1337.0e-6
0.000626 0.000179 0.998211 0.000984
0.073040 0.390082 0.011368 0.525510
0.117589 0.343812 0.223178 0.315422
0.362716 0.203619 0.116098 0.317567
0.188010 0.126535 0.181378 0.504077
0.401237 0.316327 0.165516 0.116919
0.318100 0.168702 0.363261 0.149937
0.363669 0.154262 0.147324 0.334745
0.048488 0.736675 0.080450 0.134387

MOTIF M159 O159
letter-probability matrix: alength= 4 w= 9 nsites= 11161 E= 1337.0e-6
0.000090 0.047039 0.948929 0.003942
0.414343 0.188188 0.018800 0.378668
0.214121 0.193051 0.153313 0.439516
0.258428 0.221736 0.305550 0.214286
0.501127 0.291588 0.142321 0.064964
0.287766 0.382333 0.089466 0.240435
0.551257 0.123536 0.074486 0.250720
0.000098 0.491839 0.179064 0.329000
0.015425 0.693931 0.000304 0.290339

MOTIF M160 O160
letter-probability matrix: alength= 4 w= 9 nsites= 10861 E= 1337.0e-6
0.002762 0.019059 0.138109 0.840070
0.814551 0.114041 0.016938 0.054470
0.608370 0.098302 0.083794 0.209534
0.333468 0.222885 0.394825 0.048822
0.073860 0.263887 0.322644 0.339609
0.452468 0.181438 0.008798 0.357296
0.170804 0.395123 0.190776 0.243297
0.672975 0.102096 0.024929 0.200000
0.095549 0.468112 0.334939 0.101399

MOTIF M161 O161
letter-probability matrix: alength= 4 w= 9 nsites= 11177 E= 1337.0e-6
0.991590 0.000089 0.001163 0.007158
0.000089 0.676807 0.038654 0.284449
0.389242 0.060421 0.171313 0.379023
0.150830 0.437147 0.243338 0.168686
0.163008 0.254678 0.122706 0.459608
0.321107 0.143295 0.473955 0.061644
0.299639 0.126805 0.108394 0.465162
0.432989 0.118426 0.425462 0.023123
0.315357 0.103477 0.263345 0.317821

MOTIF M162 O162
letter-probability matrix: alength= 4 w= 9 nsites= 11063 E= 1337.0e-6
0.000090 0.833047 0.165145 0.001717
0.052243 0.730762 0.144329 0.072666
0.040221 0.542752 0.191164 0.225863
0.372360 0.035754 0.285661 0.306225
0.303202 0.042877 0.501995 0.151926
0.271484 0.294736 0.134301 0.299479
0.181878 0.261350 0.329776 0.226996
0.106216 0.295528 0.205420 0.392837
0.055789 0.524377 0.244553 0.175281

MOTIF M163 O163
letter-probability matrix: alength= 4 w= 9 nsites= 11177 E= 1337.0e-6
0.001342 0.823387 0.003758 0.171513
0.211563 0.000000 0.708699 0.079739
0.365698 0.144164 0.000359 0.489779
0.159073 0.376562 0.315539 0.148827
0.410062 0.077360 0.323596 0.188982
0.177412 0.325075 0.150194 0.347319
0.246570 0.198189 0.320285 0.234955
0.286914 0.381506 0.164175 0.167405
0.274091 0.301491 0.082945 0.341473

MOTIF M164 O164
letter-probability matrix: alength= 4 w= 9 nsites= 11124 E= 1337.0e-6
0.000000 0.999910 0.000000 0.000090
0.485488 0.023436 0.002253 0.488823
0.081079 0.663240 0.170004 0.085678
0.238589 0.134945 0.017770 0.608696
0.220809 0.127053 0.328551 0.323588
0.349472 0.172613 0.194653 0.283263
0.534402 0.089897 0.232573 0.143129
0.127544 0.268623 0.118823 0.485011
0.314347 0.234046 0.107530 0.344077

MOTIF M165 O165
letter-probability matrix: alength= 4 w= 9 nsites= 11032 E= 1337.0e-6
0.345178 0.033086 0.001360 0.620377
0.192594 0.000827 0.177065 0.629514
0.113310 0.002720 0.668042 0.215927
0.315002 0.077376 0.072648 0.534973
0.063033 0.473332 0.414275 0.049360
0.224202 0.174380 0.453131 0.148287
0.455027 0.000000 0.164901 0.380072
0.201449 0.449386 0.088851 0.260314
0.133058 0.210521 0.531202 0.125219

MOTIF M166 O166
letter-probability matrix: alength= 4 w= 9 nsites= 3715 E= 1337.0e-6
0.672678 0.208883 0.102019 0.016420
0.016958 0.012921 0.915747 0.054374
0.833455 0.027697 0.002915 0.135933
0.524117 0.075959 0.150019 0.249905
0.212520 0.275120 0.297049 0.215311
0.127605 0.349213 0.300723 0.222459
0.134465 0.184943 0.003916 0.676675
0.109772 0.009817 0.057117 0.823293
0.020767 0.935892 0.037020 0.006321

MOTIF M167 O167
letter-probability matrix: alength= 4 w= 9 nsites= 11185 E= 1337.0e-6
0.001609 0.000000 0.996603 0.001788
0.118462 0.769334 0.000000 0.112204
0.252728 0.156054 0.318548 0.272670
0.158300 0.479911 0.185324 0.176465
0.133166 0.355976 0.111809 0.399049
0.114134 0.367726 0.153646 0.364494
0.266343 0.218595 0.259689 0.255373
0.365031 0.077589 0.306658 0.250722
0.256636 0.275750 0.342785 0.124830

MOTIF M168 O168
letter-probability matrix: alength= 4 w= 9 nsites= 7698 E= 1337.0e-6
0.295921 0.464276 0.099376 0.140426
0.421273 0.304795 0.185527 0.088405
0.775243 0.217330 0.003006 0.004421
0.002912 0.983110 0.000000 0.013978
0.001709 0.950085 0.030427 0.017778
0.201128 0.557143 0.013534 0.228195
0.150039 0.624517 0.095128 0.130317
0.078845 0.318501 0.330601 0.272053
0.381233 0.196702 0.058893 0.363172

MOTIF M169 O169
letter-probability matrix: alength= 4 w= 9 nsites= 11159 E= 1337.0e-6
0.487857 0.001613 0.073125 0.437405
0.098384 0.888146 0.013471 0.000000
0.216414 0.554593 0.110218 0.118775
0.118010 0.473164 0.249719 0.159106
0.274994 0.159912 0.014738 0.550356
0.076523 0.138755 0.564376 0.220346
0.706670 0.031693 0.156345 0.105291
0.253022 0.230594 0.511013 0.005372
0.439128 0.375377 0.154511 0.030984

MOTIF M170 O170
letter-probability matrix: alength= 4 w= 9 nsites= 9975 E= 1337.0e-6
0.147870 0.138145 0.633684 0.080301
0.190194 0.324138 0.124138 0.361530
0.175877 0.265570 0.498465 0.060088
0.437933 0.047719 0.512369 0.001979
0.400420 0.382847 0.216733 0.000000
0.122973 0.440236 0.401466 0.035325
0.000000 0.303253 0.378586 0.318161
0.000459 0.594861 0.093714 0.310966
0.076789 0.611176 0.151952 0.160084

MOTIF M171 O171
letter-probability matrix: alength= 4 w= 9 nsites= 11090 E= 1337.0e-6
0.001533 0.985843 0.007665 0.004959
0.341659 0.134716 0.229847 0.293778
0.197113 0.289581 0.498512 0.014795
0.151419 0.145272 0.465377 0.237932
0.050312 0.372274 0.009954 0.567460
0.291300 0.436451 0.165563 0.106686
0.127545 0.428376 0.197663 0.246417
0.357241 0.100598 0.337655 0.204506
0.322277 0.331793 0.200869 0.145061

MOTIF M172 O172
letter-probability matrix: alength= 4 w= 9 nsites= 10769 E= 1337.0e-6
0.000000 0.390194 0.379980 0.229826
0.394094 0.000650 0.118210 0.487046
0.109962 0.587500 0.294079 0.008459
0.000000 0.020544 0.048741 0.930715
0.206175 0.000000 0.562827 0.230998
0.318892 0.080860 0.498914 0.101334
0.348040 0.146367 0.294616 0.210978
0.001895 0.586922 0.114773 0.296409
0.319084 0.052017 0.350818 0.278081

MOTIF M173 O173
letter-probability matrix: alength= 4 w= 9 nsites= 10902 E= 1337.0e-6
0.469363 0.069345 0.437810 0.023482
0.000926 0.039833 0.230199 0.729041
0.968606 0.000000 0.020647 0.010748
0.156662 0.122428 0.466477 0.254433
0.351953 0.062012 0.066895 0.519141
0.361304 0.269764 0.154844 0.214088
0.356091 0.026008 0.274205 0.343696
0.217903 0.188516 0.263860 0.329721
0.336949 0.083395 0.336211 0.243445

MOTIF M174 O174
letter-probability matrix: alength= 4 w= 9 nsites= 10950 E= 1337.0e-6
0.005023 0.262192 0.720183 0.012603
0.326364 0.446745 0.122762 0.104130
0.011082 0.538512 0.334540 0.115866
0.157305 0.729542 0.036755 0.076399
0.039015 0.560961 0.168252 0.231773
0.202137 0.034569 0.489252 0.274041
0.347314 0.257983 0.122276 0.272428
0.105941 0.362315 0.210862 0.320882
0.004668 0.505316 0.377723 0.112293

MOTIF M175 O175
letter-probability matrix: alength= 4 w= 9 nsites= 11035 E= 1337.0e-6
0.399094 0.504123 0.009787 0.086996
0.000000 0.060063 0.000000 0.939937
0.859902 0.125084 0.001148 0.013866
0.222180 0.270871 0.120579 0.386370
0.316563 0.006676 0.145414 0.531347
0.243772 0.095660 0.367945 0.292624
0.262053 0.243441 0.090882 0.403623
0.280714 0.182974 0.278596 0.257716
0.308007 0.188261 0.280601 0.223131

MOTIF M176 O176
letter-probability matrix: alength= 4 w= 9 nsites= 10402 E= 1337.0e-6
0.040473 0.233609 0.539223 0.186695
0.172851 0.593251 0.086522 0.147376
0.428714 0.002496 0.443391 0.125399
0.037310 0.018453 0.762932 0.181305
0.013694 0.220140 0.164745 0.601421
0.185356 0.163494 0.151569 0.499582
0.493075 0.016834 0.378649 0.111443
0.215669 0.040152 0.493798 0.250381
0.065914 0.031586 0.367405 0.535095

MOTIF M177 O177
letter-probability matrix: alength= 4 w= 9 nsites= 10419 E= 1337.0e-6
0.571840 0.212112 0.123620 0.092427
0.198365 0.083122 0.228149 0.490364
0.143671 0.014297 0.364927 0.477105
0.276865 0.401068 0.008013 0.314054
0.080569 0.214744 0.051894 0.652793
0.546943 0.212336 0.233079 0.007642
0.004758 0.021025 0.582716 0.391502
0.801389 0.016579 0.181584 0.000448
0.272901 0.038197 0.483831 0.205070

MOTIF M178 O178
letter-probability matrix: alength= 4 w= 9 nsites= 11098 E= 1337.0e-6
0.298793 0.210038 0.215264 0.275906
0.027703 0.000554 0.875427 0.096315
0.073820 0.254547 0.529896 0.141738
0.057478 0.366214 0.195643 0.380666
0.277445 0.603341 0.067449 0.051766
0.692373 0.001562 0.301236 0.004829
0.513200 0.479547 0.002466 0.004787
0.525487 0.055878 0.182791 0.235845
0.296603 0.320505 0.273151 0.109741

MOTIF M179 O179
letter-probability matrix: alength= 4 w= 9 nsites= 10952 E= 1337.0e-6
0.549489 0.097425 0.336833 0.016253
0.017689 0.055861 0.033610 0.892841
0.047431 0.093801 0.486455 0.372313
0.528014 0.230101 0.021172 0.220713
0.001137 0.352284 0.364999 0.281579
0.202453 0.041280 0.480853 0.275413
0.246868 0.315612 0.310382 0.127138
0.388026 0.529147 0.021382 0.061445
0.723434 0.025132 0.120151 0.131283

MOTIF M180 O180
letter-probability matrix: alength= 4 w= 9 nsites= 11137 E= 1337.0e-6
0.435216 0.101913 0.000539 0.462333
0.010984 0.074256 0.216594 0.698166
0.008261 0.275504 0.644853 0.071382
0.510503 0.141907 0.226880 0.120711
0.113593 0.001821 0.255656 0.628930
0.249127 0.081878 0.512903 0.156092
0.357255 0.140978 0.356862 0.144905
0.192040 0.601294 0.013731 0.192935
0.143162 0.592069 0.026029 0.238739

MOTIF M181 O181
letter-probability matrix: alength= 4 w= 9 nsites= 10725 E= 1337.0e-6
0.009417 0.862191 0.020326 0.108065
0.041318 0.759370 0.193507 0.005804
0.112340 0.075474 0.031848 0.780338
0.009626 0.212200 0.479753 0.298420
0.313913 0.275284 0.243235 0.167569
0.145822 0.410506 0.222103 0.221568
0.241526 0.076948 0.284687 0.396839
0.182205 0.451147 0.175266 0.191382
0.044506 0.437911 0.054652 0.462931

MOTIF M182 O182
letter-probability matrix: alength= 4 w= 9 nsites= 10656 E= 1337.0e-6
0.202515 0.329486 0.097598 0.370402
0.002648 0.283756 0.051910 0.661687
0.649307 0.097030 0.250594 0.003069
0.088095 0.820348 0.073836 0.017721
0.350482 0.562331 0.000217 0.086971
0.238821 0.049087 0.079346 0.632747
0.010753 0.349930 0.233053 0.406265
0.054352 0.352742 0.290643 0.302264
0.032849 0.240281 0.371309 0.355561

MOTIF M183 O183
letter-probability matrix: alength= 4 w= 9 nsites= 11140 E= 1337.0e-6
0.007899 0.113555 0.874147 0.004399
0.545114 0.025178 0.004399 0.425309
0.051238 0.009150 0.655013 0.284600
0.327149 0.495871 0.004486 0.172495
0.042275 0.501331 0.065488 0.390906
0.246818 0.182748 0.245078 0.325356
0.232646 0.191506 0.448215 0.127634
0.597732 0.128326 0.167621 0.106321
0.289988 0.332317 0.292922 0.084773

MOTIF M184 O184
letter-probability matrix: alength= 4 w= 9 nsites= 10975 E= 1337.0e-6
0.034806 0.055945 0.883189 0.026059
0.037502 0.000000 0.014003 0.948494
0.499509 0.314869 0.122766 0.062856
0.272655 0.233052 0.038511 0.455782
0.232420 0.181040 0.143562 0.442978
0.390873 0.104422 0.078923 0.425782
0.247166 0.304463 0.174037 0.274334
0.271032 0.017302 0.203896 0.507770
0.395522 0.308256 0.136549 0.159674

MOTIF M185 O185
letter-probability matrix: alength= 4 w= 9 nsites= 11185 E= 1337.0e-6
0.908806 0.000000 0.000089 0.091104
0.000089 0.112919 0.873849 0.013143
0.015657 0.183144 0.443321 0.357878
0.041345 0.449507 0.124126 0.385022
0.270796 0.222362 0.120004 0.386838
0.270107 0.131574 0.302548 0.295771
0.530865 0.062093 0.234432 0.172610
0.418058 0.207895 0.198911 0.175136
0.379679 0.312032 0.226949 0.081340

MOTIF M186 O186
letter-probability matrix: alength= 4 w= 9 nsites= 11043 E= 1337.0e-6
0.112560 0.367291 0.152133 0.368016
0.012315 0.793897 0.028797 0.164991
0.437913 0.193914 0.024998 0.343175
0.281352 0.334088 0.273378 0.111182
0.378781 0.075030 0.321373 0.224816
0.134990 0.556071 0.008556 0.300382
0.230299 0.095379 0.000463 0.673859
0.549533 0.047695 0.264304 0.138467
0.061516 0.012399 0.682117 0.243968

MOTIF M187 O187
letter-probability matrix: alength= 4 w= 9 nsites= 9428 E= 1337.0e-6
0.415995 0.031714 0.137145 0.415146
0.297942 0.010182 0.134387 0.557488
0.680812 0.238696 0.039872 0.040620
0.076008 0.057783 0.050493 0.815716
0.229485 0.342547 0.092358 0.335610
0.565918 0.000219 0.012055 0.421808
0.290849 0.149418 0.257127 0.302607
0.492825 0.040022 0.096749 0.370404
0.462436 0.041813 0.355354 0.140397

MOTIF M188 O188
letter-probability matrix: alength= 4 w= 9 nsites= 11079 E= 1337.0e-6
0.031411 0.000632 0.015074 0.952884
0.088506 0.169184 0.669276 0.073034
0.126769 0.448595 0.209394 0.215242
0.275776 0.486307 0.064956 0.172961
0.268459 0.285506 0.197545 0.248490
0.282574 0.312387 0.299137 0.105902
0.062975 0.285289 0.391309 0.260427
0.311420 0.284727 0.202554 0.201298
0.023059 0.941441 0.031853 0.003647

MOTIF M189 O189
letter-probability matrix: alength= 4 w= 9 nsites= 10756 E= 1337.0e-6
0.259390 0.264689 0.214857 0.261064
0.403589 0.408795 0.005764 0.181852
0.565755 0.109498 0.324653 0.000094
0.312119 0.001877 0.686004 0.000000
0.013475 0.482607 0.041189 0.462729
0.001185 0.441833 0.182007 0.374975
0.306948 0.000000 0.505798 0.187254
0.265079 0.170517 0.564404 0.000000
0.214476 0.241376 0.304312 0.239836

MOTIF M190 O190
letter-probability matrix: alength= 4 w= 9 nsites= 11144 E= 1337.0e-6
0.011396 0.943198 0.044777 0.000628
0.096753 0.231801 0.000185 0.671261
0.240466 0.139680 0.423110 0.196745
0.126822 0.029051 0.649455 0.194672
0.465860 0.006828 0.039017 0.488295
0.204313 0.330248 0.139228 0.326211
0.234443 0.171072 0.136212 0.458273
0.344543 0.145910 0.298872 0.210675
0.070605 0.041343 0.470960 0.417092

MOTIF M191 O191
letter-probability matrix: alength= 4 w= 9 nsites= 11187 E= 1337.0e-6
0.688746 0.000000 0.000089 0.311165
0.032806 0.392330 0.527219 0.047645
0.438048 0.048185 0.010460 0.503308
0.008315 0.657488 0.234332 0.099866
0.150067 0.308472 0.045809 0.495652
0.314873 0.099812 0.455794 0.129522
0.121071 0.261631 0.375876 0.241423
0.397080 0.012347 0.218637 0.371936
0.010863 0.481760 0.318548 0.188830

MOTIF M192 O192
letter-probability matrix: alength= 4 w= 9 nsites= 11186 E= 1337.0e-6
0.779456 0.165117 0.000000 0.055426
0.001967 0.000000 0.996424 0.001609
0.110639 0.460273 0.141824 0.287264
0.200073 0.430377 0.088402 0.281147
0.401895 0.366314 0.041434 0.190357
0.401187 0.209495 0.280332 0.108986
0.337340 0.217321 0.171320 0.274018
0.578917 0.039958 0.135001 0.246123
0.292601 0.281867 0.126030 0.299502

MOTIF M193 O193
letter-probability matrix: alength= 4 w= 9 nsites= 10864 E= 1337.0e-6
0.492268 0.035530 0.454805 0.017397
0.178940 0.249724 0.566826 0.004510
0.015390 0.430375 0.223850 0.330384
0.010143 0.650254 0.052651 0.286953
0.167576 0.448257 0.064922 0.319245
0.356971 0.021969 0.399518 0.221542
0.099545 0.411541 0.468132 0.020781
0.224292 0.349199 0.266114 0.160395
0.055144 0.381506 0.367720 0.195630

MOTIF M194 O194
letter-probability matrix: alength= 4 w= 9 nsites= 10400 E= 1337.0e-6
0.397500 0.092212 0.089327 0.420962
0.242871 0.384519 0.281730 0.090881
0.435074 0.136659 0.000000 0.428268
0.129713 0.385144 0.153059 0.332085
0.010973 0.624710 0.148980 0.215337
0.071176 0.071448 0.378158 0.479218
0.000000 0.820140 0.128961 0.050899
0.555871 0.000284 0.376631 0.067215
0.509127 0.002710 0.488163 0.000000

MOTIF M195 O195
letter-probability matrix: alength= 4 w= 9 nsites= 10780 E= 1337.0e-6
0.000000 0.101670 0.400278 0.498052
0.000278 0.598887 0.134137 0.266698
0.178066 0.305069 0.160268 0.356597
0.166308 0.134430 0.457138 0.242124
0.247145 0.051020 0.656899 0.044935
0.268405 0.546469 0.184845 0.000281
0.001977 0.468838 0.236584 0.292600
0.086965 0.116175 0.330923 0.465937
0.260811 0.354714 0.000096 0.384378

MOTIF M196 O196
letter-probability matrix: alength= 4 w= 9 nsites= 9851 E= 1337.0e-6
0.356512 0.228403 0.080499 0.334585
0.526945 0.065439 0.376821 0.030795
0.036717 0.152211 0.486757 0.324315
0.001648 0.000549 0.463197 0.534606
0.072859 0.001232 0.767714 0.158195
0.618456 0.209907 0.003313 0.168323
0.029086 0.061634 0.289127 0.620152
0.116560 0.001244 0.444741 0.437456
0.088385 0.062976 0.848276 0.000363

MOTIF M197 O197
letter-probability matrix: alength= 4 w= 9 nsites= 11176 E= 1337.0e-6
0.001074 0.997942 0.000000 0.000984
0.374642 0.000000 0.442019 0.183339
0.053786 0.228298 0.333632 0.384285
0.106116 0.288529 0.142026 0.463329
0.231824 0.187360 0.055760 0.525056
0.159250 0.223757 0.478198 0.138794
0.433369 0.102287 0.136593 0.327751
0.310541 0.121489 0.146599 0.421371
0.309775 0.242642 0.221203 0.226381

MOTIF M198 O198
letter-probability matrix: alength= 4 w= 9 nsites= 10296 E= 1337.0e-6
0.251068 0.194930 0.097999 0.456002
0.298077 0.301282 0.041181 0.359460
0.474494 0.100467 0.027259 0.397780
0.334862 0.393112 0.186360 0.085667
0.111625 0.096368 0.018703 0.773304
0.729615 0.015753 0.249480 0.005152
0.000000 0.147621 0.379654 0.472725
0.619096 0.045922 0.241724 0.093258
0.508749 0.023499 0.131740 0.336012

MOTIF M199 O199
letter-probability matrix: alength= 4 w= 9 nsites= 5811 E= 1337.0e-6
0.008604 0.123043 0.000000 0.868353
0.000000 0.075504 0.741928 0.182569
0.724328 0.117054 0.006418 0.152200
0.247704 0.339563 0.313272 0.099462
0.075503 0.004362 0.028523 0.891611
0.228393 0.759111 0.010760 0.001736
0.922664 0.009667 0.048335 0.019334
0.189101 0.306388 0.177914 0.326597
0.239839 0.506774 0.121201 0.132186

MOTIF M200 O200
letter-probability matrix: alength= 4 w= 9 nsites= 11161 E= 1337.0e-6
0.060120 0.258310 0.679778 0.001792
0.096175 0.248563 0.432112 0.223150
0.402073 0.178082 0.154295 0.265550
0.464950 0.415711 0.029694 0.089645
0.389182 0.000384 0.122183 0.488252
0.142968 0.671765 0.117607 0.067660
0.479011 0.060209 0.053311 0.407469
0.104845 0.039317 0.586676 0.269162
0.229312 0.001714 0.040520 0.728455

MOTIF M201 O201
letter-probability matrix: alength= 4 w= 9 nsites= 10337 E= 1337.0e-6
0.331914 0.517075 0.148883 0.002128
0.320693 0.071394 0.005127 0.602786
0.109505 0.142174 0.284917 0.463404
0.574967 0.329588 0.034916 0.060529
0.030155 0.546171 0.153904 0.269770
0.009148 0.849132 0.136948 0.004773
0.507202 0.037058 0.282758 0.172983
0.165080 0.219207 0.096889 0.518824
0.000434 0.149414 0.286376 0.563776

MOTIF M202 O202
letter-probability matrix: alength= 4 w= 9 nsites= 11003 E= 1337.0e-6
0.298010 0.079524 0.097337 0.525130
0.375901 0.024214 0.116364 0.483521
0.127120 0.192277 0.672520 0.008082
0.497780 0.043375 0.458845 0.000000
0.076101 0.220650 0.523166 0.180084
0.500542 0.006830 0.264853 0.227775
0.060219 0.566490 0.003051 0.370241
0.000000 0.254719 0.467145 0.278136
0.002194 0.352181 0.298440 0.347185

MOTIF M203 O203
letter-probability matrix: alength= 4 w= 9 nsites= 11033 E= 1337.0e-6
0.449107 0.165866 0.116650 0.268377
0.344043 0.226109 0.356472 0.073375
0.149440 0.199963 0.546960 0.103637
0.328022 0.283761 0.000000 0.388217
0.580776 0.290883 0.123941 0.004399
0.009555 0.047362 0.015372 0.927711
0.039895 0.817381 0.045152 0.097572
0.243274 0.450192 0.178571 0.127963
0.653519 0.103764 0.063830 0.178887

MOTIF M204 O204
letter-probability matrix: alength= 4 w= 9 nsites= 10726 E= 1337.0e-6
0.016036 0.694574 0.056591 0.232799
0.148995 0.092063 0.000000 0.758942
0.448877 0.151562 0.203726 0.195836
0.210014 0.668781 0.000227 0.120979
0.451374 0.363049 0.000117 0.185459
0.159661 0.028063 0.181872 0.630404
0.031199 0.720454 0.159116 0.089230
0.617486 0.169659 0.027713 0.185142
0.033146 0.443862 0.110704 0.412289

MOTIF M205 O205
letter-probability matrix: alength= 4 w= 9 nsites= 10587 E= 1337.0e-6
0.065269 0.829602 0.074525 0.030604
0.520095 0.234735 0.245170 0.000000
0.430883 0.279685 0.130665 0.158768
0.701080 0.112900 0.186020 0.000000
0.151783 0.442873 0.275081 0.130263
0.078989 0.282492 0.148851 0.489667
0.189017 0.120216 0.176084 0.514682
0.017819 0.425203 0.383269 0.173709
0.008831 0.377491 0.518471 0.095207

MOTIF M206 O206
letter-probability matrix: alength= 4 w= 9 nsites= 11174 E= 1337.0e-6
0.018525 0.981475 0.000000 0.000000
0.016855 0.007262 0.256141 0.719742
0.168405 0.450189 0.262093 0.119313
0.350693 0.094285 0.125985 0.429037
0.286415 0.442426 0.227388 0.043770
0.211542 0.129321 0.269160 0.389976
0.251113 0.162709 0.407421 0.178757
0.239713 0.194224 0.424783 0.141280
0.156698 0.079655 0.466221 0.297425

MOTIF M207 O207
letter-probability matrix: alength= 4 w= 9 nsites= 6908 E= 1337.0e-6
0.345107 0.149537 0.313839 0.191517
0.039809 0.888246 0.008541 0.063405
0.146083 0.808045 0.000000 0.045872
0.031697 0.600156 0.000000 0.368148
0.548685 0.000000 0.021427 0.429889
0.364680 0.444232 0.148442 0.042646
0.308032 0.483025 0.061275 0.147668
0.016034 0.948523 0.007595 0.027848
0.048270 0.650480 0.030241 0.271009

MOTIF M208 O208
letter-probability matrix: alength= 4 w= 9 nsites= 11171 E= 1337.0e-6
0.000269 0.998568 0.001074 0.000090
0.683329 0.000000 0.131416 0.185255
0.183595 0.389422 0.136979 0.290004
0.090091 0.276573 0.321303 0.312033
0.463819 0.080743 0.214202 0.241236
0.250225 0.046782 0.143231 0.559762
0.151315 0.133870 0.593420 0.121396
0.087807 0.234486 0.159236 0.518471
0.116573 0.340127 0.198285 0.345015

MOTIF M209 O209
letter-probability matrix: alength= 4 w= 9 nsites= 11096 E= 1337.0e-6
0.315429 0.372206 0.267574 0.044791
0.248843 0.015882 0.316635 0.418641
0.314830 0.524467 0.079271 0.081431
0.055572 0.634640 0.135887 0.173900
0.305674 0.050021 0.170862 0.473443
0.025192 0.189858 0.170613 0.614337
0.870575 0.064880 0.001117 0.063428
0.713497 0.219468 0.006309 0.060726
0.190307 0.395245 0.234084 0.180363

MOTIF M210 O210
letter-probability matrix: alength= 4 w= 9 nsites= 11153 E= 1337.0e-6
0.056308 0.689949 0.083206 0.170537
0.591149 0.338968 0.000909 0.068975
0.401717 0.376974 0.044225 0.177084
0.199658 0.332541 0.060116 0.407686
0.078712 0.237789 0.042907 0.640592
0.591609 0.247680 0.151530 0.009181
0.033434 0.278614 0.426004 0.261948
0.216779 0.001429 0.600531 0.181261
0.477237 0.008607 0.367002 0.147153

MOTIF M211 O211
letter-probability matrix: alength= 4 w= 9 nsites= 10946 E= 1337.0e-6
0.780468 0.049150 0.011146 0.159236
0.669625 0.022964 0.078957 0.228454
0.383537 0.267944 0.107709 0.240810
0.173961 0.122438 0.202031 0.501570
0.630063 0.000279 0.287347 0.082311
0.188469 0.079331 0.640815 0.091385
0.358130 0.225806 0.101100 0.314963
0.064669 0.364754 0.116952 0.453626
0.629362 0.193850 0.020243 0.156545

MOTIF M212 O212
letter-probability matrix: alength= 4 w= 9 nsites= 11093 E= 1337.0e-6
0.120707 0.694492 0.005499 0.179302
0.547291 0.207254 0.039027 0.206428
0.551248 0.000756 0.233169 0.214826
0.033514 0.808354 0.014840 0.143292
0.196865 0.237200 0.271682 0.294253
0.323237 0.175437 0.500111 0.001216
0.293024 0.134549 0.003316 0.569111
0.238925 0.134108 0.076858 0.550109
0.017516 0.448187 0.240446 0.293851

MOTIF M213 O213
letter-probability matrix: alength= 4 w= 9 nsites= 10881 E= 1337.0e-6
0.057715 0.039059 0.003768 0.899458
0.448768 0.230254 0.000097 0.320881
0.496296 0.405405 0.000200 0.098098
0.299603 0.511800 0.159148 0.029449
0.264118 0.036821 0.321456 0.377605
0.137647 0.347787 0.081832 0.432733
0.202143 0.109571 0.366674 0.321612
0.021731 0.349127 0.169576 0.459565
0.009402 0.622833 0.065324 0.302442

MOTIF M214 O214
letter-probability matrix: alength= 4 w= 9 nsites= 10793 E= 1337.0e-6
0.884184 0.000093 0.078106 0.037617
0.057360 0.196771 0.613218 0.132651
0.441174 0.428462 0.128835 0.001529
0.119102 0.024924 0.000394 0.855581
0.284281 0.040848 0.326680 0.348190
0.409724 0.184873 0.333225 0.072177
0.384454 0.000110 0.352196 0.263239
0.242962 0.132454 0.322323 0.302261
0.351629 0.069988 0.377550 0.200834

MOTIF M215 O215
letter-probability matrix: alength= 4 w= 9 nsites= 11123 E= 1337.0e-6
0.000180 0.000180 0.999281 0.000360
0.358591 0.008469 0.045860 0.587080
0.132069 0.213008 0.585818 0.069106
0.417201 0.196190 0.152592 0.234017
0.170527 0.395036 0.105841 0.328596
0.292419 0.235239 0.173310 0.299031
0.206929 0.441836 0.162708 0.188527
0.437298 0.082747 0.394167 0.085788
0.352329 0.027682 0.539328 0.080661

MOTIF M216 O216
letter-probability matrix: alength= 4 w= 9 nsites= 10715 E= 1337.0e-6
0.476715 0.153430 0.000000 0.369855
0.396037 0.056672 0.106165 0.441126
0.503208 0.340657 0.082539 0.073595
0.235453 0.048490 0.075485 0.640572
0.158316 0.004665 0.353550 0.483469
0.487744 0.011170 0.008377 0.492709
0.625828 0.009570 0.004417 0.360185
0.169630 0.471217 0.185079 0.174074
0.150621 0.413526 0.305598 0.130255

MOTIF M217 O217
letter-probability matrix: alength= 4 w= 9 nsites= 11002 E= 1337.0e-6
0.146246 0.174059 0.198418 0.481276
0.300947 0.326776 0.095321 0.276956
0.047264 0.377627 0.209395 0.365714
0.120549 0.077783 0.005787 0.795880
0.641547 0.224591 0.132771 0.001091
0.008480 0.253018 0.001397 0.737105
0.152285 0.520400 0.000714 0.326601
0.497833 0.197173 0.003611 0.301383
0.489987 0.176644 0.217749 0.115620

MOTIF M218 O218
letter-probability matrix: alength= 4 w= 9 nsites= 11183 E= 1337.0e-6
0.009658 0.002772 0.972011 0.015559
0.069480 0.816150 0.007154 0.107216
0.473142 0.003671 0.209848 0.313339
0.094304 0.497045 0.196131 0.212520
0.252341 0.205512 0.293858 0.248289
0.422727 0.114355 0.188249 0.274669
0.202891 0.259440 0.347516 0.190154
0.414812 0.170558 0.203211 0.211419
0.144786 0.240423 0.351309 0.263482

MOTIF M219 O219
letter-probability matrix: alength= 4 w= 9 nsites= 11017 E= 1337.0e-6
0.004992 0.265680 0.502496 0.226831
0.134882 0.119270 0.307616 0.438232
0.049651 0.001362 0.831533 0.117455
0.131557 0.498682 0.360942 0.008819
0.403008 0.386873 0.113309 0.096809
0.395315 0.009608 0.143485 0.451592
0.104859 0.224433 0.407034 0.263674
0.032981 0.273767 0.632962 0.060291
0.437232 0.123723 0.246778 0.192267

MOTIF M220 O220
letter-probability matrix: alength= 4 w= 9 nsites= 11067 E= 1337.0e-6
0.600163 0.009668 0.361616 0.028553
0.033575 0.171765 0.514480 0.280181
0.110867 0.459751 0.212495 0.216886
0.253340 0.317498 0.181373 0.247789
0.249485 0.079431 0.257634 0.413451
0.096148 0.109424 0.149653 0.644775
0.748177 0.003443 0.248380 0.000000
0.172466 0.034290 0.025743 0.767501
0.144916 0.018114 0.394092 0.442878

MOTIF M221 O221
letter-probability matrix: alength= 4 w= 9 nsites= 10981 E= 1337.0e-6
0.002368 0.017029 0.022584 0.958018
0.853142 0.129437 0.017421 0.000000
0.121333 0.262698 0.077946 0.538023
0.295907 0.292797 0.066978 0.344318
0.346971 0.302500 0.044767 0.305761
0.183261 0.328770 0.279506 0.208463
0.510574 0.190543 0.040017 0.258866
0.246431 0.287706 0.224411 0.241452
0.151262 0.438383 0.034631 0.375724

MOTIF M222 O222
letter-probability matrix: alength= 4 w= 9 nsites= 11145 E= 1337.0e-6
0.062988 0.692418 0.211216 0.033378
0.616262 0.135335 0.035773 0.212630
0.380404 0.001280 0.475825 0.142492
0.022192 0.289684 0.668776 0.019349
0.153244 0.389237 0.043586 0.413933
0.190958 0.067768 0.387765 0.353509
0.066585 0.074767 0.776733 0.081915
0.268195 0.241176 0.095614 0.395015
0.266456 0.174416 0.130597 0.428530

MOTIF M223 O223
letter-probability matrix: alength= 4 w= 9 nsites= 11179 E= 1337.0e-6
0.000000 0.000984 0.994633 0.004383
0.406609 0.096354 0.018319 0.478718
0.191948 0.384436 0.204529 0.219087
0.206850 0.370910 0.082075 0.340165
0.254343 0.127621 0.278553 0.339483
0.268905 0.111991 0.411325 0.207778
0.359686 0.106554 0.305598 0.228162
0.466257 0.430613 0.018093 0.085037
0.022102 0.541511 0.002283 0.434104

