MEME version 5.5.1

ALPHABET= ACGT

strands: + -

Background letter frequencies (from uniform background):
A 0.25000 C 0.25000 G 0.25000 T 0.25000

MOTIF M0 O0
letter-probability matrix: alength= 4 w= 9 nsites= 11186 E= 1337.0e-6
0.088503 0.278294 0.625514 0.007688
0.462797 0.061527 0.259256 0.216419
0.309360 0.149754 0.221944 0.318943
0.224268 0.568529 0.002425 0.204778
0.461948 0.322560 0.105263 0.110228
0.092920 0.006346 0.374309 0.526426
0.008309 0.092504 0.577917 0.321270
0.350118 0.268175 0.000283 0.381424
0.027762 0.762788 0.079768 0.129682

MOTIF M1 O1
letter-probability matrix: alength= 4 w= 9 nsites= 11150 E= 1337.0e-6
0.781076 0.015247 0.018206 0.185471
0.097999 0.030333 0.871489 0.000179
0.284017 0.115821 0.062005 0.538157
0.099730 0.248559 0.462162 0.189550
0.400506 0.290710 0.037231 0.271553
0.352247 0.243668 0.116931 0.287154
0.618692 0.212516 0.147477 0.021315
0.316950 0.175819 0.312740 0.194490
0.596394 0.005979 0.228109 0.169518

MOTIF M2 O2
letter-probability matrix: alength= 4 w= 9 nsites= 11166 E= 1337.0e-6
0.200967 0.453251 0.313541 0.032241
0.184813 0.431260 0.112936 0.270991
0.405650 0.000285 0.053833 0.540232
0.041131 0.203665 0.754407 0.000797
0.399386 0.036866 0.000000 0.563748
0.004355 0.567873 0.427460 0.000311
0.105072 0.408517 0.069013 0.417398
0.108517 0.013787 0.293084 0.584612
0.357599 0.006160 0.314257 0.321985

MOTIF M3 O3
letter-probability matrix: alength= 4 w= 9 nsites= 11187 E= 1337.0e-6
0.061858 0.925449 0.007687 0.005006
0.096528 0.014754 0.551008 0.337711
0.178478 0.195317 0.140027 0.486177
0.138488 0.305034 0.284374 0.272104
0.182976 0.160206 0.136984 0.519834
0.146220 0.234133 0.474785 0.144862
0.310176 0.255797 0.233064 0.200964
0.423070 0.059367 0.238749 0.278814
0.152380 0.581162 0.184513 0.081945

MOTIF M4 O4
letter-probability matrix: alength= 4 w= 9 nsites= 11160 E= 1337.0e-6
0.959767 0.005197 0.006093 0.028943
0.064377 0.145073 0.222793 0.567758
0.058791 0.073327 0.783631 0.084251
0.560296 0.126675 0.069182 0.243847
0.307968 0.201412 0.199961 0.290659
0.259126 0.247856 0.156792 0.336226
0.490107 0.257331 0.049011 0.203551
0.306034 0.295156 0.335181 0.063629
0.093350 0.072120 0.197627 0.636903

MOTIF M5 O5
letter-probability matrix: alength= 4 w= 9 nsites= 11178 E= 1337.0e-6
0.000000 0.997942 0.001879 0.000179
0.811650 0.007069 0.052434 0.128848
0.196707 0.152139 0.503311 0.147843
0.142908 0.391406 0.207679 0.258007
0.191085 0.344349 0.087798 0.376767
0.199474 0.123618 0.451514 0.225394
0.256102 0.161681 0.422279 0.159938
0.471044 0.029602 0.273792 0.225563
0.049417 0.375069 0.487507 0.088007

MOTIF M6 O6
letter-probability matrix: alength= 4 w= 9 nsites= 9475 E= 1337.0e-6
0.033668 0.141636 0.000106 0.824591
0.838311 0.001372 0.160000 0.000317
0.022159 0.333227 0.025127 0.619487
0.560397 0.011109 0.048749 0.379745
0.215964 0.161811 0.203942 0.418282
0.405722 0.028830 0.239700 0.325748
0.279254 0.130527 0.257258 0.332961
0.225429 0.091921 0.346438 0.336212
0.398820 0.051834 0.291450 0.257897

MOTIF M7 O7
letter-probability matrix: alength= 4 w= 9 nsites= 10719 E= 1337.0e-6
0.009609 0.377834 0.587182 0.025376
0.254315 0.000187 0.069969 0.675529
0.094425 0.042543 0.440524 0.422507
0.080324 0.445069 0.000286 0.474321
0.000783 0.235611 0.344362 0.419244
0.425002 0.064185 0.393404 0.117409
0.013768 0.002295 0.722438 0.261499
0.277274 0.138032 0.220206 0.364489
0.234699 0.195463 0.390416 0.179422

MOTIF M8 O8
letter-probability matrix: alength= 4 w= 9 nsites= 11161 E= 1337.0e-6
0.000000 0.000090 0.999910 0.000000
0.331325 0.103399 0.001439 0.563837
0.094621 0.163788 0.680788 0.060802
0.178530 0.417439 0.158643 0.245388
0.184019 0.299379 0.043913 0.472690
0.368487 0.148115 0.219563 0.263835
0.386754 0.235490 0.228111 0.149645
0.497795 0.021780 0.148411 0.332013
0.354845 0.223795 0.325913 0.095448

MOTIF M9 O9
letter-probability matrix: alength= 4 w= 9 nsites= 11162 E= 1337.0e-6
0.809622 0.000090 0.001523 0.188765
0.000717 0.963876 0.009950 0.025457
0.285624 0.161538 0.365039 0.187799
0.044945 0.339935 0.129228 0.485893
0.151328 0.290326 0.031009 0.527337
0.387226 0.162406 0.261123 0.189246
0.326735 0.211438 0.147496 0.314330
0.340213 0.169602 0.260870 0.229316
0.161066 0.293817 0.232640 0.312477

MOTIF M10 O10
letter-probability matrix: alength= 4 w= 9 nsites= 11166 E= 1337.0e-6
0.543077 0.247537 0.000537 0.208848
0.233707 0.196862 0.128821 0.440610
0.192253 0.020983 0.356976 0.429788
0.272197 0.099740 0.175599 0.452464
0.326769 0.008722 0.365165 0.299344
0.025482 0.043760 0.567891 0.362867
0.335379 0.025542 0.474368 0.164711
0.000000 0.744692 0.214032 0.041276
0.083634 0.610972 0.013045 0.292349

MOTIF M11 O11
letter-probability matrix: alength= 4 w= 9 nsites= 11182 E= 1337.0e-6
0.000805 0.001341 0.997764 0.000089
0.012262 0.761837 0.000000 0.225902
0.095648 0.452580 0.244325 0.207447
0.131763 0.360597 0.125202 0.382438
0.174527 0.327363 0.111971 0.386139
0.175750 0.264210 0.319611 0.240429
0.268209 0.174860 0.280951 0.275980
0.440495 0.176834 0.225202 0.157469
0.183274 0.396173 0.287607 0.132947

MOTIF M12 O12
letter-probability matrix: alength= 4 w= 9 nsites= 11135 E= 1337.0e-6
0.001437 0.008801 0.989044 0.000718
0.248553 0.007909 0.008777 0.734761
0.164582 0.417810 0.160750 0.256858
0.260939 0.312400 0.153311 0.273350
0.246653 0.456457 0.135554 0.161337
0.239723 0.399352 0.118186 0.242739
0.274867 0.170986 0.102071 0.452076
0.013271 0.619380 0.097586 0.269763
0.013594 0.497012 0.096801 0.392593

MOTIF M13 O13
letter-probability matrix: alength= 4 w= 9 nsites= 11164 E= 1337.0e-6
0.538785 0.034307 0.406664 0.020244
0.379514 0.184963 0.320907 0.114616
0.051268 0.597589 0.074564 0.276579
0.018554 0.424193 0.218008 0.339245
0.169647 0.208468 0.571852 0.050032
0.214733 0.206237 0.367473 0.211558
0.172504 0.116501 0.000000 0.710995
0.091952 0.140842 0.116209 0.650997
0.129550 0.287615 0.065678 0.517156

MOTIF M14 O14
letter-probability matrix: alength= 4 w= 9 nsites= 10267 E= 1337.0e-6
0.313042 0.405766 0.244278 0.036914
0.018895 0.310412 0.011883 0.658810
0.507450 0.001049 0.392550 0.098951
0.275519 0.019433 0.690418 0.014630
0.068283 0.294012 0.470779 0.166927
0.287519 0.111925 0.038403 0.562153
0.169090 0.537656 0.003929 0.289325
0.782371 0.029291 0.182863 0.005475
0.099560 0.293179 0.157178 0.450083

MOTIF M15 O15
letter-probability matrix: alength= 4 w= 9 nsites= 11140 E= 1337.0e-6
0.000359 0.000898 0.041023 0.957720
0.899991 0.099734 0.000276 0.000000
0.098495 0.279701 0.114650 0.507154
0.229270 0.095662 0.254287 0.420781
0.378176 0.169890 0.328688 0.123246
0.293092 0.248076 0.119166 0.339667
0.250324 0.298237 0.087857 0.363582
0.347822 0.269968 0.095906 0.286305
0.175245 0.470552 0.144095 0.210108

MOTIF M16 O16
letter-probability matrix: alength= 4 w= 9 nsites= 11167 E= 1337.0e-6
0.143100 0.611892 0.186621 0.058386
0.228528 0.525103 0.225659 0.020710
0.234772 0.452229 0.136360 0.176639
0.456071 0.216190 0.117293 0.210446
0.166622 0.281264 0.329473 0.222641
0.084076 0.224593 0.101449 0.589882
0.000362 0.151847 0.164162 0.683629
0.245779 0.019622 0.035137 0.699462
0.010658 0.298512 0.647189 0.043642

MOTIF M17 O17
letter-probability matrix: alength= 4 w= 9 nsites= 10974 E= 1337.0e-6
0.185074 0.228722 0.031985 0.554219
0.376617 0.313924 0.030800 0.278659
0.316413 0.233847 0.027978 0.421763
0.313486 0.157381 0.227501 0.301632
0.432689 0.002007 0.032287 0.533017
0.314933 0.460245 0.221989 0.002833
0.000000 0.115709 0.206235 0.678057
0.492416 0.048555 0.416865 0.042164
0.658260 0.003395 0.264041 0.074304

MOTIF M18 O18
letter-probability matrix: alength= 4 w= 9 nsites= 11086 E= 1337.0e-6
0.369295 0.066300 0.012809 0.551597
0.189855 0.066033 0.349094 0.395018
0.508484 0.096180 0.254151 0.141185
0.458647 0.011257 0.489605 0.040490
0.009539 0.100654 0.306777 0.583031
0.795606 0.018689 0.182606 0.003100
0.078846 0.211355 0.301740 0.408059
0.503917 0.164895 0.126842 0.204346
0.038039 0.251432 0.421433 0.289096

MOTIF M19 O19
letter-probability matrix: alength= 4 w= 9 nsites= 11027 E= 1337.0e-6
0.594994 0.222273 0.000181 0.182552
0.178157 0.029663 0.698748 0.093433
0.172183 0.435615 0.039289 0.352912
0.028401 0.301986 0.211321 0.458292
0.449965 0.101478 0.302424 0.146133
0.366448 0.000308 0.324430 0.308814
0.024863 0.395525 0.183673 0.395939
0.475432 0.005762 0.204610 0.314196
0.000000 0.001706 0.836408 0.161885

MOTIF M20 O20
letter-probability matrix: alength= 4 w= 9 nsites= 11187 E= 1337.0e-6
0.597479 0.026996 0.000000 0.375525
0.000179 0.006529 0.993292 0.000000
0.153687 0.533087 0.028991 0.284235
0.084893 0.332994 0.111029 0.471084
0.389135 0.165477 0.170880 0.274508
0.474723 0.079456 0.375025 0.070796
0.324078 0.280225 0.250102 0.145594
0.543519 0.120586 0.241587 0.094308
0.127937 0.404127 0.389947 0.077989

MOTIF M21 O21
letter-probability matrix: alength= 4 w= 9 nsites= 11180 E= 1337.0e-6
0.000089 0.001431 0.998479 0.000000
0.255323 0.486581 0.000000 0.258096
0.075387 0.264482 0.279434 0.380697
0.100788 0.581527 0.074718 0.242967
0.146140 0.229803 0.137882 0.486176
0.288486 0.242231 0.217083 0.252200
0.222012 0.343314 0.178851 0.255822
0.678523 0.028186 0.067357 0.225934
0.361437 0.168622 0.318288 0.151652

MOTIF M22 O22
letter-probability matrix: alength= 4 w= 9 nsites= 11132 E= 1337.0e-6
0.000539 0.107258 0.232303 0.659899
0.025266 0.281538 0.173976 0.519220
0.514325 0.457298 0.028377 0.000000
0.053585 0.052285 0.187686 0.706445
0.025815 0.268419 0.460712 0.245054
0.214839 0.010170 0.431325 0.343665
0.501047 0.237412 0.029016 0.232526
0.000000 0.329386 0.375091 0.295523
0.471740 0.248735 0.035078 0.244447

MOTIF M23 O23
letter-probability matrix: alength= 4 w= 9 nsites= 11161 E= 1337.0e-6
0.812114 0.013350 0.000538 0.173999
0.004660 0.019538 0.882595 0.093207
0.292643 0.192850 0.127459 0.387048
0.193743 0.138901 0.121640 0.545716
0.439391 0.118606 0.130854 0.311149
0.344946 0.154874 0.339982 0.160199
0.393986 0.019957 0.103305 0.482752
0.511356 0.087322 0.360058 0.041263
0.101849 0.266557 0.237861 0.393732

MOTIF M24 O24
letter-probability matrix: alength= 4 w= 9 nsites= 10437 E= 1337.0e-6
0.410750 0.291367 0.219603 0.078279
0.106352 0.218454 0.104915 0.570279
0.106736 0.113155 0.604771 0.175338
0.543367 0.155248 0.113771 0.187615
0.001748 0.148878 0.217248 0.632126
0.009981 0.000294 0.701732 0.287993
0.664881 0.225694 0.000496 0.108929
0.325167 0.604240 0.066393 0.004200
0.253053 0.188645 0.193223 0.365079

MOTIF M25 O25
letter-probability matrix: alength= 4 w= 9 nsites= 10894 E= 1337.0e-6
0.113641 0.543143 0.199376 0.143841
0.199284 0.082064 0.023775 0.694878
0.247152 0.000553 0.070109 0.682185
0.343159 0.093365 0.563476 0.000000
0.325099 0.067478 0.181227 0.426196
0.315643 0.155102 0.331963 0.197292
0.009617 0.386123 0.595496 0.008764
0.299412 0.400175 0.082635 0.217777
0.014197 0.520218 0.014831 0.450754

MOTIF M26 O26
letter-probability matrix: alength= 4 w= 9 nsites= 11184 E= 1337.0e-6
0.327521 0.123033 0.269224 0.280222
0.141297 0.565463 0.041852 0.251387
0.333265 0.109244 0.001742 0.555749
0.019129 0.953280 0.000000 0.027590
0.513955 0.323153 0.001053 0.161840
0.484338 0.108994 0.309947 0.096721
0.210261 0.131343 0.300746 0.357649
0.517444 0.098786 0.332196 0.051574
0.104438 0.030413 0.014537 0.850612

MOTIF M27 O27
letter-probability matrix: alength= 4 w= 9 nsites= 11180 E= 1337.0e-6
0.407156 0.325045 0.225760 0.042039
0.233184 0.184794 0.375850 0.206172
0.413508 0.213637 0.000000 0.372855
0.112949 0.001503 0.160402 0.725146
0.018277 0.661765 0.070168 0.249790
0.124112 0.427873 0.176272 0.271743
0.496004 0.004918 0.492684 0.006394
0.537377 0.192676 0.000126 0.269821
0.549100 0.001022 0.102669 0.347210

MOTIF M28 O28
letter-probability matrix: alength= 4 w= 9 nsites= 10897 E= 1337.0e-6
0.621272 0.024686 0.000551 0.353492
0.216826 0.031549 0.033365 0.718260
0.663764 0.118741 0.081536 0.135959
0.267651 0.145792 0.309932 0.276625
0.288258 0.061559 0.463573 0.186610
0.067361 0.277388 0.035898 0.619352
0.424226 0.001373 0.112472 0.461928
0.272611 0.407847 0.163994 0.155548
0.500866 0.086745 0.005415 0.406974

MOTIF M29 O29
letter-probability matrix: alength= 4 w= 9 nsites= 11015 E= 1337.0e-6
0.384022 0.311575 0.184657 0.119746
0.150509 0.126534 0.702692 0.020264
0.268798 0.409019 0.176337 0.145846
0.820627 0.110344 0.018069 0.050959
0.030256 0.286508 0.314295 0.368941
0.113083 0.442874 0.095547 0.348496
0.466444 0.286577 0.246979 0.000000
0.242306 0.002175 0.005655 0.749864
0.023624 0.533568 0.137457 0.305351

MOTIF M30 O30
letter-probability matrix: alength= 4 w= 9 nsites= 11184 E= 1337.0e-6
0.377325 0.000089 0.391005 0.231581
0.014127 0.953594 0.022800 0.009478
0.651542 0.081095 0.205672 0.061692
0.208045 0.364078 0.004343 0.423534
0.199954 0.330822 0.073490 0.395734
0.218511 0.178185 0.151585 0.451719
0.505034 0.302797 0.165444 0.026725
0.338740 0.087441 0.506146 0.067672
0.271774 0.269216 0.081724 0.377286

MOTIF M31 O31
letter-probability matrix: alength= 4 w= 9 nsites= 10854 E= 1337.0e-6
0.476967 0.341349 0.000184 0.181500
0.103833 0.378109 0.065506 0.452552
0.767283 0.078928 0.007301 0.146488
0.124502 0.047615 0.291246 0.536637
0.274539 0.377187 0.150931 0.197343
0.188604 0.329006 0.389902 0.092488
0.617181 0.052580 0.017983 0.312256
0.552261 0.000000 0.286277 0.161462
0.031421 0.002893 0.359501 0.606185

MOTIF M32 O32
letter-probability matrix: alength= 4 w= 9 nsites= 11104 E= 1337.0e-6
0.360231 0.303674 0.203260 0.132835
0.229054 0.126219 0.540087 0.104641
0.375971 0.214070 0.046779 0.363180
0.703384 0.085234 0.000184 0.211199
0.012826 0.717726 0.238996 0.030451
0.136436 0.394952 0.002909 0.465703
0.337375 0.218981 0.173234 0.270411
0.228085 0.163303 0.542195 0.066417
0.156998 0.714911 0.041464 0.086626

MOTIF M33 O33
letter-probability matrix: alength= 4 w= 9 nsites= 11177 E= 1337.0e-6
0.000358 0.655543 0.059587 0.284513
0.745942 0.183622 0.014881 0.055556
0.198808 0.001896 0.198718 0.600578
0.333875 0.020506 0.176513 0.469106
0.539991 0.143787 0.136014 0.180208
0.316718 0.011851 0.242627 0.428804
0.265077 0.061667 0.455700 0.217557
0.591617 0.098861 0.252665 0.056856
0.097717 0.409078 0.143016 0.350190

MOTIF M34 O34
letter-probability matrix: alength= 4 w= 9 nsites= 11187 E= 1337.0e-6
0.223295 0.771699 0.000268 0.004738
0.149568 0.000000 0.738187 0.112245
0.172174 0.304082 0.097751 0.425993
0.092637 0.436160 0.139515 0.331687
0.211880 0.202778 0.179976 0.405367
0.187382 0.097982 0.626650 0.087986
0.383227 0.076456 0.142844 0.397474
0.395525 0.155876 0.257818 0.190781
0.357316 0.145924 0.334107 0.162654

MOTIF M35 O35
letter-probability matrix: alength= 4 w= 9 nsites= 11098 E= 1337.0e-6
0.000090 0.442602 0.325464 0.231844
0.028345 0.747561 0.020891 0.203203
0.222406 0.445006 0.309658 0.022930
0.227358 0.178779 0.179369 0.414495
0.636906 0.193478 0.018890 0.150726
0.330364 0.183447 0.470677 0.015512
0.388962 0.212707 0.377864 0.020466
0.122002 0.552694 0.295193 0.030111
0.076159 0.505298 0.178587 0.239956

MOTIF M36 O36
letter-probability matrix: alength= 4 w= 9 nsites= 11186 E= 1337.0e-6
0.031825 0.201591 0.128464 0.638119
0.018686 0.320966 0.102906 0.557443
0.361708 0.222968 0.130505 0.284819
0.389852 0.193444 0.293040 0.123664
0.496799 0.026964 0.476238 0.000000
0.000000 0.315488 0.325032 0.359480
0.432975 0.533720 0.031742 0.001564
0.000000 0.720298 0.063980 0.215721
0.348147 0.200525 0.113586 0.337742

MOTIF M37 O37
letter-probability matrix: alength= 4 w= 9 nsites= 11159 E= 1337.0e-6
0.722197 0.000000 0.129850 0.147952
0.000000 0.763885 0.012962 0.223152
0.331297 0.303850 0.001455 0.363398
0.111897 0.706154 0.179897 0.002051
0.084114 0.085007 0.454931 0.375948
0.423528 0.040605 0.135912 0.399955
0.348938 0.215657 0.279968 0.155437
0.213741 0.385566 0.155543 0.245150
0.379132 0.338570 0.282298 0.000000

MOTIF M38 O38
letter-probability matrix: alength= 4 w= 9 nsites= 9378 E= 1337.0e-6
0.060354 0.054809 0.078375 0.806462
0.008239 0.165122 0.245795 0.580844
0.399110 0.543656 0.056180 0.001053
0.083394 0.605455 0.055515 0.255636
0.523609 0.051679 0.226174 0.198538
0.140930 0.257280 0.549099 0.052691
0.626707 0.021796 0.204701 0.146796
0.676658 0.061936 0.014987 0.246419
0.476667 0.368998 0.132287 0.022048

MOTIF M39 O39
letter-probability matrix: alength= 4 w= 9 nsites= 11136 E= 1337.0e-6
0.204113 0.035650 0.622306 0.137931
0.041737 0.438331 0.416901 0.103032
0.220485 0.141511 0.199138 0.438866
0.344325 0.396723 0.068784 0.190168
0.458415 0.042358 0.481604 0.017623
0.798632 0.134314 0.056275 0.010778
0.777974 0.062559 0.000416 0.159051
0.231324 0.519975 0.123450 0.125252
0.215395 0.455609 0.115570 0.213427

MOTIF M40 O40
letter-probability matrix: alength= 4 w= 9 nsites= 11138 E= 1337.0e-6
0.177500 0.055845 0.713503 0.053151
0.048213 0.308045 0.499102 0.144640
0.317585 0.135979 0.264309 0.282127
0.105563 0.298537 0.061495 0.534405
0.552733 0.211296 0.109395 0.126576
0.212071 0.536874 0.182168 0.068886
0.794175 0.080883 0.104072 0.020870
0.384737 0.104328 0.011540 0.499395
0.209283 0.000000 0.387182 0.403535

MOTIF M41 O41
letter-probability matrix: alength= 4 w= 9 nsites= 11118 E= 1337.0e-6
0.039216 0.677010 0.005037 0.278737
0.668589 0.118039 0.211389 0.001982
0.088153 0.108398 0.091784 0.711666
0.222439 0.132406 0.301994 0.343162
0.189034 0.148500 0.216214 0.446252
0.232554 0.041582 0.068823 0.657041
0.512976 0.248947 0.119185 0.118891
0.416915 0.539805 0.029978 0.013302
0.079446 0.380016 0.310654 0.229884

MOTIF M42 O42
letter-probability matrix: alength= 4 w= 9 nsites= 11127 E= 1337.0e-6
0.188101 0.293341 0.051946 0.466613
0.121642 0.630460 0.128064 0.119834
0.281285 0.175733 0.250557 0.292425
0.353139 0.015577 0.063054 0.568231
0.043854 0.504367 0.302939 0.148840
0.269676 0.271701 0.008584 0.450039
0.841017 0.058370 0.100514 0.000099
0.000101 0.089776 0.444657 0.465467
0.476403 0.031532 0.064724 0.427342

MOTIF M43 O43
letter-probability matrix: alength= 4 w= 9 nsites= 11166 E= 1337.0e-6
0.680817 0.121888 0.029196 0.168100
0.008933 0.848587 0.092160 0.050319
0.217830 0.160344 0.000956 0.620869
0.063507 0.260815 0.604464 0.071215
0.138359 0.107244 0.026442 0.727955
0.200411 0.247816 0.246146 0.305627
0.003036 0.265347 0.336898 0.394719
0.160678 0.497557 0.297930 0.043834
0.000588 0.370115 0.028798 0.600500

MOTIF M44 O44
letter-probability matrix: alength= 4 w= 9 nsites= 11100 E= 1337.0e-6
0.280811 0.366036 0.003694 0.349459
0.108018 0.288378 0.122973 0.480631
0.456996 0.046610 0.189326 0.307068
0.258838 0.101641 0.496392 0.143128
0.243710 0.057828 0.519910 0.178552
0.000819 0.600418 0.392851 0.005912
0.044149 0.232813 0.094940 0.628098
0.460101 0.471722 0.049584 0.018594
0.024249 0.500589 0.010308 0.464854

MOTIF M45 O45
letter-probability matrix: alength= 4 w= 9 nsites= 11173 E= 1337.0e-6
0.009487 0.002059 0.987828 0.000627
0.069676 0.291331 0.382411 0.256582
0.214632 0.144791 0.309754 0.330823
0.228823 0.414124 0.087222 0.269831
0.180574 0.287695 0.214331 0.317400
0.287595 0.092319 0.188244 0.431843
0.065932 0.509935 0.169527 0.254606
0.544490 0.185850 0.224036 0.045624
0.680629 0.000091 0.271761 0.047520

MOTIF M46 O46
letter-probability matrix: alength= 4 w= 9 nsites= 10870 E= 1337.0e-6
0.126311 0.201472 0.487764 0.184453
0.016683 0.143595 0.792651 0.047071
0.293369 0.299730 0.249919 0.156981
0.038242 0.361297 0.406580 0.193881
0.077507 0.844694 0.051087 0.026711
0.362811 0.159215 0.198482 0.279492
0.118913 0.664276 0.141761 0.075050
0.072933 0.369017 0.536466 0.021584
0.132317 0.392043 0.194532 0.281108

MOTIF M47 O47
letter-probability matrix: alength= 4 w= 9 nsites= 11183 E= 1337.0e-6
0.003845 0.119914 0.745596 0.130645
0.020388 0.610480 0.331754 0.037378
0.436824 0.228561 0.054011 0.280604
0.262810 0.138961 0.591881 0.006349
0.423142 0.379952 0.194670 0.002236
0.317178 0.423768 0.099973 0.159081
0.032931 0.413065 0.179418 0.374586
0.145314 0.116323 0.462591 0.275772
0.200869 0.345820 0.275335 0.177977

MOTIF M48 O48
letter-probability matrix: alength= 4 w= 9 nsites= 11121 E= 1337.0e-6
0.000719 0.996763 0.000450 0.002068
0.230162 0.323016 0.133266 0.313556
0.145104 0.584067 0.165699 0.105130
0.162658 0.148594 0.386906 0.301843
0.372374 0.082685 0.057685 0.487257
0.549463 0.120683 0.057561 0.272293
0.106600 0.345984 0.192017 0.355399
0.589698 0.071521 0.098663 0.240119
0.116088 0.490351 0.197880 0.195680

MOTIF M49 O49
letter-probability matrix: alength= 4 w= 9 nsites= 10890 E= 1337.0e-6
0.168228 0.463085 0.302388 0.066299
0.361157 0.199449 0.092011 0.347383
0.208081 0.073278 0.231313 0.487328
0.310872 0.055694 0.532173 0.101261
0.025190 0.221337 0.730135 0.023338
0.507737 0.012770 0.000280 0.479213
0.005306 0.249005 0.363369 0.382319
0.018299 0.000876 0.297645 0.683181
0.070413 0.112581 0.620581 0.196425

MOTIF M50 O50
letter-probability matrix: alength= 4 w= 9 nsites= 11065 E= 1337.0e-6
0.197560 0.043561 0.020334 0.738545
0.246945 0.048429 0.363719 0.340907
0.116895 0.336628 0.528974 0.017502
0.364199 0.076041 0.001910 0.557850
0.326683 0.000000 0.239683 0.433634
0.255554 0.598862 0.097209 0.048375
0.246012 0.118108 0.190969 0.444911
0.367692 0.001777 0.370031 0.260499
0.103954 0.000284 0.483541 0.412221

MOTIF M51 O51
letter-probability matrix: alength= 4 w= 9 nsites= 10099 E= 1337.0e-6
0.391623 0.153283 0.000990 0.454104
0.820873 0.004951 0.054362 0.119814
0.281645 0.281247 0.032268 0.404840
0.359826 0.332155 0.000202 0.307817
0.274177 0.218915 0.129216 0.377692
0.473620 0.231084 0.002965 0.292331
0.372343 0.025077 0.001651 0.600929
0.345762 0.559410 0.003843 0.090985
0.347900 0.218813 0.116813 0.316474

MOTIF M52 O52
letter-probability matrix: alength= 4 w= 9 nsites= 11087 E= 1337.0e-6
0.003427 0.531794 0.000361 0.464418
0.266229 0.118599 0.591947 0.023225
0.348006 0.347809 0.003849 0.300336
0.156295 0.376468 0.007109 0.460128
0.144375 0.287999 0.082117 0.485509
0.425419 0.259378 0.010371 0.304832
0.297146 0.173923 0.334975 0.193956
0.163675 0.518907 0.040072 0.277345
0.048180 0.821126 0.069810 0.060883

MOTIF M53 O53
letter-probability matrix: alength= 4 w= 9 nsites= 11185 E= 1337.0e-6
0.108538 0.000000 0.881985 0.009477
0.025340 0.702047 0.216250 0.056362
0.202136 0.358217 0.031012 0.408635
0.219563 0.163871 0.218620 0.397946
0.161733 0.141837 0.251975 0.444455
0.240757 0.324735 0.123627 0.310882
0.252423 0.256452 0.087211 0.403914
0.298947 0.116517 0.339996 0.244540
0.039053 0.825641 0.133333 0.001972

MOTIF M54 O54
letter-probability matrix: alength= 4 w= 9 nsites= 6637 E= 1337.0e-6
0.159560 0.191954 0.261564 0.386922
0.403948 0.187283 0.344433 0.064336
0.000753 0.125057 0.000000 0.874190
0.000609 0.020405 0.593878 0.385107
0.901099 0.003822 0.095079 0.000000
0.030249 0.413677 0.307160 0.248914
0.211772 0.159158 0.316014 0.313055
0.122432 0.411725 0.000000 0.465843
0.738856 0.170453 0.058412 0.032280

MOTIF M55 O55
letter-probability matrix: alength= 4 w= 9 nsites= 11164 E= 1337.0e-6
0.034038 0.532515 0.000000 0.433447
0.506934 0.332352 0.080357 0.080357
0.542226 0.050576 0.042706 0.364491
0.500976 0.032214 0.424541 0.042269
0.745641 0.180632 0.072930 0.000797
0.233599 0.134039 0.607001 0.025362
0.019364 0.541974 0.191404 0.247258
0.239181 0.256395 0.239908 0.264517
0.338730 0.092403 0.433873 0.134994

MOTIF M56 O56
letter-probability matrix: alength= 4 w= 9 nsites= 8978 E= 1337.0e-6
0.288817 0.262865 0.110158 0.338160
0.385107 0.009726 0.312527 0.292640
0.345478 0.478154 0.095079 0.081289
0.000000 1.000000 0.000000 0.000000
0.021393 0.817413 0.000995 0.160199
0.934113 0.051108 0.003079 0.011700
0.009500 0.633946 0.028499 0.328056
0.270253 0.088140 0.066753 0.574854
0.193063 0.184555 0.295157 0.327225

MOTIF M57 O57
letter-probability matrix: alength= 4 w= 9 nsites= 11111 E= 1337.0e-6
0.023670 0.579426 0.003960 0.392944
0.167876 0.093030 0.495362 0.243732
0.374041 0.022927 0.351207 0.251825
0.153488 0.442620 0.147034 0.256858
0.376326 0.210882 0.083156 0.329635
0.299632 0.224021 0.274622 0.201725
0.466453 0.147413 0.001167 0.384967
0.073893 0.838237 0.017789 0.070081
0.009547 0.673993 0.022775 0.293685

MOTIF M58 O58
letter-probability matrix: alength= 4 w= 9 nsites= 11083 E= 1337.0e-6
0.476586 0.031219 0.050889 0.441307
0.198180 0.362717 0.028955 0.410148
0.279760 0.271831 0.352577 0.095832
0.571019 0.206429 0.175569 0.046983
0.282833 0.568777 0.112270 0.036119
0.022458 0.488563 0.000000 0.488979
0.145429 0.339155 0.508301 0.007115
0.057362 0.700383 0.242146 0.000109
0.505766 0.304724 0.026392 0.163118

MOTIF M59 O59
letter-probability matrix: alength= 4 w= 9 nsites= 11179 E= 1337.0e-6
0.302442 0.252795 0.125056 0.319707
0.102076 0.324404 0.404190 0.169329
0.075695 0.108304 0.164023 0.651978
0.163748 0.518345 0.172399 0.145508
0.341627 0.543568 0.000000 0.114805
0.657968 0.202278 0.139356 0.000397
0.005768 0.007316 0.103123 0.883793
0.023781 0.770921 0.199428 0.005870
0.016177 0.497723 0.054186 0.431915

MOTIF M60 O60
letter-probability matrix: alength= 4 w= 9 nsites= 11138 E= 1337.0e-6
0.108188 0.010684 0.842252 0.038876
0.260995 0.065319 0.111629 0.562057
0.081984 0.655494 0.054466 0.208056
0.209282 0.235283 0.169152 0.386283
0.441658 0.117582 0.148651 0.292108
0.226010 0.037902 0.585681 0.150406
0.623216 0.034207 0.063253 0.279324
0.158675 0.573970 0.030978 0.236377
0.116461 0.437546 0.056911 0.389082

MOTIF M61 O61
letter-probability matrix: alength= 4 w= 9 nsites= 10928 E= 1337.0e-6
0.198481 0.343796 0.150256 0.307467
0.364202 0.416911 0.216325 0.002562
0.051552 0.000466 0.367484 0.580498
0.556229 0.418814 0.014954 0.010003
0.362192 0.598149 0.032190 0.007469
0.237850 0.555655 0.206383 0.000112
0.513660 0.023401 0.015793 0.447147
0.048838 0.596267 0.222822 0.132073
0.388477 0.234229 0.001702 0.375593

MOTIF M62 O62
letter-probability matrix: alength= 4 w= 9 nsites= 11172 E= 1337.0e-6
0.000179 0.998657 0.001164 0.000000
0.452763 0.014149 0.248948 0.284141
0.087085 0.363229 0.470493 0.079193
0.152379 0.322830 0.281784 0.243008
0.070042 0.222480 0.090386 0.617092
0.478278 0.097608 0.178086 0.246029
0.179235 0.202679 0.253019 0.365066
0.301347 0.248290 0.416477 0.033886
0.573024 0.110643 0.072708 0.243625

MOTIF M63 O63
letter-probability matrix: alength= 4 w= 9 nsites= 11180 E= 1337.0e-6
0.186762 0.467531 0.341950 0.003757
0.540072 0.018157 0.001163 0.440608
0.310293 0.062226 0.363018 0.264462
0.367908 0.074771 0.286996 0.270326
0.000690 0.801202 0.117879 0.080229
0.168558 0.233524 0.147527 0.450390
0.238759 0.337722 0.006471 0.417048
0.000000 0.009292 0.019407 0.971301
0.150724 0.173748 0.460361 0.215167

MOTIF M64 O64
letter-probability matrix: alength= 4 w= 9 nsites= 11102 E= 1337.0e-6
0.033237 0.797604 0.006485 0.162673
0.626883 0.030496 0.033763 0.308858
0.126739 0.140831 0.391036 0.341395
0.629488 0.022655 0.035992 0.311866
0.469210 0.374600 0.075487 0.080703
0.000461 0.422736 0.095150 0.481652
0.502701 0.001025 0.175205 0.321069
0.379165 0.086578 0.253463 0.280794
0.327080 0.089634 0.169983 0.413303

MOTIF M65 O65
letter-probability matrix: alength= 4 w= 9 nsites= 11103 E= 1337.0e-6
0.409619 0.102585 0.023777 0.464019
0.050857 0.467178 0.084851 0.397115
0.385555 0.000000 0.443802 0.170643
0.300321 0.162328 0.039427 0.497925
0.224601 0.033164 0.398547 0.343687
0.605676 0.296590 0.097346 0.000387
0.102260 0.620768 0.071563 0.205409
0.266003 0.039008 0.269738 0.425252
0.001894 0.000210 0.732562 0.265334

MOTIF M66 O66
letter-probability matrix: alength= 4 w= 9 nsites= 11132 E= 1337.0e-6
0.016888 0.425799 0.095041 0.462271
0.019943 0.237513 0.214786 0.527758
0.098455 0.308750 0.592077 0.000719
0.518555 0.026777 0.111061 0.343607
0.041086 0.458959 0.309089 0.190866
0.002977 0.137020 0.489536 0.370467
0.496180 0.321630 0.119520 0.062671
0.012626 0.286734 0.200549 0.500091
0.393056 0.320925 0.244244 0.041775

MOTIF M67 O67
letter-probability matrix: alength= 4 w= 9 nsites= 10618 E= 1337.0e-6
0.158975 0.477774 0.160671 0.202581
0.283614 0.048346 0.665813 0.002228
0.332806 0.018131 0.637868 0.011195
0.337065 0.290417 0.372518 0.000000
0.077461 0.351458 0.471142 0.099939
0.010842 0.285827 0.354494 0.348837
0.019495 0.445829 0.163471 0.371205
0.067480 0.446504 0.485691 0.000325
0.188602 0.617244 0.111039 0.083116

MOTIF M68 O68
letter-probability matrix: alength= 4 w= 9 nsites= 11160 E= 1337.0e-6
0.060125 0.075179 0.087186 0.777509
0.000451 0.307678 0.651358 0.040512
0.539421 0.009076 0.440136 0.011368
0.375508 0.244366 0.246398 0.133727
0.362609 0.150425 0.022610 0.464356
0.162406 0.544590 0.142994 0.150010
0.258396 0.310747 0.010075 0.420782
0.239916 0.118499 0.038829 0.602756
0.055307 0.378711 0.387759 0.178223

MOTIF M69 O69
letter-probability matrix: alength= 4 w= 9 nsites= 10976 E= 1337.0e-6
0.214286 0.585277 0.166272 0.034165
0.168315 0.413676 0.061034 0.356975
0.132332 0.132813 0.568333 0.166522
0.459491 0.165618 0.116833 0.258058
0.010495 0.178117 0.227480 0.583908
0.048647 0.001275 0.488231 0.461848
0.508060 0.488159 0.003781 0.000000
0.242879 0.652340 0.035430 0.069351
0.091978 0.256548 0.228810 0.422664

MOTIF M70 O70
letter-probability matrix: alength= 4 w= 9 nsites= 11120 E= 1337.0e-6
0.598471 0.236511 0.010072 0.154946
0.236601 0.016187 0.709532 0.037680
0.349074 0.218654 0.262907 0.169365
0.411532 0.477467 0.063596 0.047405
0.345181 0.354630 0.215513 0.084676
0.528093 0.046641 0.368990 0.056276
0.322072 0.236396 0.392072 0.049459
0.329872 0.388929 0.270905 0.010294
0.156827 0.494608 0.343447 0.005118

MOTIF M71 O71
letter-probability matrix: alength= 4 w= 9 nsites= 10818 E= 1337.0e-6
0.146608 0.197079 0.150767 0.505546
0.655059 0.000655 0.258167 0.086118
0.155759 0.068754 0.000000 0.775487
0.682555 0.116171 0.061656 0.139618
0.495442 0.025698 0.191524 0.287335
0.289838 0.119293 0.263034 0.327835
0.447350 0.024063 0.170031 0.358556
0.275772 0.007565 0.219084 0.497579
0.279664 0.031870 0.387003 0.301464

MOTIF M72 O72
letter-probability matrix: alength= 4 w= 9 nsites= 11187 E= 1337.0e-6
0.099669 0.045231 0.412264 0.442835
0.100599 0.407136 0.213002 0.279263
0.255479 0.510421 0.009303 0.224796
0.670198 0.019485 0.310317 0.000000
0.388421 0.252514 0.043309 0.315756
0.026559 0.749556 0.166277 0.057608
0.188618 0.158285 0.141982 0.511116
0.063695 0.487531 0.013508 0.435266
0.174448 0.491566 0.223528 0.110458

MOTIF M73 O73
letter-probability matrix: alength= 4 w= 9 nsites= 10791 E= 1337.0e-6
0.525531 0.036790 0.078121 0.359559
0.384542 0.079475 0.043065 0.492918
0.256113 0.011203 0.252898 0.479786
0.527665 0.053350 0.152628 0.266357
0.152435 0.189517 0.038986 0.619062
0.143971 0.619335 0.000000 0.236694
0.091923 0.555792 0.000106 0.352179
0.510235 0.199368 0.279399 0.010997
0.299481 0.010609 0.529672 0.160239

MOTIF M74 O74
letter-probability matrix: alength= 4 w= 9 nsites= 11118 E= 1337.0e-6
0.088235 0.107753 0.797176 0.006836
0.056602 0.097835 0.297442 0.548121
0.124150 0.316465 0.158988 0.400397
0.503412 0.001896 0.091564 0.403128
0.156985 0.563635 0.072712 0.206669
0.520247 0.141007 0.125254 0.213492
0.352198 0.124465 0.427557 0.095780
0.366265 0.000197 0.016088 0.617450
0.210332 0.002194 0.224494 0.562980

MOTIF M75 O75
letter-probability matrix: alength= 4 w= 9 nsites= 11170 E= 1337.0e-6
0.101164 0.036795 0.048612 0.813429
0.881271 0.061025 0.050256 0.007449
0.073951 0.560530 0.140425 0.225095
0.363991 0.098662 0.213582 0.323764
0.325987 0.113968 0.558915 0.001130
0.006936 0.305299 0.395761 0.292004
0.390964 0.197365 0.323293 0.088378
0.075891 0.214658 0.273728 0.435723
0.409077 0.217468 0.165438 0.208017

MOTIF M76 O76
letter-probability matrix: alength= 4 w= 9 nsites= 11052 E= 1337.0e-6
0.222765 0.077814 0.690101 0.009320
0.128217 0.062494 0.394055 0.415234
0.395064 0.382725 0.200960 0.021252
0.233416 0.155116 0.275927 0.335541
0.336083 0.222763 0.206163 0.234990
0.108544 0.287791 0.231926 0.371739
0.028936 0.119662 0.721290 0.130112
0.041696 0.694396 0.240618 0.023289
0.033171 0.668705 0.205245 0.092879

MOTIF M77 O77
letter-probability matrix: alength= 4 w= 9 nsites= 10930 E= 1337.0e-6
0.000823 0.001098 0.985361 0.012717
0.375785 0.116660 0.002453 0.505102
0.305913 0.193625 0.172442 0.328021
0.288297 0.260907 0.179279 0.271517
0.318659 0.179174 0.229699 0.272468
0.294827 0.296567 0.185920 0.222686
0.358041 0.156309 0.179673 0.305977
0.004857 0.988100 0.000000 0.007043
0.038905 0.461285 0.004689 0.495121

MOTIF M78 O78
letter-probability matrix: alength= 4 w= 9 nsites= 11186 E= 1337.0e-6
0.236081 0.005913 0.473344 0.284662
0.702836 0.001736 0.226273 0.069155
0.077475 0.480975 0.405270 0.036280
0.216175 0.015990 0.277163 0.490672
0.237512 0.009530 0.728349 0.024610
0.193368 0.116710 0.008829 0.681094
0.602003 0.114636 0.167613 0.115748
0.235268 0.195460 0.341832 0.227440
0.324838 0.064064 0.568814 0.042285

MOTIF M79 O79
letter-probability matrix: alength= 4 w= 9 nsites= 11177 E= 1337.0e-6
0.056187 0.268050 0.302675 0.373088
0.676096 0.117729 0.176195 0.029980
0.349525 0.022459 0.347958 0.280058
0.000356 0.497745 0.499525 0.002374
0.026611 0.655105 0.190462 0.127822
0.304894 0.030377 0.619914 0.044815
0.163766 0.180578 0.655657 0.000000
0.040478 0.038049 0.216353 0.705120
0.010025 0.225245 0.376432 0.388298

MOTIF M80 O80
letter-probability matrix: alength= 4 w= 9 nsites= 11175 E= 1337.0e-6
0.375213 0.000000 0.000000 0.624787
0.372949 0.100716 0.427794 0.098540
0.098166 0.836694 0.064775 0.000365
0.493810 0.060039 0.233175 0.212976
0.028823 0.425978 0.011978 0.533221
0.304943 0.136526 0.380865 0.177666
0.350862 0.142955 0.120265 0.385919
0.054424 0.350654 0.511072 0.083850
0.178521 0.214084 0.166230 0.441165

MOTIF M81 O81
letter-probability matrix: alength= 4 w= 9 nsites= 11155 E= 1337.0e-6
0.937875 0.000269 0.032362 0.029494
0.153069 0.168682 0.581137 0.097112
0.006730 0.273857 0.483784 0.235629
0.059293 0.442725 0.342687 0.155295
0.589484 0.056117 0.002427 0.351972
0.331867 0.274793 0.052466 0.340873
0.226220 0.226113 0.318885 0.228782
0.095922 0.254051 0.566177 0.083850
0.042182 0.156250 0.215216 0.586352

MOTIF M82 O82
letter-probability matrix: alength= 4 w= 9 nsites= 11177 E= 1337.0e-6
0.709672 0.032656 0.218127 0.039545
0.303044 0.021614 0.464517 0.210825
0.068922 0.616100 0.231288 0.083690
0.185587 0.175941 0.240957 0.397514
0.107500 0.560007 0.051555 0.280938
0.187198 0.476339 0.130488 0.205974
0.198912 0.419672 0.188037 0.193379
0.129802 0.026822 0.213909 0.629466
0.040494 0.038276 0.881990 0.039240

MOTIF M83 O83
letter-probability matrix: alength= 4 w= 9 nsites= 11080 E= 1337.0e-6
0.060921 0.608123 0.259657 0.071300
0.376677 0.155738 0.289121 0.178465
0.252441 0.081504 0.323020 0.343034
0.163035 0.014730 0.026533 0.795702
0.009460 0.830676 0.105336 0.054528
0.248893 0.294931 0.023019 0.433156
0.463656 0.173801 0.269857 0.092686
0.153286 0.021492 0.792472 0.032750
0.361895 0.234228 0.208419 0.195458

MOTIF M84 O84
letter-probability matrix: alength= 4 w= 9 nsites= 7308 E= 1337.0e-6
0.039272 0.001642 0.814313 0.144773
0.573755 0.233990 0.024357 0.167898
0.651166 0.090896 0.125878 0.132060
0.092598 0.667048 0.115747 0.124607
0.325754 0.190431 0.152850 0.330965
0.210389 0.319166 0.033708 0.436737
0.425832 0.004373 0.006559 0.563236
0.000000 0.749915 0.248041 0.002044
0.059112 0.318468 0.033403 0.589017

MOTIF M85 O85
letter-probability matrix: alength= 4 w= 9 nsites= 11052 E= 1337.0e-6
0.643956 0.047774 0.081614 0.226656
0.181383 0.801014 0.010810 0.006792
0.025556 0.474316 0.084334 0.415794
0.142502 0.052762 0.636510 0.168226
0.086194 0.058181 0.637371 0.218255
0.023375 0.100384 0.212776 0.663465
0.034982 0.453628 0.031891 0.479499
0.075305 0.160461 0.252296 0.511939
0.321703 0.094407 0.420729 0.163161

MOTIF M86 O86
letter-probability matrix: alength= 4 w= 9 nsites= 11161 E= 1337.0e-6
0.328107 0.084939 0.163157 0.423797
0.016576 0.182690 0.441627 0.359108
0.367930 0.194586 0.141167 0.296316
0.123062 0.180066 0.186340 0.510532
0.014639 0.086933 0.755007 0.143422
0.467745 0.386339 0.127304 0.018612
0.741944 0.098666 0.158755 0.000635
0.511774 0.071468 0.023457 0.393300
0.397686 0.475613 0.061360 0.065340

MOTIF M87 O87
letter-probability matrix: alength= 4 w= 9 nsites= 11123 E= 1337.0e-6
0.000629 0.790075 0.000719 0.208577
0.072311 0.250473 0.420070 0.257145
0.195124 0.498691 0.102844 0.203341
0.078412 0.218233 0.145519 0.557837
0.033488 0.175243 0.474090 0.317179
0.435716 0.205947 0.196490 0.161848
0.165209 0.203734 0.444809 0.186248
0.073691 0.463841 0.148847 0.313621
0.041818 0.026451 0.299525 0.632206

MOTIF M88 O88
letter-probability matrix: alength= 4 w= 9 nsites= 11159 E= 1337.0e-6
0.005377 0.316247 0.377364 0.301013
0.358097 0.120172 0.327090 0.194641
0.231852 0.341011 0.031009 0.396128
0.252969 0.116679 0.077636 0.552717
0.173802 0.000000 0.636215 0.189983
0.178081 0.067472 0.037515 0.716932
0.240041 0.303425 0.390823 0.065711
0.051132 0.225660 0.518774 0.204434
0.870405 0.010670 0.097197 0.021729

MOTIF M89 O89
letter-probability matrix: alength= 4 w= 9 nsites= 11102 E= 1337.0e-6
0.000000 0.173032 0.823816 0.003153
0.453491 0.018143 0.041260 0.487106
0.612567 0.124426 0.127582 0.135425
0.211099 0.000583 0.188259 0.600058
0.053285 0.177314 0.337471 0.431931
0.387360 0.085885 0.285081 0.241674
0.204978 0.476679 0.306317 0.012027
0.221866 0.121844 0.078092 0.578199
0.540255 0.077164 0.305957 0.076624

MOTIF M90 O90
letter-probability matrix: alength= 4 w= 9 nsites= 10916 E= 1337.0e-6
0.388421 0.082906 0.528674 0.000000
0.068407 0.324695 0.576982 0.029916
0.471564 0.058680 0.070479 0.399277
0.380046 0.202411 0.244884 0.172658
0.322286 0.028633 0.030211 0.618870
0.107626 0.711376 0.103807 0.077190
0.735493 0.056722 0.125193 0.082592
0.255268 0.143889 0.472366 0.128477
0.785907 0.002451 0.043015 0.168627

MOTIF M91 O91
letter-probability matrix: alength= 4 w= 9 nsites= 10867 E= 1337.0e-6
0.131867 0.057053 0.714733 0.096347
0.075003 0.694306 0.219426 0.011266
0.438911 0.411315 0.091947 0.057827
0.346249 0.223662 0.298043 0.132046
0.325056 0.497809 0.162661 0.014474
0.015805 0.278462 0.134744 0.570988
0.108564 0.323938 0.002697 0.564801
0.000137 0.353375 0.002596 0.643892
0.008635 0.261142 0.382730 0.347493

MOTIF M92 O92
letter-probability matrix: alength= 4 w= 9 nsites= 11163 E= 1337.0e-6
0.225835 0.005106 0.759742 0.009316
0.369698 0.017521 0.428163 0.184618
0.057031 0.633984 0.047461 0.261523
0.198848 0.228489 0.263674 0.308988
0.181828 0.177750 0.139119 0.501303
0.038249 0.217018 0.380487 0.364246
0.035357 0.317143 0.001429 0.646071
0.072525 0.082679 0.028889 0.815907
0.033950 0.428729 0.138742 0.398578

MOTIF M93 O93
letter-probability matrix: alength= 4 w= 9 nsites= 11159 E= 1337.0e-6
0.633121 0.033784 0.333005 0.000090
0.000448 0.022230 0.726605 0.250717
0.547875 0.093854 0.320368 0.037903
0.044700 0.617041 0.312352 0.025908
0.166407 0.344687 0.069774 0.419132
0.338860 0.317675 0.008802 0.334664
0.379971 0.141490 0.060909 0.417631
0.082657 0.257262 0.217215 0.442866
0.194014 0.002907 0.327519 0.475560

MOTIF M94 O94
letter-probability matrix: alength= 4 w= 9 nsites= 10905 E= 1337.0e-6
0.201467 0.001009 0.278771 0.518753
0.285922 0.092163 0.516484 0.105432
0.003898 0.026732 0.248051 0.721319
0.016628 0.043208 0.625293 0.314871
0.618009 0.018970 0.101010 0.262010
0.394793 0.447365 0.109381 0.048461
0.053060 0.305510 0.124316 0.517114
0.145809 0.041196 0.491618 0.321378
0.001845 0.564238 0.426934 0.006984

MOTIF M95 O95
letter-probability matrix: alength= 4 w= 9 nsites= 10488 E= 1337.0e-6
0.269069 0.449466 0.012109 0.269355
0.687262 0.273074 0.000095 0.039569
0.033658 0.117277 0.234840 0.614226
0.278377 0.040000 0.461957 0.219666
0.141721 0.031142 0.440207 0.386930
0.272277 0.252842 0.044991 0.429890
0.380824 0.205098 0.070390 0.343688
0.056537 0.121295 0.042834 0.779334
0.628633 0.282197 0.013241 0.075928

MOTIF M96 O96
letter-probability matrix: alength= 4 w= 9 nsites= 11184 E= 1337.0e-6
0.077521 0.906205 0.016094 0.000179
0.281543 0.118419 0.587881 0.012158
0.234942 0.387934 0.028185 0.348938
0.268713 0.388499 0.153704 0.189084
0.468144 0.120630 0.098375 0.312851
0.329572 0.139450 0.341152 0.189826
0.202810 0.273371 0.128663 0.395156
0.065564 0.436958 0.366149 0.131329
0.128095 0.051972 0.164476 0.655457

MOTIF M97 O97
letter-probability matrix: alength= 4 w= 9 nsites= 11178 E= 1337.0e-6
0.185543 0.313026 0.002237 0.499195
0.091517 0.427229 0.171741 0.309513
0.594809 0.002186 0.102550 0.300455
0.032302 0.057578 0.560909 0.349211
0.638491 0.007617 0.006241 0.347651
0.198246 0.345362 0.049654 0.406737
0.030534 0.224714 0.132061 0.612691
0.508789 0.001589 0.278280 0.211342
0.190289 0.167575 0.599132 0.043004

MOTIF M98 O98
letter-probability matrix: alength= 4 w= 9 nsites= 11175 E= 1337.0e-6
0.000000 0.076152 0.344787 0.579060
0.612674 0.340364 0.000180 0.046782
0.002746 0.250709 0.196430 0.550114
0.654127 0.298778 0.037999 0.009097
0.173938 0.329261 0.157359 0.339442
0.815264 0.031700 0.081586 0.071450
0.348307 0.202291 0.407497 0.041905
0.067353 0.193233 0.307030 0.432384
0.289896 0.151830 0.283233 0.275041

MOTIF M99 O99
letter-probability matrix: alength= 4 w= 9 nsites= 11111 E= 1337.0e-6
0.114481 0.286383 0.509225 0.089911
0.398728 0.446343 0.133576 0.021354
0.489593 0.003834 0.004565 0.502008
0.009098 0.533817 0.251608 0.205477
0.040966 0.579630 0.342948 0.036456
0.256659 0.194254 0.065544 0.483543
0.350110 0.015818 0.132586 0.501486
0.479427 0.214154 0.261594 0.044825
0.248461 0.388471 0.332682 0.030386

MOTIF M100 O100
letter-probability matrix: alength= 4 w= 9 nsites= 11179 E= 1337.0e-6
0.030056 0.000179 0.956615 0.013150
0.080609 0.284338 0.319553 0.315500
0.161892 0.221802 0.355946 0.260360
0.091286 0.515905 0.084437 0.308372
0.209619 0.157643 0.165584 0.467154
0.297924 0.241787 0.200451 0.259838
0.274182 0.100253 0.624119 0.001446
0.417302 0.236928 0.191993 0.153776
0.150866 0.687329 0.051960 0.109845

MOTIF M101 O101
letter-probability matrix: alength= 4 w= 9 nsites= 10990 E= 1337.0e-6
0.431847 0.212375 0.001092 0.354686
0.048847 0.005671 0.146085 0.799396
0.654123 0.342975 0.002902 0.000000
0.233092 0.108538 0.356971 0.301399
0.272754 0.000000 0.440686 0.286560
0.300311 0.025721 0.619009 0.054958
0.534211 0.063550 0.145864 0.256376
0.301323 0.013338 0.228020 0.457320
0.292242 0.236577 0.251260 0.219921

MOTIF M102 O102
letter-probability matrix: alength= 4 w= 9 nsites= 11171 E= 1337.0e-6
0.005371 0.989795 0.004834 0.000000
0.027788 0.091438 0.028915 0.851859
0.376447 0.099783 0.387838 0.135931
0.226682 0.210665 0.035613 0.527040
0.418223 0.167044 0.226467 0.188266
0.246200 0.200887 0.171151 0.381762
0.284215 0.092957 0.322676 0.300153
0.662320 0.075168 0.226942 0.035570
0.300930 0.167506 0.345565 0.185999

MOTIF M103 O103
letter-probability matrix: alength= 4 w= 9 nsites= 11186 E= 1337.0e-6
0.361434 0.598158 0.005632 0.034776
0.108300 0.011306 0.585016 0.295379
0.039072 0.115683 0.550442 0.294802
0.007329 0.314430 0.492350 0.185891
0.801544 0.001488 0.001488 0.195480
0.278987 0.248124 0.192964 0.279925
0.083637 0.148934 0.414346 0.353082
0.448958 0.113438 0.272193 0.165411
0.199762 0.427440 0.189269 0.183528

MOTIF M104 O104
letter-probability matrix: alength= 4 w= 9 nsites= 10998 E= 1337.0e-6
0.503091 0.155937 0.333606 0.007365
0.022872 0.054128 0.244760 0.678239
0.391320 0.000000 0.220768 0.387911
0.342007 0.138618 0.004586 0.514788
0.002833 0.399707 0.362970 0.234489
0.543234 0.149428 0.273814 0.033524
0.175843 0.068558 0.438560 0.317040
0.251077 0.263787 0.001185 0.483951
0.671463 0.297342 0.023726 0.007469

MOTIF M105 O105
letter-probability matrix: alength= 4 w= 9 nsites= 11177 E= 1337.0e-6
0.033372 0.588172 0.092690 0.285765
0.498979 0.129709 0.015123 0.356189
0.140078 0.296272 0.538953 0.024697
0.501043 0.161351 0.245007 0.092598
0.396015 0.442646 0.143840 0.017499
0.044696 0.583414 0.172967 0.198923
0.120407 0.308550 0.028785 0.542259
0.052658 0.081003 0.015747 0.850592
0.020469 0.320675 0.658728 0.000129

MOTIF M106 O106
letter-probability matrix: alength= 4 w= 9 nsites= 10836 E= 1337.0e-6
0.029254 0.035622 0.435862 0.499262
0.015159 0.008377 0.528174 0.448290
0.208217 0.021941 0.072204 0.697638
0.329079 0.020515 0.255248 0.395157
0.041852 0.432306 0.281449 0.244394
0.341052 0.231309 0.424313 0.003326
0.102606 0.000000 0.411420 0.485974
0.203659 0.353077 0.361392 0.081873
0.003815 0.326493 0.000132 0.669561

MOTIF M107 O107
letter-probability matrix: alength= 4 w= 9 nsites= 7644 E= 1337.0e-6
0.003532 0.041863 0.375327 0.579278
0.189998 0.006951 0.711334 0.091717
0.469119 0.483667 0.007686 0.039528
0.163782 0.244231 0.513141 0.078846
0.000000 0.031412 0.037970 0.930618
0.176244 0.821654 0.000000 0.002102
0.994296 0.005704 0.000000 0.000000
0.054305 0.254019 0.255448 0.436227
0.277638 0.257832 0.226143 0.238387

MOTIF M108 O108
letter-probability matrix: alength= 4 w= 9 nsites= 10238 E= 1337.0e-6
0.038679 0.734518 0.163020 0.063782
0.425279 0.270196 0.125555 0.178970
0.538231 0.072260 0.386508 0.003001
0.160665 0.198603 0.636035 0.004697
0.008931 0.611031 0.355419 0.024620
0.051513 0.179808 0.117240 0.651440
0.120221 0.182721 0.480760 0.216299
0.023991 0.444513 0.444882 0.086614
0.095344 0.401754 0.270224 0.232679

MOTIF M109 O109
letter-probability matrix: alength= 4 w= 9 nsites= 9995 E= 1337.0e-6
0.293147 0.146873 0.000100 0.559880
0.878739 0.039320 0.003002 0.078939
0.019126 0.009563 0.154117 0.817193
0.478759 0.001433 0.363804 0.156004
0.323779 0.089507 0.096854 0.489859
0.079987 0.260723 0.225314 0.433976
0.179221 0.510486 0.106249 0.204045
0.172741 0.295177 0.143169 0.388913
0.284510 0.091323 0.198846 0.425322

MOTIF M110 O110
letter-probability matrix: alength= 4 w= 9 nsites= 11150 E= 1337.0e-6
0.080359 0.485740 0.269417 0.164484
0.136503 0.444015 0.374191 0.045291
0.003461 0.243465 0.108753 0.644321
0.533433 0.092921 0.001121 0.372525
0.551996 0.247243 0.117586 0.083175
0.061173 0.497211 0.159342 0.282275
0.174334 0.487994 0.042978 0.294693
0.084970 0.261317 0.011763 0.641949
0.459412 0.362549 0.172663 0.005375

MOTIF M111 O111
letter-probability matrix: alength= 4 w= 9 nsites= 11126 E= 1337.0e-6
0.124753 0.458835 0.010875 0.405537
0.269482 0.167180 0.212215 0.351124
0.175032 0.391097 0.087012 0.346858
0.746798 0.010005 0.043946 0.199252
0.044970 0.641935 0.076742 0.236353
0.142451 0.223333 0.445196 0.189020
0.018635 0.176625 0.610999 0.193741
0.583948 0.080781 0.000104 0.335168
0.059504 0.486754 0.032590 0.421152

MOTIF M112 O112
letter-probability matrix: alength= 4 w= 9 nsites= 10873 E= 1337.0e-6
0.312609 0.093994 0.000000 0.593396
0.748113 0.037832 0.166912 0.047143
0.228150 0.131098 0.621850 0.018902
0.368337 0.101819 0.373338 0.156506
0.026258 0.253759 0.642297 0.077686
0.050376 0.171280 0.154372 0.623972
0.217509 0.081011 0.028360 0.673120
0.260891 0.624720 0.062858 0.051531
0.269285 0.243360 0.203075 0.284280

MOTIF M113 O113
letter-probability matrix: alength= 4 w= 9 nsites= 8306 E= 1337.0e-6
0.450879 0.300626 0.104503 0.143992
0.167349 0.120997 0.064050 0.647604
0.350137 0.000000 0.269085 0.380778
0.001950 0.948182 0.049868 0.000000
0.000000 0.564503 0.036483 0.399014
0.350754 0.152403 0.495616 0.001228
0.224210 0.061347 0.706409 0.008034
0.442176 0.265454 0.054390 0.237980
0.539439 0.181682 0.037570 0.241308

MOTIF M114 O114
letter-probability matrix: alength= 4 w= 9 nsites= 11172 E= 1337.0e-6
0.086556 0.553079 0.002596 0.357769
0.249754 0.207650 0.388247 0.154349
0.290464 0.298799 0.125291 0.285445
0.261849 0.002244 0.511131 0.224776
0.140534 0.104592 0.266780 0.488094
0.204572 0.041940 0.250293 0.503195
0.568541 0.001173 0.424871 0.005415
0.248932 0.547379 0.071227 0.132461
0.000558 0.548135 0.001395 0.449912

MOTIF M115 O115
letter-probability matrix: alength= 4 w= 9 nsites= 10591 E= 1337.0e-6
0.539798 0.031631 0.000567 0.428005
0.176819 0.016084 0.033517 0.773581
0.004175 0.672459 0.084283 0.239084
0.154117 0.121511 0.237040 0.487333
0.302947 0.016045 0.470525 0.210483
0.326594 0.591339 0.000000 0.082067
0.690066 0.157736 0.114750 0.037447
0.341815 0.186235 0.298800 0.173149
0.195547 0.425479 0.057143 0.321831

MOTIF M116 O116
letter-probability matrix: alength= 4 w= 9 nsites= 11167 E= 1337.0e-6
0.247515 0.178741 0.097340 0.476404
0.088565 0.287723 0.426345 0.197367
0.357546 0.444355 0.156668 0.041431
0.521153 0.151531 0.246834 0.080481
0.659933 0.016052 0.204437 0.119578
0.397110 0.182916 0.044540 0.375434
0.008287 0.583517 0.066483 0.341713
0.010546 0.449557 0.504433 0.035464
0.528386 0.081063 0.303010 0.087540

MOTIF M117 O117
letter-probability matrix: alength= 4 w= 9 nsites= 11106 E= 1337.0e-6
0.249235 0.352422 0.101657 0.296686
0.140735 0.018819 0.440303 0.400144
0.191671 0.350964 0.398913 0.058453
0.654341 0.155425 0.128395 0.061839
0.799511 0.032428 0.000000 0.168061
0.307923 0.128746 0.483320 0.080010
0.485519 0.507899 0.000000 0.006582
0.516511 0.125033 0.024234 0.334221
0.020952 0.780616 0.091106 0.107326

MOTIF M118 O118
letter-probability matrix: alength= 4 w= 9 nsites= 11183 E= 1337.0e-6
0.215237 0.480193 0.028704 0.275865
0.314375 0.227504 0.063101 0.395020
0.432591 0.000189 0.267740 0.299479
0.222170 0.046234 0.420748 0.310848
0.212052 0.000190 0.102520 0.685238
0.408738 0.259572 0.329321 0.002369
0.251210 0.057585 0.025045 0.666161
0.024156 0.006942 0.885972 0.082929
0.335216 0.172156 0.401092 0.091536

MOTIF M119 O119
letter-probability matrix: alength= 4 w= 9 nsites= 10936 E= 1337.0e-6
0.293709 0.124634 0.568672 0.012985
0.397896 0.074257 0.527847 0.000000
0.013985 0.576485 0.409531 0.000000
0.001816 0.202361 0.368063 0.427761
0.049271 0.296900 0.145385 0.508443
0.048393 0.372764 0.293746 0.285096
0.284739 0.163431 0.434522 0.117308
0.192780 0.536102 0.170009 0.101109
0.037993 0.587455 0.222222 0.152330

MOTIF M120 O120
letter-probability matrix: alength= 4 w= 9 nsites= 11186 E= 1337.0e-6
0.678527 0.000000 0.001162 0.320311
0.096159 0.124944 0.333633 0.445264
0.023247 0.076716 0.818486 0.081551
0.269803 0.557886 0.007791 0.164519
0.258313 0.098471 0.187106 0.456110
0.273454 0.162520 0.556037 0.007989
0.410887 0.254029 0.145279 0.189805
0.016362 0.215731 0.274633 0.493274
0.219019 0.107539 0.610126 0.063316

MOTIF M121 O121
letter-probability matrix: alength= 4 w= 9 nsites= 11107 E= 1337.0e-6
0.081120 0.412263 0.506527 0.000090
0.000362 0.080797 0.271014 0.647826
0.420662 0.199399 0.268556 0.111382
0.010072 0.311079 0.303405 0.375444
0.156874 0.178895 0.041996 0.622235
0.260226 0.684846 0.020304 0.034625
0.697525 0.077480 0.001912 0.223083
0.106602 0.520700 0.110263 0.262435
0.258051 0.375619 0.062448 0.303881

MOTIF M122 O122
letter-probability matrix: alength= 4 w= 9 nsites= 11051 E= 1337.0e-6
0.011673 0.057189 0.924079 0.007058
0.395062 0.039981 0.000665 0.564292
0.323125 0.027504 0.012192 0.637179
0.269085 0.000600 0.509093 0.221223
0.142348 0.176335 0.190706 0.490612
0.223009 0.287937 0.287508 0.201545
0.180415 0.278450 0.215610 0.325525
0.358263 0.000465 0.159563 0.481709
0.166392 0.549119 0.122444 0.162045

MOTIF M123 O123
letter-probability matrix: alength= 4 w= 9 nsites= 11054 E= 1337.0e-6
0.464266 0.005518 0.069749 0.460467
0.399180 0.422941 0.002982 0.174898
0.858204 0.088622 0.046381 0.006793
0.153076 0.404939 0.367783 0.074202
0.192331 0.662514 0.145034 0.000121
0.393183 0.003699 0.002774 0.600344
0.021693 0.420154 0.237369 0.320784
0.373582 0.029403 0.128955 0.468060
0.063855 0.496386 0.336747 0.103012

MOTIF M124 O124
letter-probability matrix: alength= 4 w= 9 nsites= 10836 E= 1337.0e-6
0.395441 0.105574 0.124031 0.374954
0.131056 0.553813 0.204985 0.110147
0.093982 0.374641 0.075840 0.455537
0.615535 0.203111 0.066797 0.114556
0.569368 0.000117 0.001407 0.429108
0.234748 0.152644 0.101932 0.510676
0.246616 0.003249 0.002707 0.747428
0.337075 0.177490 0.022595 0.462839
0.754700 0.073590 0.164806 0.006904

MOTIF M125 O125
letter-probability matrix: alength= 4 w= 9 nsites= 11143 E= 1337.0e-6
0.229292 0.040384 0.102486 0.627838
0.000272 0.142870 0.186691 0.670167
0.005290 0.545189 0.183767 0.265755
0.356869 0.257775 0.303446 0.081909
0.468856 0.002627 0.066229 0.462289
0.026244 0.190881 0.650618 0.132257
0.231206 0.384830 0.029839 0.354125
0.569091 0.030282 0.192278 0.208350
0.025211 0.556725 0.299156 0.118908

MOTIF M126 O126
letter-probability matrix: alength= 4 w= 9 nsites= 11175 E= 1337.0e-6
0.228009 0.450291 0.081879 0.239821
0.081491 0.000577 0.799058 0.118874
0.030010 0.043474 0.460637 0.465879
0.165564 0.335032 0.085330 0.414074
0.002452 0.175173 0.165924 0.656452
0.180949 0.226676 0.073601 0.518774
0.201329 0.198764 0.376894 0.223012
0.832532 0.033892 0.081037 0.052539
0.454331 0.372057 0.106756 0.066855

MOTIF M127 O127
letter-probability matrix: alength= 4 w= 9 nsites= 11187 E= 1337.0e-6
0.005363 0.543399 0.000715 0.450523
0.623135 0.064983 0.239709 0.072173
0.447552 0.065117 0.200799 0.286532
0.278572 0.008597 0.687786 0.025044
0.000781 0.168864 0.604454 0.225901
0.471076 0.318708 0.180201 0.030015
0.014758 0.384908 0.229350 0.370983
0.365668 0.479721 0.010462 0.144149
0.355340 0.311504 0.098698 0.234458

MOTIF M128 O128
letter-probability matrix: alength= 4 w= 9 nsites= 10801 E= 1337.0e-6
0.042681 0.642996 0.120359 0.193964
0.205537 0.579391 0.000556 0.214517
0.279665 0.005398 0.047929 0.667008
0.083403 0.661150 0.040580 0.214867
0.251495 0.252255 0.071679 0.424570
0.481110 0.421389 0.031864 0.065636
0.185546 0.076129 0.200309 0.538016
0.163692 0.150774 0.188936 0.496598
0.576881 0.295102 0.054593 0.073425

MOTIF M129 O129
letter-probability matrix: alength= 4 w= 9 nsites= 11098 E= 1337.0e-6
0.280591 0.314741 0.042350 0.362318
0.239593 0.056046 0.569292 0.135069
0.350182 0.225102 0.170165 0.254551
0.045449 0.000000 0.750606 0.203945
0.349441 0.019027 0.290547 0.340985
0.041909 0.570431 0.022119 0.365541
0.812447 0.000171 0.103666 0.083717
0.236230 0.576291 0.083476 0.104003
0.002798 0.368311 0.034453 0.594439

MOTIF M130 O130
letter-probability matrix: alength= 4 w= 9 nsites= 11053 E= 1337.0e-6
0.911608 0.011671 0.076359 0.000362
0.403773 0.052149 0.454743 0.089334
0.211629 0.518416 0.030220 0.239735
0.406970 0.161524 0.104740 0.326766
0.328928 0.079584 0.319929 0.271560
0.127340 0.093969 0.454528 0.324163
0.080353 0.472726 0.036145 0.410777
0.060438 0.211246 0.058812 0.669504
0.359413 0.526224 0.042500 0.071863

MOTIF M131 O131
letter-probability matrix: alength= 4 w= 9 nsites= 10865 E= 1337.0e-6
0.174413 0.648504 0.082375 0.094708
0.419880 0.133456 0.023654 0.423010
0.782080 0.008665 0.058352 0.150903
0.131790 0.384395 0.021027 0.462787
0.573122 0.296193 0.069649 0.061035
0.261011 0.119773 0.229325 0.389890
0.570107 0.195364 0.132268 0.102262
0.474085 0.009484 0.250047 0.266385
0.436062 0.000379 0.413441 0.150118

MOTIF M132 O132
letter-probability matrix: alength= 4 w= 9 nsites= 10827 E= 1337.0e-6
0.031218 0.116376 0.012007 0.840399
0.482530 0.295834 0.214149 0.007487
0.192224 0.191732 0.343996 0.272047
0.209832 0.343407 0.017326 0.429435
0.249645 0.632219 0.015704 0.102432
0.118794 0.445661 0.237171 0.198373
0.330442 0.260092 0.197452 0.212014
0.236030 0.014024 0.206472 0.543474
0.008329 0.831671 0.154411 0.005589

MOTIF M133 O133
letter-probability matrix: alength= 4 w= 9 nsites= 9545 E= 1337.0e-6
0.400314 0.014563 0.536721 0.048402
0.063611 0.021204 0.893982 0.021204
0.035806 0.112002 0.383271 0.468920
0.451839 0.001247 0.048628 0.498286
0.183280 0.279299 0.434713 0.102707
0.334740 0.026124 0.119747 0.519390
0.406500 0.032500 0.514617 0.046382
0.024555 0.031312 0.178972 0.765162
0.186086 0.017730 0.416076 0.380108

MOTIF M134 O134
letter-probability matrix: alength= 4 w= 9 nsites= 11101 E= 1337.0e-6
0.739393 0.008468 0.149266 0.102874
0.287602 0.077647 0.631765 0.002986
0.580049 0.001314 0.203360 0.215278
0.196123 0.164805 0.102454 0.536618
0.053575 0.387855 0.000000 0.558570
0.056800 0.175343 0.115920 0.651937
0.216875 0.320337 0.150472 0.312316
0.052987 0.230872 0.343699 0.372443
0.186068 0.533957 0.118874 0.161101

MOTIF M135 O135
letter-probability matrix: alength= 4 w= 9 nsites= 10602 E= 1337.0e-6
0.023203 0.011413 0.460573 0.504810
0.002358 0.237785 0.494246 0.265610
0.664120 0.043294 0.245425 0.047161
0.737528 0.000094 0.138889 0.123488
0.000190 0.078184 0.630402 0.291224
0.239297 0.034786 0.424885 0.301032
0.471832 0.027302 0.344261 0.156604
0.204517 0.306337 0.289886 0.199260
0.323232 0.088433 0.349475 0.238859

MOTIF M136 O136
letter-probability matrix: alength= 4 w= 9 nsites= 11152 E= 1337.0e-6
0.621055 0.001614 0.108859 0.268472
0.331802 0.172386 0.452490 0.043322
0.257424 0.004784 0.209766 0.528026
0.190822 0.516765 0.068696 0.223716
0.438940 0.238026 0.237386 0.085649
0.134789 0.538972 0.237148 0.089092
0.027330 0.051208 0.091130 0.830333
0.413103 0.184322 0.345521 0.057054
0.696952 0.046432 0.055412 0.201204

MOTIF M137 O137
letter-probability matrix: alength= 4 w= 9 nsites= 11158 E= 1337.0e-6
0.330167 0.024646 0.582811 0.062377
0.235999 0.526529 0.003408 0.234064
0.107934 0.414694 0.201382 0.275989
0.307535 0.082839 0.608070 0.001556
0.200536 0.007743 0.403058 0.388663
0.043033 0.616110 0.089578 0.251279
0.677302 0.017320 0.180290 0.125089
0.060615 0.295844 0.104829 0.538712
0.203713 0.126560 0.473440 0.196287

MOTIF M138 O138
letter-probability matrix: alength= 4 w= 9 nsites= 11174 E= 1337.0e-6
0.489887 0.332200 0.177018 0.000895
0.217310 0.014923 0.624417 0.143350
0.103827 0.497948 0.147724 0.250501
0.168342 0.332953 0.093812 0.404893
0.321839 0.186077 0.300369 0.191715
0.087827 0.003962 0.707792 0.200418
0.194371 0.036791 0.007535 0.761303
0.357788 0.043929 0.025086 0.573197
0.289494 0.496678 0.055962 0.157865

MOTIF M139 O139
letter-probability matrix: alength= 4 w= 9 nsites= 10258 E= 1337.0e-6
0.086859 0.096608 0.790018 0.026516
0.053257 0.410400 0.433371 0.102971
0.088527 0.252833 0.224504 0.434136
0.170537 0.161367 0.155651 0.512445
0.065432 0.353380 0.211330 0.369858
0.147583 0.264268 0.142372 0.445777
0.315514 0.131393 0.527155 0.025938
0.262495 0.005010 0.583771 0.148723
0.104698 0.895178 0.000123 0.000000

MOTIF M140 O140
letter-probability matrix: alength= 4 w= 9 nsites= 11175 E= 1337.0e-6
0.591409 0.070872 0.099687 0.238031
0.049355 0.069688 0.803386 0.077571
0.107230 0.060294 0.145139 0.687336
0.744475 0.111142 0.144199 0.000184
0.006886 0.145157 0.284172 0.563785
0.459480 0.083937 0.232590 0.223993
0.255147 0.349302 0.186360 0.209191
0.101197 0.264963 0.468866 0.164973
0.314475 0.144545 0.076262 0.464719

MOTIF M141 O141
letter-probability matrix: alength= 4 w= 9 nsites= 8877 E= 1337.0e-6
0.543990 0.001690 0.200969 0.253351
0.000842 0.965700 0.025153 0.008304
0.107805 0.614509 0.004775 0.272911
0.418350 0.010311 0.375210 0.196128
0.003668 0.071413 0.924919 0.000000
0.456842 0.060839 0.006150 0.476170
0.218764 0.110155 0.061589 0.609492
0.211534 0.078171 0.230007 0.480288
0.355175 0.145636 0.252142 0.247048

MOTIF M142 O142
letter-probability matrix: alength= 4 w= 9 nsites= 10049 E= 1337.0e-6
0.287690 0.229575 0.041497 0.441238
0.133247 0.099214 0.074037 0.693502
0.590189 0.390889 0.018511 0.000411
0.005762 0.281293 0.296020 0.416925
0.606353 0.048135 0.172485 0.173027
0.293841 0.033523 0.598493 0.074143
0.334267 0.035062 0.082895 0.547776
0.522823 0.004212 0.471258 0.001707
0.352178 0.038462 0.274676 0.334685

MOTIF M143 O143
letter-probability matrix: alength= 4 w= 9 nsites= 11098 E= 1337.0e-6
0.783294 0.143539 0.014417 0.058749
0.103958 0.333759 0.425771 0.136513
0.251793 0.082068 0.353237 0.312902
0.010850 0.013705 0.164557 0.810888
0.498116 0.086870 0.413923 0.001091
0.008598 0.528147 0.190072 0.273183
0.326343 0.482258 0.000212 0.191187
0.432771 0.360806 0.038650 0.167774
0.215865 0.447839 0.069881 0.266415

MOTIF M144 O144
letter-probability matrix: alength= 4 w= 9 nsites= 11186 E= 1337.0e-6
0.002056 0.000000 0.995888 0.002056
0.039878 0.884210 0.000000 0.075912
0.273721 0.218350 0.248275 0.259654
0.182910 0.329866 0.140769 0.346454
0.180406 0.360902 0.140086 0.318606
0.360672 0.158732 0.215415 0.265181
0.304340 0.247462 0.193818 0.254380
0.465215 0.040230 0.291783 0.202772
0.311947 0.158413 0.312669 0.216971

MOTIF M145 O145
letter-probability matrix: alength= 4 w= 9 nsites= 11137 E= 1337.0e-6
0.174015 0.000539 0.821586 0.003861
0.147121 0.025542 0.581708 0.245628
0.274229 0.338099 0.240345 0.147326
0.246416 0.135764 0.076686 0.541133
0.104755 0.132421 0.383775 0.379049
0.172674 0.315747 0.338804 0.172775
0.291556 0.368636 0.147005 0.192803
0.106620 0.442256 0.011446 0.439678
0.073463 0.897215 0.022701 0.006621

MOTIF M146 O146
letter-probability matrix: alength= 4 w= 9 nsites= 11187 E= 1337.0e-6
0.222759 0.507464 0.131492 0.138286
0.281518 0.106459 0.385605 0.226419
0.094846 0.153966 0.258772 0.492416
0.652973 0.097164 0.248490 0.001372
0.013564 0.093942 0.104573 0.787920
0.422839 0.107186 0.469975 0.000000
0.001112 0.106117 0.244949 0.647822
0.409437 0.223705 0.054422 0.312435
0.165696 0.495464 0.112310 0.226530

MOTIF M147 O147
letter-probability matrix: alength= 4 w= 9 nsites= 11090 E= 1337.0e-6
0.041839 0.220559 0.000000 0.737601
0.284426 0.208379 0.312568 0.194627
0.435859 0.016129 0.091429 0.456583
0.032551 0.794359 0.100164 0.072926
0.336361 0.429684 0.036630 0.197325
0.419065 0.053745 0.163140 0.364050
0.251738 0.002428 0.185962 0.559872
0.153348 0.413167 0.281498 0.151986
0.031210 0.802566 0.020922 0.145301

MOTIF M148 O148
letter-probability matrix: alength= 4 w= 9 nsites= 11184 E= 1337.0e-6
0.349801 0.095300 0.263182 0.291717
0.370290 0.080275 0.003443 0.545991
0.826533 0.041920 0.023853 0.107694
0.506101 0.023371 0.122234 0.348294
0.101865 0.222594 0.026517 0.649024
0.516804 0.047414 0.301120 0.134661
0.091838 0.051086 0.305931 0.551145
0.640660 0.146490 0.159018 0.053833
0.333040 0.299233 0.060073 0.307654

MOTIF M149 O149
letter-probability matrix: alength= 4 w= 9 nsites= 10339 E= 1337.0e-6
0.230196 0.283780 0.484670 0.001354
0.027275 0.420447 0.448399 0.103879
0.199980 0.155877 0.199474 0.444669
0.510795 0.364122 0.022925 0.102159
0.110574 0.627991 0.076608 0.184827
0.105634 0.184011 0.017866 0.692488
0.051516 0.446166 0.257714 0.244603
0.263606 0.662390 0.004591 0.069413
0.895649 0.006548 0.067249 0.030555

MOTIF M150 O150
letter-probability matrix: alength= 4 w= 9 nsites= 11186 E= 1337.0e-6
0.515913 0.433309 0.000626 0.050152
0.441232 0.277862 0.228359 0.052547
0.564683 0.120840 0.072064 0.242413
0.231966 0.489015 0.231495 0.047525
0.230059 0.000000 0.131830 0.638111
0.143508 0.571982 0.259567 0.024943
0.682582 0.048584 0.113124 0.155710
0.039028 0.328670 0.622361 0.009941
0.068589 0.054871 0.066430 0.810111

MOTIF M151 O151
letter-probability matrix: alength= 4 w= 9 nsites= 11084 E= 1337.0e-6
0.377120 0.074161 0.011007 0.537712
0.005437 0.000091 0.994473 0.000000
0.250255 0.042081 0.428054 0.279610
0.002914 0.118432 0.280383 0.598271
0.011652 0.248520 0.290926 0.448902
0.350059 0.142997 0.291178 0.215767
0.309383 0.250246 0.431796 0.008575
0.338002 0.119388 0.258145 0.284466
0.103497 0.397455 0.432822 0.066226

MOTIF M152 O152
letter-probability matrix: alength= 4 w= 9 nsites= 10862 E= 1337.0e-6
0.403425 0.165255 0.021911 0.409409
0.077058 0.059842 0.040876 0.822224
0.627870 0.180185 0.116204 0.075741
0.167878 0.124185 0.249953 0.457984
0.370933 0.002264 0.363388 0.263416
0.169309 0.036956 0.201776 0.591960
0.269525 0.648407 0.027885 0.054183
0.491491 0.087041 0.006869 0.414599
0.395080 0.128635 0.380486 0.095799

MOTIF M153 O153
letter-probability matrix: alength= 4 w= 9 nsites= 11183 E= 1337.0e-6
0.479835 0.125101 0.279621 0.115443
0.010825 0.249150 0.462247 0.277778
0.341166 0.024753 0.211211 0.422870
0.068504 0.503053 0.219160 0.209284
0.099622 0.395253 0.041719 0.463406
0.232031 0.022659 0.723103 0.022206
0.355669 0.511046 0.000000 0.133285
0.494020 0.182690 0.015156 0.308135
0.538081 0.006225 0.089070 0.366624

MOTIF M154 O154
letter-probability matrix: alength= 4 w= 9 nsites= 10932 E= 1337.0e-6
0.211672 0.158434 0.497805 0.132089
0.658860 0.039813 0.102264 0.199063
0.040210 0.037791 0.865263 0.056737
0.000344 0.200802 0.100916 0.697938
0.458705 0.367185 0.139484 0.034626
0.005878 0.284892 0.028514 0.680715
0.005064 0.596598 0.260322 0.138016
0.381778 0.246422 0.089405 0.282395
0.362030 0.209512 0.175767 0.252690

MOTIF M155 O155
letter-probability matrix: alength= 4 w= 9 nsites= 11187 E= 1337.0e-6
0.798784 0.000179 0.000089 0.200948
0.085993 0.474032 0.401627 0.038348
0.029185 0.131692 0.400269 0.438854
0.017646 0.648871 0.137854 0.195629
0.245754 0.177464 0.066673 0.510109
0.289317 0.169159 0.450459 0.091065
0.263786 0.169047 0.338908 0.228259
0.539707 0.031657 0.185300 0.243337
0.087434 0.448052 0.442656 0.021858

MOTIF M156 O156
letter-probability matrix: alength= 4 w= 9 nsites= 10973 E= 1337.0e-6
0.001823 0.935113 0.051217 0.011847
0.047034 0.633214 0.002996 0.316757
0.558216 0.000527 0.370175 0.071082
0.082728 0.250428 0.666845 0.000000
0.270775 0.256889 0.070406 0.401931
0.226824 0.331142 0.120206 0.321828
0.285348 0.129036 0.127589 0.458027
0.387155 0.015378 0.387834 0.209634
0.390360 0.107764 0.316130 0.185745

MOTIF M157 O157
letter-probability matrix: alength= 4 w= 9 nsites= 11167 E= 1337.0e-6
0.526999 0.003851 0.291036 0.178114
0.187259 0.561957 0.134934 0.115850
0.265099 0.073768 0.034730 0.626402
0.035673 0.589810 0.360949 0.013568
0.011758 0.242221 0.300380 0.445640
0.290591 0.116635 0.421534 0.171240
0.219844 0.090876 0.669599 0.019681
0.097289 0.425755 0.362691 0.114265
0.082083 0.491948 0.120180 0.305788

MOTIF M158 O158
letter-probability matrix: alength= 4 w= 9 nsites= 11117 E= 1337.0e-6
0.675542 0.018260 0.000720 0.305478
0.265905 0.380725 0.283002 0.070368
0.121890 0.800036 0.068698 0.009376
0.272885 0.151471 0.245569 0.330075
0.187644 0.461065 0.024639 0.326653
0.287324 0.361829 0.050554 0.300293
0.547956 0.001051 0.002102 0.448892
0.198634 0.306560 0.473067 0.021739
0.297526 0.395683 0.282744 0.024047

MOTIF M159 O159
letter-probability matrix: alength= 4 w= 9 nsites= 11112 E= 1337.0e-6
0.001350 0.000000 0.937095 0.061555
0.029279 0.286001 0.268204 0.416515
0.294888 0.082064 0.098167 0.524881
0.097713 0.372944 0.139854 0.389489
0.510908 0.004264 0.373463 0.111365
0.112105 0.485788 0.195786 0.206321
0.454071 0.109807 0.081929 0.354192
0.050863 0.324061 0.474619 0.150457
0.664523 0.000104 0.058610 0.276763

MOTIF M160 O160
letter-probability matrix: alength= 4 w= 9 nsites= 11101 E= 1337.0e-6
0.447077 0.170615 0.337357 0.044951
0.111431 0.018917 0.849653 0.019998
0.231880 0.260122 0.241568 0.266429
0.279358 0.229725 0.098073 0.392844
0.195891 0.052520 0.390860 0.360730
0.222688 0.154326 0.541865 0.081121
0.108900 0.367161 0.333177 0.190762
0.093089 0.111764 0.144753 0.650393
0.023670 0.783893 0.000000 0.192437

MOTIF M161 O161
letter-probability matrix: alength= 4 w= 9 nsites= 10422 E= 1337.0e-6
0.347054 0.133660 0.010555 0.508732
0.460027 0.068331 0.000968 0.470674
0.086686 0.572403 0.326085 0.014827
0.465573 0.182697 0.023126 0.328603
0.420672 0.025202 0.550936 0.003190
0.010282 0.045568 0.308908 0.635242
0.636636 0.175961 0.187292 0.000111
0.595738 0.066854 0.042400 0.295008
0.184350 0.209666 0.159724 0.446260

MOTIF M162 O162
letter-probability matrix: alength= 4 w= 9 nsites= 11181 E= 1337.0e-6
0.006350 0.000000 0.932475 0.061175
0.074886 0.884316 0.025946 0.014852
0.236055 0.193569 0.287613 0.282763
0.190785 0.170626 0.318844 0.319744
0.294872 0.203864 0.184904 0.316360
0.328935 0.254383 0.176667 0.240014
0.438910 0.103886 0.410651 0.046554
0.462056 0.155141 0.310373 0.072429
0.252912 0.349931 0.257497 0.139661

MOTIF M163 O163
letter-probability matrix: alength= 4 w= 9 nsites= 11100 E= 1337.0e-6
0.516667 0.160721 0.193423 0.129189
0.222875 0.107507 0.009396 0.660222
0.001095 0.047997 0.475226 0.475682
0.225399 0.147376 0.070460 0.556765
0.040164 0.476649 0.166916 0.316271
0.248015 0.085917 0.039036 0.627032
0.081899 0.539142 0.378959 0.000000
0.572876 0.169112 0.222683 0.035328
0.648127 0.107261 0.186954 0.057659

MOTIF M164 O164
letter-probability matrix: alength= 4 w= 9 nsites= 11179 E= 1337.0e-6
0.286698 0.000000 0.006083 0.707219
0.007882 0.868864 0.091992 0.031261
0.234035 0.191042 0.216856 0.358068
0.194887 0.025835 0.462868 0.316410
0.157363 0.338894 0.005681 0.498061
0.162669 0.124378 0.322531 0.390423
0.320712 0.266776 0.303914 0.108599
0.476421 0.141108 0.145860 0.236611
0.343908 0.541029 0.055836 0.059228

MOTIF M165 O165
letter-probability matrix: alength= 4 w= 9 nsites= 11162 E= 1337.0e-6
0.076330 0.256406 0.589231 0.078033
0.138296 0.540269 0.073722 0.247713
0.301009 0.403028 0.278749 0.017213
0.888586 0.006730 0.044748 0.059936
0.525329 0.045877 0.175784 0.253011
0.186397 0.240366 0.561224 0.012014
0.192694 0.349610 0.034933 0.422763
0.218916 0.478571 0.227680 0.074834
0.461189 0.221596 0.022842 0.294374

MOTIF M166 O166
letter-probability matrix: alength= 4 w= 9 nsites= 10901 E= 1337.0e-6
0.051004 0.064673 0.765985 0.118338
0.901515 0.013232 0.038283 0.046970
0.082226 0.151159 0.348274 0.418341
0.353481 0.028543 0.061115 0.556861
0.410083 0.001472 0.294652 0.293793
0.539439 0.044600 0.408549 0.007411
0.383554 0.062696 0.352547 0.201202
0.475814 0.248926 0.181289 0.093971
0.102000 0.274507 0.368705 0.254788

MOTIF M167 O167
letter-probability matrix: alength= 4 w= 9 nsites= 11155 E= 1337.0e-6
0.002062 0.952398 0.041954 0.003586
0.562794 0.121168 0.117421 0.198616
0.247891 0.479890 0.019521 0.252698
0.121141 0.411860 0.176889 0.290110
0.400537 0.106693 0.445053 0.047717
0.105165 0.128765 0.228134 0.537936
0.483427 0.143006 0.320513 0.053054
0.604627 0.149377 0.020622 0.225374
0.011727 0.282831 0.182990 0.522451

MOTIF M168 O168
letter-probability matrix: alength= 4 w= 9 nsites= 11179 E= 1337.0e-6
0.030325 0.634135 0.324984 0.010556
0.331157 0.092853 0.054209 0.521782
0.056356 0.379283 0.223186 0.341175
0.193450 0.167591 0.518432 0.120526
0.188669 0.526537 0.146335 0.138459
0.325873 0.431692 0.153626 0.088809
0.587342 0.058258 0.101681 0.252720
0.150858 0.129449 0.270822 0.448871
0.031495 0.823139 0.076006 0.069361

MOTIF M169 O169
letter-probability matrix: alength= 4 w= 9 nsites= 11014 E= 1337.0e-6
0.020610 0.831669 0.004086 0.143635
0.095848 0.642545 0.129576 0.132031
0.240459 0.374148 0.192867 0.192526
0.013230 0.075046 0.178832 0.732892
0.438588 0.004354 0.376375 0.180683
0.544192 0.058655 0.372934 0.024219
0.130866 0.587340 0.066874 0.214920
0.427174 0.129002 0.361043 0.082780
0.089060 0.322176 0.229687 0.359077

MOTIF M170 O170
letter-probability matrix: alength= 4 w= 9 nsites= 11178 E= 1337.0e-6
0.005010 0.262569 0.686617 0.045804
0.312272 0.149763 0.043518 0.494446
0.121882 0.197091 0.103010 0.578017
0.277928 0.316192 0.035838 0.370042
0.512204 0.278673 0.123457 0.085666
0.170969 0.693239 0.018251 0.117541
0.440507 0.239796 0.086622 0.233074
0.010866 0.156496 0.670224 0.162414
0.255924 0.618681 0.070300 0.055095

MOTIF M171 O171
letter-probability matrix: alength= 4 w= 9 nsites= 10631 E= 1337.0e-6
0.145800 0.000470 0.294140 0.559590
0.355292 0.000000 0.531532 0.113175
0.517479 0.147302 0.233624 0.101595
0.255644 0.398518 0.331256 0.014581
0.003116 0.002618 0.006482 0.987784
0.108687 0.470085 0.421227 0.000000
0.726150 0.001950 0.257343 0.014557
0.180065 0.389055 0.225798 0.205081
0.241125 0.441231 0.156981 0.160663

MOTIF M172 O172
letter-probability matrix: alength= 4 w= 9 nsites= 11151 E= 1337.0e-6
0.322124 0.316653 0.280154 0.081069
0.403641 0.211999 0.283293 0.101067
0.435118 0.117209 0.350641 0.097032
0.208771 0.052820 0.684871 0.053538
0.019661 0.282611 0.448873 0.248855
0.013038 0.534844 0.013308 0.438809
0.062556 0.101046 0.071931 0.764467
0.088139 0.164218 0.471618 0.276025
0.147174 0.517430 0.298444 0.036953

MOTIF M173 O173
letter-probability matrix: alength= 4 w= 9 nsites= 11039 E= 1337.0e-6
0.309358 0.086602 0.034967 0.569073
0.215979 0.370531 0.175983 0.237507
0.405460 0.314661 0.210516 0.069363
0.679293 0.181680 0.129989 0.009038
0.339486 0.268101 0.375178 0.017234
0.032235 0.707827 0.000000 0.259938
0.197324 0.206806 0.152339 0.443531
0.050168 0.000000 0.935313 0.014519
0.231496 0.156380 0.480892 0.131232

MOTIF M174 O174
letter-probability matrix: alength= 4 w= 9 nsites= 10761 E= 1337.0e-6
0.346715 0.171267 0.195428 0.286590
0.351547 0.055757 0.062634 0.530062
0.206364 0.112858 0.394771 0.286007
0.455434 0.325270 0.053219 0.166077
0.227971 0.003164 0.199963 0.568903
0.733234 0.151826 0.008569 0.106371
0.136657 0.112337 0.066972 0.684033
0.348941 0.136493 0.007189 0.507378
0.425141 0.087822 0.085430 0.401607

MOTIF M175 O175
letter-probability matrix: alength= 4 w= 9 nsites= 11187 E= 1337.0e-6
0.684008 0.000000 0.000179 0.315813
0.116135 0.117753 0.595146 0.170966
0.000393 0.525447 0.294459 0.179701
0.091644 0.836828 0.033316 0.038212
0.615637 0.277665 0.093573 0.013125
0.270935 0.258293 0.422060 0.048713
0.298726 0.239331 0.082544 0.379399
0.149682 0.592022 0.129678 0.128618
0.298527 0.485571 0.050293 0.165609

MOTIF M176 O176
letter-probability matrix: alength= 4 w= 9 nsites= 11185 E= 1337.0e-6
0.249352 0.125257 0.255789 0.369602
0.065188 0.231423 0.667442 0.035947
0.513509 0.012788 0.006754 0.466949
0.035183 0.374793 0.369374 0.220650
0.335536 0.028512 0.150680 0.485272
0.044893 0.252034 0.551450 0.151622
0.746529 0.076745 0.012630 0.164096
0.093545 0.767201 0.057499 0.081755
0.436003 0.413722 0.033765 0.116510

MOTIF M177 O177
letter-probability matrix: alength= 4 w= 9 nsites= 11149 E= 1337.0e-6
0.432685 0.240918 0.151045 0.175352
0.010483 0.106814 0.872131 0.010573
0.186452 0.070444 0.175270 0.567835
0.138022 0.042236 0.561987 0.257754
0.398322 0.318524 0.257794 0.025360
0.193586 0.336346 0.377065 0.093003
0.373577 0.269238 0.357185 0.000000
0.157691 0.563096 0.010632 0.268581
0.625165 0.031963 0.233181 0.109691

MOTIF M178 O178
letter-probability matrix: alength= 4 w= 9 nsites= 10791 E= 1337.0e-6
0.078306 0.065054 0.751923 0.104717
0.018673 0.170928 0.155607 0.654793
0.636170 0.193604 0.147812 0.022413
0.139903 0.268738 0.053301 0.538058
0.415113 0.024465 0.000000 0.560422
0.421589 0.237459 0.102998 0.237954
0.268288 0.011108 0.109276 0.611328
0.389030 0.028288 0.229849 0.352834
0.357194 0.143574 0.203584 0.295648

MOTIF M179 O179
letter-probability matrix: alength= 4 w= 9 nsites= 11185 E= 1337.0e-6
0.141439 0.005186 0.818954 0.034421
0.090734 0.690017 0.145431 0.073819
0.596722 0.009407 0.132719 0.261153
0.168161 0.569974 0.045123 0.216741
0.091338 0.545953 0.129876 0.232833
0.309345 0.004658 0.251545 0.434452
0.206084 0.117395 0.241083 0.435438
0.315825 0.426936 0.208562 0.048677
0.384966 0.340502 0.164100 0.110433

MOTIF M180 O180
letter-probability matrix: alength= 4 w= 9 nsites= 11183 E= 1337.0e-6
0.000000 0.997496 0.002325 0.000179
0.414416 0.000179 0.131730 0.453676
0.244051 0.260422 0.082841 0.412686
0.033548 0.152711 0.478350 0.335391
0.325429 0.162044 0.042323 0.470204
0.264674 0.263332 0.390301 0.081693
0.583229 0.089404 0.237426 0.089941
0.401274 0.282318 0.088903 0.227505
0.279149 0.221391 0.275725 0.223734

MOTIF M181 O181
letter-probability matrix: alength= 4 w= 9 nsites= 11187 E= 1337.0e-6
0.449540 0.000000 0.306159 0.244301
0.000983 0.996871 0.002056 0.000089
0.567224 0.023795 0.088112 0.320869
0.047611 0.531412 0.056202 0.364775
0.203759 0.188113 0.287114 0.321014
0.244837 0.257192 0.302823 0.195148
0.258675 0.029265 0.193531 0.518529
0.339123 0.021644 0.444616 0.194616
0.285152 0.106714 0.422277 0.185857

MOTIF M182 O182
letter-probability matrix: alength= 4 w= 9 nsites= 11187 E= 1337.0e-6
0.079835 0.004923 0.842119 0.073123
0.056316 0.488783 0.000093 0.454808
0.078164 0.194536 0.552207 0.175092
0.249875 0.327245 0.097140 0.325740
0.506683 0.000823 0.000720 0.491775
0.143715 0.000000 0.245600 0.610685
0.166509 0.317575 0.160206 0.355710
0.241438 0.061858 0.353168 0.343536
0.260949 0.091165 0.425003 0.222883

MOTIF M183 O183
letter-probability matrix: alength= 4 w= 9 nsites= 11187 E= 1337.0e-6
0.911147 0.000000 0.000179 0.088674
0.000089 0.748279 0.233664 0.017967
0.281853 0.177696 0.242345 0.298105
0.007102 0.477077 0.137091 0.378731
0.279362 0.112222 0.076923 0.531494
0.451904 0.210182 0.186388 0.151526
0.336743 0.154376 0.205338 0.303543
0.474635 0.039153 0.289976 0.196235
0.048753 0.486669 0.347839 0.116740

MOTIF M184 O184
letter-probability matrix: alength= 4 w= 9 nsites= 10526 E= 1337.0e-6
0.349610 0.174045 0.334410 0.141934
0.135994 0.615485 0.238993 0.009528
0.061943 0.167577 0.757258 0.013222
0.117256 0.468666 0.412282 0.001796
0.308324 0.497014 0.145577 0.049085
0.032765 0.298485 0.466667 0.202083
0.038026 0.592280 0.281736 0.087959
0.000194 0.282380 0.169973 0.547452
0.035023 0.504011 0.257875 0.203091

MOTIF M185 O185
letter-probability matrix: alength= 4 w= 9 nsites= 11083 E= 1337.0e-6
0.053866 0.009203 0.910133 0.026798
0.596777 0.167698 0.033958 0.201566
0.405922 0.286739 0.072191 0.235148
0.109807 0.009299 0.290532 0.590363
0.357219 0.238598 0.114941 0.289242
0.528034 0.101255 0.230543 0.140169
0.156464 0.229586 0.418792 0.195158
0.133804 0.048967 0.618338 0.198892
0.296870 0.067489 0.550821 0.084820

MOTIF M186 O186
letter-probability matrix: alength= 4 w= 9 nsites= 11081 E= 1337.0e-6
0.042956 0.088620 0.306651 0.561772
0.157485 0.025147 0.165988 0.651379
0.001299 0.883395 0.000093 0.115213
0.731304 0.039094 0.011961 0.217641
0.153846 0.019854 0.620174 0.206126
0.400767 0.307709 0.060051 0.231474
0.405856 0.280856 0.178604 0.134685
0.142857 0.172307 0.447690 0.237145
0.410524 0.121866 0.101886 0.365724

MOTIF M187 O187
letter-probability matrix: alength= 4 w= 9 nsites= 11187 E= 1337.0e-6
0.000179 0.007334 0.974600 0.017887
0.314042 0.231404 0.006281 0.448273
0.302710 0.272448 0.177236 0.247606
0.102887 0.429937 0.287238 0.179937
0.531828 0.186532 0.017945 0.263695
0.465103 0.017947 0.307093 0.209857
0.390185 0.111840 0.311705 0.186271
0.317512 0.482844 0.064966 0.134678
0.000407 0.625419 0.025318 0.348856

MOTIF M188 O188
letter-probability matrix: alength= 4 w= 9 nsites= 11024 E= 1337.0e-6
0.210087 0.072115 0.455189 0.262609
0.053247 0.344249 0.428882 0.173621
0.501322 0.090196 0.274419 0.134063
0.516499 0.074977 0.175619 0.232906
0.336461 0.118286 0.347406 0.197848
0.080885 0.018222 0.044998 0.855894
0.002264 0.516178 0.481558 0.000000
0.848980 0.000000 0.001058 0.149962
0.206776 0.188190 0.351307 0.253727

MOTIF M189 O189
letter-probability matrix: alength= 4 w= 9 nsites= 11171 E= 1337.0e-6
0.000537 0.998926 0.000000 0.000537
0.607383 0.000448 0.208225 0.183944
0.198046 0.231920 0.375482 0.194551
0.127700 0.382472 0.163814 0.326015
0.348481 0.214932 0.133459 0.303128
0.554858 0.032449 0.080405 0.332288
0.235384 0.086801 0.586801 0.091015
0.441005 0.086137 0.098789 0.374069
0.443805 0.099982 0.328178 0.128035

MOTIF M190 O190
letter-probability matrix: alength= 4 w= 9 nsites= 11171 E= 1337.0e-6
0.474353 0.027482 0.189330 0.308835
0.305881 0.030167 0.529496 0.134455
0.109208 0.652918 0.116381 0.121492
0.255470 0.248915 0.445665 0.049949
0.341261 0.013710 0.105950 0.539079
0.077067 0.395087 0.187512 0.340334
0.159407 0.105859 0.731120 0.003614
0.264751 0.388985 0.035824 0.310441
0.070901 0.494067 0.272710 0.162323

MOTIF M191 O191
letter-probability matrix: alength= 4 w= 9 nsites= 10358 E= 1337.0e-6
0.162097 0.373624 0.011778 0.452500
0.377679 0.220023 0.017571 0.384727
0.346978 0.335876 0.218672 0.098475
0.000000 0.039011 0.000386 0.960603
0.701636 0.024969 0.185619 0.087777
0.071519 0.156604 0.258552 0.513325
0.346165 0.021069 0.389682 0.243084
0.296671 0.022989 0.364744 0.315597
0.342872 0.068554 0.408392 0.180182

MOTIF M192 O192
letter-probability matrix: alength= 4 w= 9 nsites= 11184 E= 1337.0e-6
0.850858 0.000179 0.013680 0.135283
0.195438 0.192218 0.391055 0.221288
0.223125 0.533199 0.216732 0.026943
0.394722 0.344557 0.048030 0.212692
0.312790 0.189743 0.024061 0.473407
0.035020 0.758095 0.189494 0.017390
0.395878 0.095691 0.062901 0.445530
0.503950 0.008581 0.027104 0.460365
0.011328 0.137036 0.545932 0.305705

MOTIF M193 O193
letter-probability matrix: alength= 4 w= 9 nsites= 11139 E= 1337.0e-6
0.217524 0.033486 0.530030 0.218960
0.008882 0.973806 0.013052 0.004260
0.255860 0.392695 0.007360 0.344085
0.207803 0.468907 0.235736 0.087554
0.223587 0.334357 0.287815 0.154240
0.144059 0.645321 0.001496 0.209124
0.404006 0.342971 0.047525 0.205499
0.149130 0.123579 0.121636 0.605654
0.200716 0.095783 0.372489 0.331013

MOTIF M194 O194
letter-probability matrix: alength= 4 w= 9 nsites= 10836 E= 1337.0e-6
0.022056 0.711702 0.131229 0.135013
0.108070 0.318318 0.337595 0.236017
0.112289 0.054995 0.506649 0.326067
0.101793 0.475203 0.210199 0.212804
0.084138 0.315742 0.511158 0.088963
0.213027 0.503876 0.093325 0.189771
0.101368 0.424937 0.378611 0.095084
0.432038 0.499337 0.024574 0.044050
0.110479 0.463536 0.326161 0.099824

MOTIF M195 O195
letter-probability matrix: alength= 4 w= 9 nsites= 11143 E= 1337.0e-6
0.638069 0.000000 0.321188 0.040743
0.001889 0.309312 0.688619 0.000180
0.828042 0.000092 0.000734 0.171132
0.003637 0.366968 0.397836 0.231558
0.117742 0.125228 0.193708 0.563322
0.508858 0.020547 0.358109 0.112486
0.217153 0.181559 0.106992 0.494297
0.320312 0.254067 0.227205 0.198416
0.467645 0.061799 0.217429 0.253128

MOTIF M196 O196
letter-probability matrix: alength= 4 w= 9 nsites= 10973 E= 1337.0e-6
0.445457 0.072177 0.385492 0.096874
0.856418 0.014764 0.024361 0.104457
0.215087 0.657413 0.058703 0.068798
0.171579 0.241540 0.229632 0.357249
0.084670 0.220267 0.641756 0.053307
0.147242 0.083172 0.058489 0.711097
0.412340 0.118292 0.362915 0.106452
0.589657 0.045812 0.322327 0.042204
0.280838 0.259448 0.416824 0.042890

MOTIF M197 O197
letter-probability matrix: alength= 4 w= 9 nsites= 10699 E= 1337.0e-6
0.112160 0.164688 0.723152 0.000000
0.179830 0.272736 0.029162 0.518273
0.335382 0.091244 0.278272 0.295102
0.021811 0.266951 0.417544 0.293694
0.496428 0.095675 0.247345 0.160552
0.594911 0.066686 0.029248 0.309155
0.323775 0.042766 0.051895 0.581564
0.022625 0.675880 0.294943 0.006552
0.158464 0.432223 0.002758 0.406555

MOTIF M198 O198
letter-probability matrix: alength= 4 w= 9 nsites= 11124 E= 1337.0e-6
0.326681 0.420173 0.026969 0.226178
0.148365 0.338438 0.399604 0.113593
0.410797 0.419839 0.002351 0.167013
0.738245 0.007030 0.251347 0.003378
0.553168 0.299825 0.036890 0.110117
0.195113 0.412586 0.387867 0.004434
0.222535 0.157180 0.278290 0.341996
0.002889 0.460803 0.010957 0.525351
0.296462 0.000000 0.212903 0.490635

MOTIF M199 O199
letter-probability matrix: alength= 4 w= 9 nsites= 10711 E= 1337.0e-6
0.393987 0.028382 0.087480 0.490150
0.347960 0.022780 0.157595 0.471665
0.234252 0.189914 0.026434 0.549400
0.364713 0.052894 0.011368 0.571026
0.317502 0.506160 0.131572 0.044766
0.010070 0.386947 0.000095 0.602888
0.600230 0.259774 0.128018 0.011978
0.148784 0.216615 0.085681 0.548919
0.391398 0.197707 0.137651 0.273244

MOTIF M200 O200
letter-probability matrix: alength= 4 w= 9 nsites= 11187 E= 1337.0e-6
0.100295 0.000000 0.894342 0.005363
0.109949 0.762760 0.098686 0.028605
0.632129 0.098427 0.137583 0.131861
0.274385 0.106392 0.312293 0.306929
0.195880 0.343842 0.268786 0.191491
0.198996 0.219353 0.238095 0.343557
0.088677 0.274485 0.399676 0.237162
0.210951 0.123833 0.482005 0.183211
0.023052 0.160456 0.542961 0.273531

MOTIF M201 O201
letter-probability matrix: alength= 4 w= 9 nsites= 10928 E= 1337.0e-6
0.024433 0.040081 0.825952 0.109535
0.275984 0.325797 0.379538 0.018680
0.063047 0.083113 0.200244 0.653595
0.358676 0.217405 0.227768 0.196151
0.112784 0.315659 0.348798 0.222759
0.666860 0.049049 0.241303 0.042788
0.040308 0.458698 0.438486 0.062507
0.079441 0.402967 0.380409 0.137183
0.821195 0.000251 0.047840 0.130713

MOTIF M202 O202
letter-probability matrix: alength= 4 w= 9 nsites= 11070 E= 1337.0e-6
0.332249 0.138482 0.504065 0.025203
0.114995 0.328546 0.467570 0.088889
0.011481 0.364039 0.312511 0.311969
0.560007 0.021044 0.070483 0.348465
0.167184 0.597876 0.000000 0.234940
0.164058 0.001585 0.302160 0.532197
0.061315 0.308491 0.124647 0.505547
0.055143 0.106051 0.309996 0.528810
0.009796 0.087424 0.653992 0.248789

MOTIF M203 O203
letter-probability matrix: alength= 4 w= 9 nsites= 10374 E= 1337.0e-6
0.247831 0.027087 0.234529 0.490553
0.615892 0.100850 0.097851 0.185407
0.497324 0.000202 0.340370 0.162105
0.106820 0.588290 0.304370 0.000519
0.275361 0.312479 0.129089 0.283071
0.518268 0.033215 0.354942 0.093575
0.043755 0.181625 0.765656 0.008963
0.423118 0.001560 0.003601 0.571720
0.244248 0.091184 0.044442 0.620126

MOTIF M204 O204
letter-probability matrix: alength= 4 w= 9 nsites= 10812 E= 1337.0e-6
0.255734 0.352849 0.039493 0.351924
0.112930 0.312431 0.035979 0.538661
0.016021 0.236340 0.005186 0.742452
0.529335 0.097568 0.373004 0.000093
0.023040 0.261871 0.326965 0.388124
0.639282 0.001146 0.092281 0.267291
0.390596 0.079487 0.217844 0.312072
0.593436 0.065034 0.090727 0.250803
0.511258 0.001732 0.244829 0.242180

MOTIF M205 O205
letter-probability matrix: alength= 4 w= 9 nsites= 11187 E= 1337.0e-6
0.820148 0.000000 0.000089 0.179762
0.000268 0.066875 0.907108 0.025749
0.327911 0.229210 0.015087 0.427792
0.129444 0.408911 0.180432 0.281213
0.126393 0.238835 0.012920 0.621852
0.445568 0.277931 0.106955 0.169545
0.283612 0.386049 0.145342 0.184998
0.417173 0.103787 0.046353 0.432688
0.145975 0.395926 0.132105 0.325994

MOTIF M206 O206
letter-probability matrix: alength= 4 w= 9 nsites= 11187 E= 1337.0e-6
0.189863 0.365245 0.000089 0.444802
0.011320 0.001258 0.932980 0.054443
0.053459 0.308141 0.230306 0.408094
0.168194 0.385437 0.088126 0.358244
0.712577 0.073894 0.138683 0.074846
0.241040 0.446241 0.133974 0.178745
0.428676 0.050727 0.326244 0.194353
0.461597 0.284185 0.112944 0.141274
0.252752 0.086609 0.069444 0.591195

MOTIF M207 O207
letter-probability matrix: alength= 4 w= 9 nsites= 11137 E= 1337.0e-6
0.218102 0.002514 0.737631 0.041753
0.196843 0.517235 0.234761 0.051161
0.003661 0.454554 0.294645 0.247140
0.064038 0.484638 0.192115 0.259208
0.127175 0.477905 0.048842 0.346079
0.347393 0.453352 0.021788 0.177467
0.090714 0.113276 0.400336 0.395674
0.058774 0.318016 0.325316 0.297894
0.599225 0.019089 0.044037 0.337649

MOTIF M208 O208
letter-probability matrix: alength= 4 w= 9 nsites= 11177 E= 1337.0e-6
0.115952 0.022367 0.763980 0.097701
0.150970 0.306251 0.166714 0.376066
0.050173 0.129778 0.458074 0.361975
0.077128 0.568595 0.070700 0.283577
0.105349 0.296334 0.213963 0.384355
0.316248 0.016017 0.655689 0.012045
0.396604 0.026127 0.393076 0.184193
0.375033 0.620043 0.003593 0.001331
0.737606 0.168036 0.073268 0.021090

MOTIF M209 O209
letter-probability matrix: alength= 4 w= 9 nsites= 11121 E= 1337.0e-6
0.119773 0.058718 0.693822 0.127686
0.366859 0.012684 0.153742 0.466715
0.167087 0.024564 0.614360 0.193990
0.679082 0.000000 0.172211 0.148707
0.234329 0.221848 0.194789 0.349034
0.044557 0.429797 0.341882 0.183764
0.368229 0.057060 0.327232 0.247479
0.205203 0.555503 0.192524 0.046769
0.001618 0.252118 0.032359 0.713905

MOTIF M210 O210
letter-probability matrix: alength= 4 w= 9 nsites= 11015 E= 1337.0e-6
0.493781 0.297594 0.010622 0.198003
0.390636 0.085000 0.083727 0.440636
0.121882 0.355725 0.071546 0.450847
0.352990 0.281059 0.080968 0.284984
0.484893 0.279436 0.059421 0.176250
0.230274 0.007633 0.001379 0.760714
0.177184 0.348816 0.473908 0.000093
0.000000 0.098206 0.149074 0.752720
0.485875 0.003398 0.355014 0.155713

MOTIF M211 O211
letter-probability matrix: alength= 4 w= 9 nsites= 8472 E= 1337.0e-6
0.209160 0.267587 0.058310 0.464943
0.358711 0.022309 0.033758 0.585222
0.313857 0.055359 0.129367 0.501416
0.370751 0.105996 0.053942 0.469311
0.149469 0.088784 0.000000 0.761747
0.782624 0.204728 0.003191 0.009456
0.134424 0.258416 0.148886 0.458274
0.512402 0.020272 0.198545 0.268781
0.146049 0.117223 0.601249 0.135479

MOTIF M212 O212
letter-probability matrix: alength= 4 w= 9 nsites= 11155 E= 1337.0e-6
0.349440 0.487853 0.032900 0.129807
0.255132 0.268848 0.450919 0.025101
0.421225 0.322188 0.163275 0.093313
0.338107 0.000096 0.093417 0.568381
0.133608 0.456958 0.087736 0.321698
0.497990 0.000000 0.174498 0.327512
0.006772 0.244811 0.590902 0.157515
0.019686 0.897299 0.001221 0.081795
0.376043 0.100425 0.000000 0.523532

MOTIF M213 O213
letter-probability matrix: alength= 4 w= 9 nsites= 11033 E= 1337.0e-6
0.044593 0.800326 0.125714 0.029366
0.091453 0.306263 0.111484 0.490800
0.288371 0.134888 0.401125 0.175617
0.123074 0.000182 0.714286 0.162458
0.580199 0.019947 0.004392 0.395462
0.302908 0.376296 0.011375 0.309421
0.304120 0.306082 0.097543 0.292255
0.098982 0.181688 0.330637 0.388693
0.248090 0.064101 0.536595 0.151213

MOTIF M214 O214
letter-probability matrix: alength= 4 w= 9 nsites= 11176 E= 1337.0e-6
0.646922 0.001432 0.320956 0.030691
0.064947 0.655738 0.274299 0.005017
0.562831 0.019402 0.051828 0.365939
0.214273 0.515369 0.034694 0.235664
0.346849 0.402009 0.052237 0.198904
0.191225 0.261497 0.290195 0.257082
0.266078 0.105669 0.512175 0.116078
0.165305 0.082371 0.580163 0.172161
0.003040 0.598803 0.107353 0.290804

MOTIF M215 O215
letter-probability matrix: alength= 4 w= 9 nsites= 10633 E= 1337.0e-6
0.329446 0.288348 0.200132 0.182075
0.022841 0.006571 0.915415 0.055173
0.009101 0.570471 0.183163 0.237265
0.161911 0.351263 0.318498 0.168328
0.468885 0.174857 0.339413 0.016845
0.253047 0.443183 0.302508 0.001261
0.000000 0.791249 0.079464 0.129287
0.031000 0.418143 0.068429 0.482429
0.178400 0.308318 0.165046 0.348236

MOTIF M216 O216
letter-probability matrix: alength= 4 w= 9 nsites= 11164 E= 1337.0e-6
0.139824 0.073361 0.377732 0.409083
0.150036 0.000269 0.286994 0.562702
0.525115 0.218348 0.224009 0.032528
0.193783 0.440829 0.272223 0.093165
0.057107 0.183335 0.067690 0.691868
0.161432 0.546620 0.003326 0.288621
0.696831 0.086025 0.100955 0.116189
0.023931 0.163224 0.136224 0.676621
0.470030 0.350356 0.063757 0.115857

MOTIF M217 O217
letter-probability matrix: alength= 4 w= 9 nsites= 11169 E= 1337.0e-6
0.005462 0.019429 0.880562 0.094547
0.128391 0.103053 0.173337 0.595219
0.128795 0.182445 0.225078 0.463681
0.019091 0.359685 0.350632 0.270592
0.073158 0.362188 0.479079 0.085575
0.444565 0.333243 0.178981 0.043212
0.463163 0.309651 0.087721 0.139465
0.011081 0.223626 0.261722 0.503571
0.396534 0.012788 0.268835 0.321842

MOTIF M218 O218
letter-probability matrix: alength= 4 w= 9 nsites= 11138 E= 1337.0e-6
0.000180 0.011672 0.688993 0.299156
0.173962 0.277426 0.031198 0.517415
0.270870 0.047772 0.010119 0.671240
0.308675 0.522013 0.118798 0.050514
0.458776 0.172325 0.105562 0.263337
0.302476 0.042334 0.460162 0.195028
0.185818 0.238156 0.530020 0.046006
0.173132 0.507451 0.119001 0.200416
0.071630 0.051019 0.060480 0.816871

MOTIF M219 O219
letter-probability matrix: alength= 4 w= 9 nsites= 11125 E= 1337.0e-6
0.154427 0.162157 0.481169 0.202247
0.114304 0.028102 0.311738 0.545857
0.196437 0.003256 0.440626 0.359682
0.210335 0.252947 0.535721 0.000997
0.008015 0.250478 0.261864 0.479643
0.621802 0.204952 0.104898 0.068348
0.072965 0.762428 0.046690 0.117916
0.059369 0.323064 0.364173 0.253395
0.224109 0.085833 0.169591 0.520468

MOTIF M220 O220
letter-probability matrix: alength= 4 w= 9 nsites= 11020 E= 1337.0e-6
0.677495 0.056080 0.169147 0.097278
0.270968 0.101681 0.058155 0.569196
0.362335 0.371637 0.007022 0.259006
0.207777 0.152699 0.070174 0.569350
0.471433 0.167449 0.354770 0.006348
0.034390 0.058704 0.578164 0.328742
0.533023 0.013041 0.264462 0.189474
0.147496 0.042864 0.545999 0.263641
0.233937 0.071401 0.092564 0.602097

MOTIF M221 O221
letter-probability matrix: alength= 4 w= 9 nsites= 11059 E= 1337.0e-6
0.000723 0.000000 0.955873 0.043404
0.012912 0.217467 0.402287 0.367334
0.008472 0.515203 0.476325 0.000000
0.554809 0.212229 0.193895 0.039067
0.230948 0.369826 0.157930 0.241296
0.381491 0.213151 0.110570 0.294788
0.254163 0.335260 0.289324 0.121254
0.233821 0.296655 0.102217 0.367307
0.100964 0.577959 0.060981 0.260096

MOTIF M222 O222
letter-probability matrix: alength= 4 w= 9 nsites= 11150 E= 1337.0e-6
0.000000 1.000000 0.000000 0.000000
0.671721 0.001884 0.043603 0.282792
0.032579 0.653114 0.265751 0.048555
0.339860 0.227771 0.010149 0.422220
0.089226 0.269296 0.400934 0.240543
0.402950 0.136625 0.180698 0.279727
0.507266 0.124109 0.190721 0.177904
0.156918 0.098787 0.300978 0.443318
0.135688 0.215046 0.249450 0.399817

MOTIF M223 O223
letter-probability matrix: alength= 4 w= 9 nsites= 11183 E= 1337.0e-6
0.094966 0.052312 0.697398 0.155325
0.133067 0.446492 0.166742 0.253699
0.058394 0.210584 0.031022 0.700000
0.463457 0.239798 0.236405 0.060339
0.013007 0.043450 0.170849 0.772694
0.727576 0.089790 0.059243 0.123392
0.494019 0.151599 0.211219 0.143162
0.392958 0.292488 0.128638 0.185915
0.172315 0.497088 0.080859 0.249737

