MEME version 5.5.1

ALPHABET= ACGT

strands: + -

Background letter frequencies (from uniform background):
A 0.25000 C 0.25000 G 0.25000 T 0.25000

MOTIF M0 O0
letter-probability matrix: alength= 4 w= 9 nsites= 6488 E= 1337.0e-6
0.636560 0.027898 0.178021 0.157522
0.050153 0.926033 0.002887 0.020927
0.071823 0.192945 0.024224 0.711007
0.016238 0.334235 0.012855 0.636671
0.969666 0.004044 0.021234 0.005056
0.013830 0.962766 0.021277 0.002128
0.068233 0.765101 0.012304 0.154362
0.127208 0.089517 0.136631 0.646643
0.045564 0.188249 0.278177 0.488010

MOTIF M1 O1
letter-probability matrix: alength= 4 w= 9 nsites= 10849 E= 1337.0e-6
0.464559 0.019817 0.337266 0.178357
0.617845 0.000000 0.319476 0.062679
0.031737 0.637605 0.272350 0.058308
0.079497 0.421156 0.266356 0.232992
0.397737 0.090618 0.079679 0.431966
0.216329 0.539492 0.196939 0.047239
0.245026 0.037473 0.632799 0.084702
0.082670 0.240334 0.592967 0.084030
0.239866 0.163125 0.249016 0.347993

MOTIF M2 O2
letter-probability matrix: alength= 4 w= 9 nsites= 10591 E= 1337.0e-6
0.455103 0.022661 0.000850 0.521386
0.226014 0.073718 0.067566 0.632702
0.564103 0.026051 0.014462 0.395385
0.446791 0.164907 0.076398 0.311905
0.385564 0.010864 0.217173 0.386399
0.099063 0.474787 0.187178 0.238973
0.355119 0.029942 0.045718 0.569221
0.274672 0.461188 0.146130 0.118011
0.236894 0.074983 0.000885 0.687237

MOTIF M3 O3
letter-probability matrix: alength= 4 w= 9 nsites= 11130 E= 1337.0e-6
0.016442 0.711321 0.027314 0.244924
0.358401 0.220036 0.253819 0.167745
0.403666 0.192218 0.386323 0.017793
0.495191 0.129888 0.316944 0.057978
0.000000 0.382001 0.043513 0.574485
0.127780 0.478703 0.034939 0.358577
0.140706 0.229157 0.433548 0.196589
0.367360 0.121419 0.509396 0.001824
0.422781 0.064501 0.251601 0.261116

MOTIF M4 O4
letter-probability matrix: alength= 4 w= 9 nsites= 11086 E= 1337.0e-6
0.346834 0.178694 0.441277 0.033195
0.705850 0.095601 0.192109 0.006440
0.258305 0.263857 0.472194 0.005643
0.025972 0.499816 0.194971 0.279241
0.000000 0.558881 0.037457 0.403662
0.001402 0.273432 0.116718 0.608448
0.232121 0.296965 0.332863 0.138051
0.004046 0.467488 0.129764 0.398701
0.307801 0.095013 0.338969 0.258217

MOTIF M5 O5
letter-probability matrix: alength= 4 w= 9 nsites= 10964 E= 1337.0e-6
0.368114 0.078895 0.252736 0.300255
0.207406 0.136355 0.289675 0.366563
0.097045 0.148395 0.371762 0.382798
0.768788 0.000457 0.230755 0.000000
0.002196 0.348459 0.194676 0.454670
0.458830 0.022549 0.082894 0.435727
0.508098 0.360946 0.130864 0.000093
0.000095 0.560341 0.202556 0.237009
0.729338 0.102368 0.095698 0.072595

MOTIF M6 O6
letter-probability matrix: alength= 4 w= 9 nsites= 11176 E= 1337.0e-6
0.031675 0.948014 0.000268 0.020043
0.278524 0.027171 0.332063 0.362242
0.217582 0.419921 0.066193 0.296304
0.286716 0.042544 0.572867 0.097873
0.507979 0.154024 0.048104 0.289894
0.481156 0.009714 0.345857 0.163272
0.398734 0.152376 0.339145 0.109744
0.497664 0.020905 0.356616 0.124816
0.159965 0.308656 0.191281 0.340098

MOTIF M7 O7
letter-probability matrix: alength= 4 w= 9 nsites= 10894 E= 1337.0e-6
0.037268 0.204149 0.688820 0.069763
0.765096 0.054596 0.074662 0.105646
0.515420 0.244270 0.101481 0.138829
0.008182 0.188884 0.504789 0.298144
0.049461 0.318983 0.584446 0.047110
0.065961 0.094750 0.012685 0.826605
0.275319 0.496578 0.227760 0.000342
0.233703 0.275335 0.251662 0.239300
0.282606 0.208348 0.196997 0.312049

MOTIF M8 O8
letter-probability matrix: alength= 4 w= 9 nsites= 11155 E= 1337.0e-6
0.458808 0.141999 0.058180 0.341013
0.344310 0.457079 0.003096 0.195516
0.162148 0.000000 0.632083 0.205768
0.208994 0.262297 0.335872 0.192838
0.049053 0.678050 0.217220 0.055676
0.261239 0.279201 0.081093 0.378467
0.164640 0.080164 0.012273 0.742923
0.119280 0.003738 0.147372 0.729610
0.000229 0.497368 0.423552 0.078851

MOTIF M9 O9
letter-probability matrix: alength= 4 w= 9 nsites= 11059 E= 1337.0e-6
0.157247 0.139434 0.620400 0.082919
0.053310 0.279357 0.665516 0.001816
0.061223 0.057847 0.009672 0.871259
0.191758 0.396423 0.225685 0.186134
0.351187 0.186577 0.329875 0.132361
0.321060 0.302273 0.145876 0.230791
0.335189 0.283854 0.279513 0.101444
0.500334 0.010962 0.217996 0.270708
0.039146 0.735260 0.141987 0.083607

MOTIF M10 O10
letter-probability matrix: alength= 4 w= 9 nsites= 11152 E= 1337.0e-6
0.032999 0.017127 0.686872 0.263002
0.033178 0.610294 0.347023 0.009505
0.439781 0.047888 0.380414 0.131916
0.550404 0.116413 0.216413 0.116771
0.148088 0.288099 0.246455 0.317358
0.030733 0.240744 0.056794 0.671729
0.138217 0.102763 0.374426 0.384595
0.296912 0.107910 0.330865 0.264313
0.071545 0.494462 0.124841 0.309152

MOTIF M11 O11
letter-probability matrix: alength= 4 w= 9 nsites= 10605 E= 1337.0e-6
0.000471 0.638284 0.332862 0.028383
0.062573 0.912534 0.012495 0.012398
0.112569 0.814922 0.062293 0.010215
0.413279 0.279265 0.112155 0.195301
0.239086 0.152183 0.421849 0.186882
0.296067 0.196655 0.120161 0.387117
0.168017 0.396820 0.307564 0.127598
0.126454 0.217488 0.178896 0.477162
0.207101 0.349342 0.280488 0.163069

MOTIF M12 O12
letter-probability matrix: alength= 4 w= 9 nsites= 11144 E= 1337.0e-6
0.000000 0.000000 1.000000 0.000000
0.146676 0.044436 0.000090 0.808797
0.193880 0.239687 0.364174 0.202258
0.336082 0.291735 0.066245 0.305937
0.349926 0.255808 0.255623 0.138643
0.406169 0.030196 0.374120 0.189515
0.393820 0.031742 0.347659 0.226779
0.266597 0.573885 0.095711 0.063807
0.281661 0.190948 0.128019 0.399372

MOTIF M13 O13
letter-probability matrix: alength= 4 w= 9 nsites= 9376 E= 1337.0e-6
0.007999 0.024851 0.715870 0.251280
0.776516 0.093187 0.022155 0.108142
0.000152 0.008493 0.534577 0.456779
0.024984 0.002776 0.423253 0.548988
0.217331 0.029058 0.443432 0.310179
0.618035 0.239234 0.001055 0.141677
0.031432 0.160974 0.416788 0.390807
0.266838 0.063498 0.191411 0.478253
0.009839 0.124002 0.626323 0.239837

MOTIF M14 O14
letter-probability matrix: alength= 4 w= 9 nsites= 11156 E= 1337.0e-6
0.000269 0.992560 0.006992 0.000179
0.229573 0.278109 0.043474 0.448843
0.075066 0.419011 0.294203 0.211721
0.193815 0.101850 0.423635 0.280700
0.279517 0.172974 0.167620 0.379889
0.318529 0.178747 0.350136 0.152589
0.254097 0.121176 0.267753 0.356974
0.548062 0.110969 0.265646 0.075323
0.081184 0.144799 0.765049 0.008969

MOTIF M15 O15
letter-probability matrix: alength= 4 w= 9 nsites= 10870 E= 1337.0e-6
0.355014 0.169549 0.019411 0.456026
0.107452 0.000552 0.315823 0.576173
0.336040 0.433013 0.041613 0.189334
0.060193 0.109813 0.108050 0.721944
0.296089 0.288641 0.341899 0.073371
0.213971 0.075293 0.257853 0.452883
0.336454 0.370213 0.108652 0.184681
0.755085 0.000764 0.035329 0.208823
0.729219 0.028967 0.183685 0.058128

MOTIF M16 O16
letter-probability matrix: alength= 4 w= 9 nsites= 11139 E= 1337.0e-6
0.397163 0.452913 0.122004 0.027920
0.452344 0.059261 0.112925 0.375470
0.186347 0.313748 0.219021 0.280885
0.096719 0.106477 0.585031 0.211774
0.170146 0.156112 0.000696 0.673046
0.123144 0.002799 0.002312 0.871745
0.000503 0.432398 0.450384 0.116715
0.456527 0.083420 0.252480 0.207572
0.820725 0.109929 0.045180 0.024166

MOTIF M17 O17
letter-probability matrix: alength= 4 w= 9 nsites= 11151 E= 1337.0e-6
0.697695 0.000000 0.024123 0.278181
0.066242 0.138497 0.506328 0.288933
0.000000 0.651299 0.343197 0.005503
0.119639 0.066618 0.000000 0.813743
0.201144 0.074426 0.523748 0.200682
0.341192 0.378426 0.002245 0.278136
0.338624 0.223639 0.273243 0.164494
0.338190 0.196476 0.297714 0.167619
0.342685 0.134229 0.026787 0.496298

MOTIF M18 O18
letter-probability matrix: alength= 4 w= 9 nsites= 11159 E= 1337.0e-6
0.653105 0.000000 0.305045 0.041850
0.252965 0.302211 0.441679 0.003145
0.701160 0.015249 0.021674 0.261916
0.067001 0.665782 0.028490 0.238727
0.382831 0.014219 0.000000 0.602951
0.185592 0.003042 0.545040 0.266326
0.026125 0.163227 0.239956 0.570692
0.160667 0.228111 0.301111 0.310111
0.010553 0.453913 0.136410 0.399124

MOTIF M19 O19
letter-probability matrix: alength= 4 w= 9 nsites= 10556 E= 1337.0e-6
0.388405 0.204433 0.216275 0.190887
0.089617 0.007484 0.647973 0.254926
0.149708 0.026848 0.060700 0.762743
0.054535 0.250300 0.526968 0.168198
0.622072 0.000000 0.260203 0.117725
0.358718 0.000312 0.638889 0.002081
0.000419 0.255185 0.351561 0.392835
0.574971 0.015111 0.232415 0.177503
0.055004 0.403041 0.246872 0.295082

MOTIF M20 O20
letter-probability matrix: alength= 4 w= 9 nsites= 10917 E= 1337.0e-6
0.219566 0.296602 0.114958 0.368874
0.268588 0.362520 0.368615 0.000277
0.379183 0.273618 0.347199 0.000000
0.000000 0.645140 0.300380 0.054480
0.000000 0.581199 0.174594 0.244207
0.056942 0.251095 0.408018 0.283946
0.414190 0.140364 0.444295 0.001151
0.166619 0.554818 0.048128 0.230436
0.329060 0.086733 0.211733 0.372475

MOTIF M21 O21
letter-probability matrix: alength= 4 w= 9 nsites= 10977 E= 1337.0e-6
0.055480 0.044639 0.339073 0.560809
0.403255 0.026173 0.149995 0.420577
0.598835 0.207792 0.190890 0.002483
0.042782 0.245180 0.192038 0.520000
0.381753 0.140814 0.376921 0.100512
0.123755 0.160969 0.115745 0.599531
0.014189 0.195703 0.459816 0.330293
0.025872 0.000000 0.341716 0.632412
0.628841 0.298479 0.001363 0.071316

MOTIF M22 O22
letter-probability matrix: alength= 4 w= 9 nsites= 11186 E= 1337.0e-6
0.118809 0.005632 0.746022 0.129537
0.092194 0.836767 0.012102 0.058938
0.520948 0.315106 0.008360 0.155586
0.597403 0.211546 0.010755 0.180296
0.346113 0.111831 0.512107 0.029949
0.315944 0.146180 0.091077 0.446799
0.018494 0.640820 0.112857 0.227830
0.307540 0.080870 0.202350 0.409239
0.206442 0.241146 0.265034 0.287378

MOTIF M23 O23
letter-probability matrix: alength= 4 w= 9 nsites= 10156 E= 1337.0e-6
0.465045 0.098562 0.400847 0.035545
0.166945 0.273050 0.539201 0.020803
0.000000 0.612503 0.339127 0.048370
0.217299 0.489135 0.073995 0.219571
0.186016 0.082313 0.595073 0.136598
0.213433 0.083881 0.690597 0.012090
0.000000 0.662866 0.082671 0.254464
0.048358 0.545164 0.046837 0.359641
0.346829 0.037100 0.052186 0.563885

MOTIF M24 O24
letter-probability matrix: alength= 4 w= 9 nsites= 10704 E= 1337.0e-6
0.270366 0.001121 0.204223 0.524290
0.169843 0.368741 0.000187 0.461229
0.355789 0.004879 0.127791 0.511541
0.212910 0.314103 0.401297 0.071690
0.422235 0.086834 0.001034 0.489898
0.455041 0.010158 0.247743 0.287058
0.192870 0.026973 0.000000 0.780157
0.576221 0.018057 0.178578 0.227143
0.276346 0.301260 0.174112 0.248282

MOTIF M25 O25
letter-probability matrix: alength= 4 w= 9 nsites= 10983 E= 1337.0e-6
0.301921 0.133570 0.531731 0.032778
0.257216 0.314395 0.370573 0.057817
0.209951 0.033534 0.367687 0.388828
0.122378 0.000091 0.063013 0.814518
0.013377 0.212754 0.237768 0.536100
0.025448 0.516950 0.286174 0.171429
0.414112 0.031862 0.503140 0.050887
0.368572 0.235664 0.238994 0.156770
0.166713 0.484000 0.166433 0.182853

MOTIF M26 O26
letter-probability matrix: alength= 4 w= 9 nsites= 8004 E= 1337.0e-6
0.323088 0.040480 0.293478 0.342954
0.000000 0.000000 0.985918 0.014082
0.047339 0.011233 0.761166 0.180262
0.795468 0.092427 0.044723 0.067382
0.015950 0.130028 0.263870 0.590153
0.436508 0.000000 0.257143 0.306349
0.334141 0.301414 0.340606 0.023838
0.146382 0.029194 0.261513 0.562911
0.132060 0.141611 0.603405 0.122924

MOTIF M27 O27
letter-probability matrix: alength= 4 w= 9 nsites= 11125 E= 1337.0e-6
0.656989 0.226697 0.115236 0.001079
0.047094 0.023593 0.864638 0.064675
0.438152 0.214191 0.063271 0.284386
0.326740 0.359052 0.027318 0.286889
0.041470 0.224697 0.113837 0.619996
0.172980 0.218867 0.054423 0.553730
0.478931 0.301433 0.190107 0.029529
0.432975 0.147509 0.047433 0.372083
0.346507 0.460917 0.046943 0.145633

MOTIF M28 O28
letter-probability matrix: alength= 4 w= 9 nsites= 10885 E= 1337.0e-6
0.795315 0.153606 0.014515 0.036564
0.022859 0.237994 0.511752 0.227394
0.618268 0.052553 0.325923 0.003256
0.007494 0.126089 0.548852 0.317564
0.483721 0.073754 0.391647 0.050878
0.000578 0.419896 0.391074 0.188452
0.558359 0.149602 0.000785 0.291254
0.296991 0.402145 0.134445 0.166418
0.241916 0.268189 0.044563 0.445331

MOTIF M29 O29
letter-probability matrix: alength= 4 w= 9 nsites= 10436 E= 1337.0e-6
0.527405 0.020314 0.071579 0.380701
0.127221 0.515111 0.045538 0.312130
0.324229 0.231010 0.397744 0.047017
0.280519 0.225889 0.102371 0.391221
0.359018 0.035058 0.066179 0.539745
0.007407 0.955967 0.013580 0.023045
0.049188 0.387326 0.047815 0.515671
0.456235 0.075529 0.467765 0.000471
0.013397 0.007895 0.976316 0.002392

MOTIF M30 O30
letter-probability matrix: alength= 4 w= 9 nsites= 10999 E= 1337.0e-6
0.026548 0.069188 0.163651 0.740613
0.590614 0.299295 0.002875 0.107216
0.069157 0.020982 0.236827 0.673033
0.351398 0.444412 0.201019 0.003171
0.109593 0.202554 0.254133 0.433719
0.494621 0.062578 0.389532 0.053269
0.255988 0.085154 0.622982 0.035876
0.087623 0.097590 0.222563 0.592223
0.308974 0.137935 0.326652 0.226438

MOTIF M31 O31
letter-probability matrix: alength= 4 w= 9 nsites= 10426 E= 1337.0e-6
0.403702 0.039708 0.235373 0.321216
0.534241 0.045559 0.208805 0.211395
0.478253 0.048114 0.013376 0.460258
0.358734 0.048750 0.330696 0.261821
0.302900 0.000000 0.504212 0.192888
0.027062 0.166039 0.209952 0.596947
0.764565 0.013091 0.209853 0.012491
0.423201 0.013671 0.378166 0.184962
0.605591 0.020812 0.148235 0.225362

MOTIF M32 O32
letter-probability matrix: alength= 4 w= 9 nsites= 11171 E= 1337.0e-6
0.001432 0.998478 0.000000 0.000090
0.322800 0.000000 0.141348 0.535852
0.073053 0.398120 0.335900 0.192927
0.321844 0.150045 0.383169 0.144942
0.438395 0.203617 0.204513 0.153474
0.150698 0.061157 0.221973 0.566171
0.154501 0.227944 0.367936 0.249619
0.632659 0.161501 0.174758 0.031082
0.398850 0.155478 0.375483 0.070190

MOTIF M33 O33
letter-probability matrix: alength= 4 w= 9 nsites= 10290 E= 1337.0e-6
0.349563 0.224587 0.181535 0.244315
0.000000 0.002332 0.011467 0.986200
0.948618 0.048256 0.000000 0.003126
0.484493 0.198513 0.029058 0.287937
0.330506 0.103166 0.133741 0.432587
0.315152 0.097963 0.287928 0.298957
0.282222 0.125354 0.180606 0.411818
0.362163 0.224585 0.264217 0.149035
0.391464 0.178575 0.206402 0.223559

MOTIF M34 O34
letter-probability matrix: alength= 4 w= 9 nsites= 10820 E= 1337.0e-6
0.021996 0.527264 0.000092 0.450647
0.826802 0.074122 0.098244 0.000832
0.051453 0.224042 0.001018 0.723487
0.643640 0.000557 0.149861 0.205942
0.368225 0.232446 0.187279 0.212051
0.371518 0.155255 0.208896 0.264331
0.287853 0.069699 0.407609 0.234840
0.311585 0.133204 0.368977 0.186234
0.467302 0.019847 0.310509 0.202342

MOTIF M35 O35
letter-probability matrix: alength= 4 w= 9 nsites= 10948 E= 1337.0e-6
0.201315 0.340427 0.165236 0.293022
0.299360 0.049861 0.367466 0.283313
0.281331 0.215276 0.365931 0.137463
0.172959 0.521803 0.090235 0.215003
0.311892 0.442331 0.245777 0.000000
0.628506 0.261494 0.005862 0.104138
0.953165 0.000000 0.023186 0.023649
0.925650 0.044517 0.009789 0.020044
0.324432 0.340431 0.194330 0.140807

MOTIF M36 O36
letter-probability matrix: alength= 4 w= 9 nsites= 10579 E= 1337.0e-6
0.298894 0.290387 0.000000 0.410719
0.900085 0.041875 0.012383 0.045656
0.003231 0.002281 0.531502 0.462986
0.783680 0.000000 0.058025 0.158295
0.382515 0.090128 0.347872 0.179485
0.354021 0.233232 0.273200 0.139546
0.292907 0.008375 0.287761 0.410958
0.253890 0.156122 0.240377 0.349611
0.286935 0.127839 0.150135 0.435091

MOTIF M37 O37
letter-probability matrix: alength= 4 w= 9 nsites= 11109 E= 1337.0e-6
0.370330 0.002610 0.228823 0.398236
0.000294 0.853515 0.080498 0.065693
0.380667 0.048632 0.000200 0.570501
0.155825 0.389152 0.434747 0.020276
0.000654 0.017330 0.134714 0.847302
0.210274 0.255293 0.194116 0.340316
0.095222 0.374045 0.530733 0.000000
0.219908 0.382767 0.316250 0.081075
0.292481 0.153016 0.151937 0.402566

MOTIF M38 O38
letter-probability matrix: alength= 4 w= 9 nsites= 10706 E= 1337.0e-6
0.002242 0.321689 0.675976 0.000093
0.100334 0.549307 0.150400 0.199960
0.000000 0.707373 0.179514 0.113113
0.279208 0.577144 0.100660 0.042988
0.221709 0.473509 0.018270 0.286513
0.165152 0.315163 0.331495 0.188189
0.372037 0.434442 0.150141 0.043379
0.049373 0.462943 0.248625 0.239059
0.133258 0.391685 0.140449 0.334607

MOTIF M39 O39
letter-probability matrix: alength= 4 w= 9 nsites= 11144 E= 1337.0e-6
0.889806 0.000000 0.000000 0.110194
0.000000 0.996588 0.003323 0.000090
0.309498 0.177100 0.011963 0.501439
0.078225 0.488883 0.265460 0.167432
0.302130 0.322982 0.204730 0.170157
0.315566 0.299548 0.128869 0.256018
0.298277 0.202085 0.179692 0.319946
0.408663 0.084986 0.178013 0.328338
0.213929 0.167129 0.399186 0.219756

MOTIF M40 O40
letter-probability matrix: alength= 4 w= 9 nsites= 10701 E= 1337.0e-6
0.028222 0.320064 0.175217 0.476498
0.176619 0.190917 0.495374 0.137090
0.616716 0.086851 0.239869 0.056564
0.312927 0.000552 0.371167 0.315354
0.018461 0.001269 0.019038 0.961232
0.073624 0.017751 0.890755 0.017870
0.056275 0.322280 0.437371 0.184074
0.280157 0.313658 0.044300 0.361885
0.319556 0.277236 0.196792 0.206416

MOTIF M41 O41
letter-probability matrix: alength= 4 w= 9 nsites= 11136 E= 1337.0e-6
0.925557 0.004759 0.000000 0.069684
0.011232 0.086171 0.163806 0.738791
0.200108 0.028163 0.312939 0.458791
0.372985 0.096893 0.308420 0.221702
0.318539 0.224628 0.118178 0.338656
0.224052 0.022441 0.379694 0.373812
0.417749 0.092742 0.177945 0.311563
0.216746 0.387505 0.360297 0.035453
0.107982 0.104345 0.198900 0.588773

MOTIF M42 O42
letter-probability matrix: alength= 4 w= 9 nsites= 11184 E= 1337.0e-6
0.244188 0.259031 0.139485 0.357296
0.127151 0.206678 0.447586 0.218584
0.137495 0.395759 0.006073 0.460673
0.619660 0.016131 0.207183 0.157026
0.703758 0.220283 0.075826 0.000133
0.027111 0.492657 0.478255 0.001977
0.792336 0.020824 0.086045 0.100795
0.001177 0.639146 0.037528 0.322149
0.113657 0.072623 0.502323 0.311397

MOTIF M43 O43
letter-probability matrix: alength= 4 w= 9 nsites= 11180 E= 1337.0e-6
0.007335 0.283184 0.703846 0.005635
0.356515 0.199655 0.000091 0.443739
0.419505 0.118615 0.412635 0.049245
0.566255 0.340329 0.089506 0.003909
0.400045 0.065511 0.308420 0.226024
0.052619 0.267315 0.460916 0.219149
0.013262 0.316527 0.115726 0.554485
0.264496 0.000649 0.002594 0.732261
0.170410 0.476495 0.352703 0.000392

MOTIF M44 O44
letter-probability matrix: alength= 4 w= 9 nsites= 11103 E= 1337.0e-6
0.003242 0.944880 0.009547 0.042331
0.502297 0.006485 0.310096 0.181122
0.138345 0.216677 0.019312 0.625666
0.134127 0.181413 0.524325 0.160135
0.240544 0.170382 0.078568 0.510506
0.161406 0.290971 0.128280 0.419343
0.164829 0.231354 0.454832 0.148985
0.287419 0.285916 0.061261 0.365404
0.162839 0.439078 0.071930 0.326153

MOTIF M45 O45
letter-probability matrix: alength= 4 w= 9 nsites= 11066 E= 1337.0e-6
0.396440 0.179017 0.238659 0.185885
0.305725 0.413762 0.151361 0.129153
0.294270 0.267019 0.411568 0.027143
0.004345 0.001057 0.000000 0.994598
0.016623 0.394701 0.588301 0.000375
0.934136 0.005290 0.054490 0.006084
0.000133 0.578569 0.039584 0.381714
0.270913 0.216051 0.310158 0.202879
0.240100 0.246746 0.248408 0.264747

MOTIF M46 O46
letter-probability matrix: alength= 4 w= 9 nsites= 7573 E= 1337.0e-6
0.485277 0.110260 0.130728 0.273736
0.060530 0.003487 0.729149 0.206834
0.115552 0.000000 0.676726 0.207722
0.001466 0.000489 0.913978 0.084066
0.062103 0.012225 0.726161 0.199511
0.016626 0.065526 0.409780 0.508068
0.218317 0.169802 0.318317 0.293564
0.005459 0.684864 0.040199 0.269479
0.438481 0.106835 0.350886 0.103797

MOTIF M47 O47
letter-probability matrix: alength= 4 w= 9 nsites= 11113 E= 1337.0e-6
0.160353 0.768199 0.068208 0.003239
0.000290 0.249106 0.083809 0.666796
0.705186 0.041487 0.252348 0.000978
0.000098 0.125357 0.691135 0.183410
0.623279 0.000000 0.093357 0.283363
0.253842 0.200402 0.185234 0.360522
0.367610 0.056411 0.286636 0.289342
0.346261 0.157274 0.263553 0.232912
0.370358 0.036807 0.299793 0.293041

MOTIF M48 O48
letter-probability matrix: alength= 4 w= 9 nsites= 10897 E= 1337.0e-6
0.189869 0.368266 0.085895 0.355970
0.298247 0.027347 0.641553 0.032853
0.105845 0.144179 0.535806 0.214170
0.305027 0.166012 0.018457 0.510505
0.304287 0.305793 0.003012 0.386909
0.551367 0.000102 0.219912 0.228618
0.014267 0.270650 0.136256 0.578828
0.166701 0.721190 0.083507 0.028601
0.172991 0.605152 0.005194 0.216663

MOTIF M49 O49
letter-probability matrix: alength= 4 w= 9 nsites= 10362 E= 1337.0e-6
0.333333 0.419128 0.236151 0.011388
0.140545 0.092240 0.759121 0.008094
0.069241 0.543475 0.178400 0.208884
0.143183 0.420627 0.381199 0.054991
0.057742 0.126090 0.797078 0.019090
0.196340 0.559842 0.243323 0.000495
0.009479 0.486655 0.239960 0.263906
0.004282 0.428212 0.104282 0.463224
0.041497 0.404022 0.061609 0.492872

MOTIF M50 O50
letter-probability matrix: alength= 4 w= 9 nsites= 10966 E= 1337.0e-6
0.524804 0.065931 0.014408 0.394857
0.188755 0.041317 0.635256 0.134672
0.214052 0.186383 0.148257 0.451307
0.062493 0.087837 0.078116 0.771554
0.446339 0.230372 0.323289 0.000000
0.272750 0.123233 0.358790 0.245227
0.256781 0.066173 0.043822 0.633225
0.028052 0.575057 0.354941 0.041951
0.000655 0.771136 0.173155 0.055053

MOTIF M51 O51
letter-probability matrix: alength= 4 w= 9 nsites= 10823 E= 1337.0e-6
0.003141 0.095907 0.002587 0.898365
0.522941 0.315250 0.161527 0.000282
0.109138 0.246866 0.079122 0.564875
0.162604 0.311376 0.075256 0.450764
0.319425 0.202169 0.214677 0.263729
0.064558 0.483135 0.166049 0.286258
0.408451 0.125518 0.328190 0.137842
0.060972 0.114912 0.399202 0.424913
0.009375 0.815655 0.085904 0.089066

MOTIF M52 O52
letter-probability matrix: alength= 4 w= 9 nsites= 10216 E= 1337.0e-6
0.271241 0.285728 0.379405 0.063626
0.132244 0.108849 0.195380 0.563528
0.566758 0.080266 0.187255 0.165720
0.233176 0.224250 0.241809 0.300765
0.202308 0.051489 0.263366 0.482837
0.362870 0.180890 0.298444 0.157796
0.267514 0.030124 0.593875 0.108487
0.004964 0.001519 0.776844 0.216673
0.068021 0.004412 0.889710 0.037858

MOTIF M53 O53
letter-probability matrix: alength= 4 w= 9 nsites= 11181 E= 1337.0e-6
0.641445 0.175476 0.000000 0.183078
0.000269 0.000000 0.999731 0.000000
0.184165 0.319712 0.278847 0.217276
0.179262 0.153106 0.000841 0.666791
0.231561 0.303298 0.358977 0.106164
0.429571 0.239823 0.204436 0.126171
0.292511 0.020461 0.352602 0.334426
0.323570 0.199044 0.453776 0.023610
0.478340 0.100111 0.247261 0.174289

MOTIF M54 O54
letter-probability matrix: alength= 4 w= 9 nsites= 11179 E= 1337.0e-6
0.000447 0.000268 0.998390 0.000895
0.033510 0.425320 0.000090 0.541081
0.181021 0.421509 0.277813 0.119657
0.534630 0.122341 0.151154 0.191874
0.068101 0.377518 0.350898 0.203483
0.363993 0.192181 0.065035 0.378791
0.117593 0.546662 0.230790 0.104955
0.397646 0.106217 0.106860 0.389277
0.448540 0.214339 0.133407 0.203714

MOTIF M55 O55
letter-probability matrix: alength= 4 w= 9 nsites= 9140 E= 1337.0e-6
0.213457 0.004814 0.726258 0.055470
0.040889 0.002032 0.954413 0.002667
0.053843 0.337717 0.137690 0.470749
0.070057 0.460062 0.004983 0.464898
0.438298 0.128267 0.152128 0.281307
0.348282 0.151333 0.217137 0.283249
0.316132 0.221137 0.339377 0.123353
0.487047 0.007491 0.419476 0.085986
0.000158 0.762979 0.187313 0.049550

MOTIF M56 O56
letter-probability matrix: alength= 4 w= 9 nsites= 11143 E= 1337.0e-6
0.000000 1.000000 0.000000 0.000000
0.766373 0.000000 0.000810 0.232818
0.220672 0.299721 0.132619 0.346988
0.164760 0.413927 0.102874 0.318440
0.434226 0.058516 0.284645 0.222613
0.437325 0.185543 0.251602 0.125530
0.461678 0.243221 0.116323 0.178778
0.352813 0.075473 0.056356 0.515357
0.167714 0.230209 0.148766 0.453311

MOTIF M57 O57
letter-probability matrix: alength= 4 w= 9 nsites= 9729 E= 1337.0e-6
0.239182 0.335903 0.014082 0.410834
0.258917 0.259739 0.000000 0.481344
0.369719 0.310926 0.256244 0.063110
0.013259 0.145441 0.005242 0.836057
0.743234 0.038181 0.045796 0.172790
0.165996 0.254459 0.050211 0.529333
0.357627 0.022521 0.549786 0.070066
0.124974 0.091557 0.360465 0.423004
0.487794 0.111884 0.206103 0.194218

MOTIF M58 O58
letter-probability matrix: alength= 4 w= 9 nsites= 11170 E= 1337.0e-6
0.241808 0.279499 0.000000 0.478693
0.000090 0.000537 0.999373 0.000000
0.264906 0.294002 0.092032 0.349060
0.066977 0.364076 0.155623 0.413324
0.288413 0.137625 0.162876 0.411085
0.236432 0.163532 0.060362 0.539674
0.235331 0.433754 0.182747 0.148168
0.670552 0.080703 0.023763 0.224982
0.128265 0.371555 0.239596 0.260584

MOTIF M59 O59
letter-probability matrix: alength= 4 w= 9 nsites= 10794 E= 1337.0e-6
0.578655 0.053919 0.034371 0.333055
0.566065 0.092935 0.318205 0.022795
0.290628 0.194722 0.364505 0.150145
0.120911 0.388964 0.223534 0.266590
0.106197 0.386361 0.143671 0.363771
0.677763 0.078772 0.229047 0.014418
0.028121 0.008803 0.954395 0.008681
0.440593 0.002386 0.000502 0.556518
0.176314 0.471689 0.220551 0.131446

MOTIF M60 O60
letter-probability matrix: alength= 4 w= 9 nsites= 10748 E= 1337.0e-6
0.271306 0.011351 0.713714 0.003629
0.126053 0.018643 0.803634 0.051670
0.028849 0.288201 0.218002 0.464949
0.404407 0.018805 0.047502 0.529285
0.226169 0.258832 0.340537 0.174462
0.297554 0.104843 0.227159 0.370444
0.319451 0.343578 0.336971 0.000000
0.278538 0.005637 0.115563 0.600262
0.175499 0.000000 0.499796 0.324704

MOTIF M61 O61
letter-probability matrix: alength= 4 w= 9 nsites= 11150 E= 1337.0e-6
0.590942 0.000090 0.001256 0.407713
0.002122 0.949253 0.034508 0.014117
0.266627 0.045830 0.177254 0.510289
0.003053 0.413495 0.452473 0.130979
0.409951 0.082366 0.034075 0.473607
0.311686 0.054455 0.291768 0.342091
0.130393 0.204964 0.173325 0.491318
0.620100 0.001408 0.224821 0.153671
0.212048 0.290298 0.306341 0.191313

MOTIF M62 O62
letter-probability matrix: alength= 4 w= 9 nsites= 11071 E= 1337.0e-6
0.226538 0.212899 0.121218 0.439346
0.265197 0.099449 0.082919 0.552434
0.454241 0.138952 0.180683 0.226125
0.244924 0.255801 0.272752 0.226523
0.382660 0.000000 0.124739 0.492601
0.315383 0.588102 0.065132 0.031384
0.001867 0.311269 0.145551 0.541313
0.491684 0.007466 0.471555 0.029295
0.103435 0.040632 0.847750 0.008183

MOTIF M63 O63
letter-probability matrix: alength= 4 w= 9 nsites= 9624 E= 1337.0e-6
0.312240 0.424460 0.000312 0.262988
0.379762 0.326598 0.241802 0.051838
0.003224 0.949270 0.045131 0.002375
0.167220 0.796726 0.020792 0.015262
0.276974 0.722077 0.000000 0.000949
0.003645 0.452977 0.213609 0.329769
0.258557 0.163753 0.299434 0.278257
0.635776 0.193789 0.116770 0.053665
0.496500 0.326750 0.163000 0.013750

MOTIF M64 O64
letter-probability matrix: alength= 4 w= 9 nsites= 11029 E= 1337.0e-6
0.012784 0.000000 0.556079 0.431136
0.944637 0.050886 0.000183 0.004294
0.010998 0.111630 0.419118 0.458253
0.699278 0.225750 0.003240 0.071733
0.375929 0.183971 0.219168 0.220932
0.484735 0.160236 0.143473 0.211556
0.313476 0.179277 0.305477 0.201769
0.252724 0.269781 0.175685 0.301810
0.209079 0.269667 0.121081 0.400173

MOTIF M65 O65
letter-probability matrix: alength= 4 w= 9 nsites= 11101 E= 1337.0e-6
0.238717 0.263400 0.262048 0.235835
0.110390 0.384787 0.442764 0.062059
0.000600 0.117477 0.011998 0.869926
0.292691 0.181780 0.525530 0.000000
0.001448 0.030067 0.000000 0.968486
0.303235 0.334557 0.349128 0.013079
0.003131 0.241447 0.144149 0.611272
0.230898 0.297126 0.216647 0.255329
0.277507 0.382776 0.083435 0.256282

MOTIF M66 O66
letter-probability matrix: alength= 4 w= 9 nsites= 11124 E= 1337.0e-6
0.002427 0.032003 0.949928 0.015642
0.167954 0.550123 0.259929 0.021994
0.220186 0.273506 0.272677 0.233631
0.255677 0.434072 0.156714 0.153537
0.091744 0.578693 0.152842 0.176721
0.330388 0.142563 0.318017 0.209033
0.269862 0.137055 0.270455 0.322628
0.158789 0.359049 0.441291 0.040871
0.365538 0.015462 0.553108 0.065892

MOTIF M67 O67
letter-probability matrix: alength= 4 w= 9 nsites= 11167 E= 1337.0e-6
0.000448 0.000090 0.997045 0.002418
0.014460 0.586941 0.000728 0.397872
0.053473 0.333777 0.396194 0.216556
0.408696 0.184465 0.139717 0.267123
0.342040 0.005583 0.152826 0.499551
0.303925 0.050471 0.410575 0.235029
0.418802 0.158564 0.040145 0.382489
0.232451 0.214059 0.252886 0.300603
0.246813 0.208882 0.410554 0.133751

MOTIF M68 O68
letter-probability matrix: alength= 4 w= 9 nsites= 11146 E= 1337.0e-6
0.000000 0.000000 1.000000 0.000000
0.375179 0.058686 0.000179 0.565955
0.115060 0.232813 0.592084 0.060043
0.282841 0.199246 0.327916 0.189997
0.266265 0.258807 0.160316 0.314612
0.231565 0.334532 0.063309 0.370594
0.158364 0.399694 0.281866 0.160076
0.375879 0.022461 0.193307 0.408353
0.419982 0.090687 0.460579 0.028752

MOTIF M69 O69
letter-probability matrix: alength= 4 w= 9 nsites= 10773 E= 1337.0e-6
0.236517 0.058015 0.000000 0.705467
0.277862 0.271206 0.440377 0.010555
0.015431 0.719695 0.000000 0.264873
0.203506 0.350216 0.069770 0.376508
0.287070 0.180005 0.004566 0.528359
0.124134 0.358160 0.093950 0.423755
0.510411 0.425095 0.000946 0.063548
0.114772 0.139072 0.046266 0.699890
0.006282 0.499093 0.061985 0.432640

MOTIF M70 O70
letter-probability matrix: alength= 4 w= 9 nsites= 10781 E= 1337.0e-6
0.125777 0.000000 0.848808 0.025415
0.131672 0.273882 0.534962 0.059484
0.060362 0.389980 0.431803 0.117855
0.511146 0.078750 0.296583 0.113521
0.274900 0.157658 0.328328 0.239114
0.072770 0.409494 0.211398 0.306338
0.105115 0.479125 0.261646 0.154115
0.000414 0.717259 0.202095 0.080232
0.082646 0.578094 0.096444 0.242817

MOTIF M71 O71
letter-probability matrix: alength= 4 w= 9 nsites= 10894 E= 1337.0e-6
0.064898 0.021847 0.096475 0.816780
0.633221 0.217673 0.142250 0.006857
0.135595 0.351489 0.028841 0.484075
0.414512 0.297012 0.000000 0.288476
0.491139 0.291798 0.015387 0.201676
0.437331 0.005697 0.086807 0.470165
0.255397 0.048997 0.432399 0.263206
0.626114 0.003127 0.302893 0.067866
0.059154 0.154056 0.590093 0.196698

MOTIF M72 O72
letter-probability matrix: alength= 4 w= 9 nsites= 9670 E= 1337.0e-6
0.023164 0.040538 0.903516 0.032782
0.401784 0.285243 0.000611 0.312363
0.212367 0.245878 0.464495 0.077261
0.265610 0.160579 0.515920 0.057891
0.131690 0.685352 0.182958 0.000000
0.165558 0.556246 0.203730 0.074465
0.074952 0.376833 0.249296 0.298919
0.027774 0.516679 0.269736 0.185811
0.021537 0.581946 0.121277 0.275241

MOTIF M73 O73
letter-probability matrix: alength= 4 w= 9 nsites= 8467 E= 1337.0e-6
0.264202 0.371560 0.102752 0.261486
0.438526 0.099209 0.252982 0.209283
0.012092 0.000000 0.783252 0.204656
0.240887 0.073296 0.424723 0.261094
0.524316 0.000000 0.475177 0.000507
0.002026 0.079534 0.915907 0.002533
0.057244 0.001013 0.917427 0.024316
0.000000 0.138508 0.345003 0.516489
0.019557 0.232630 0.622748 0.125064

MOTIF M74 O74
letter-probability matrix: alength= 4 w= 9 nsites= 8633 E= 1337.0e-6
0.011468 0.006023 0.098575 0.883934
0.078016 0.016404 0.475329 0.430251
0.663585 0.284637 0.008108 0.043670
0.013254 0.560536 0.119583 0.306627
0.342142 0.188741 0.444722 0.024394
0.131259 0.045211 0.419381 0.404148
0.430122 0.310068 0.105360 0.154450
0.935133 0.019698 0.036339 0.008830
0.345212 0.161213 0.155902 0.337673

MOTIF M75 O75
letter-probability matrix: alength= 4 w= 9 nsites= 11128 E= 1337.0e-6
0.080607 0.442398 0.000000 0.476995
0.636045 0.000090 0.099604 0.264261
0.355154 0.290687 0.293219 0.060940
0.420799 0.019777 0.338254 0.221170
0.015599 0.131084 0.449727 0.403590
0.402591 0.204731 0.356757 0.035921
0.010294 0.142437 0.148529 0.698739
0.451294 0.466188 0.026528 0.055990
0.068414 0.628276 0.017770 0.285540

MOTIF M76 O76
letter-probability matrix: alength= 4 w= 9 nsites= 11131 E= 1337.0e-6
0.327554 0.237175 0.210044 0.225227
0.170877 0.402356 0.271800 0.154967
0.583799 0.000000 0.011416 0.404785
0.040971 0.135728 0.129152 0.694149
0.001186 0.052182 0.000000 0.946632
0.177789 0.000521 0.334463 0.487226
0.000000 0.064490 0.661093 0.274416
0.578426 0.199679 0.000000 0.221895
0.306781 0.134553 0.542519 0.016146

MOTIF M77 O77
letter-probability matrix: alength= 4 w= 9 nsites= 6865 E= 1337.0e-6
0.376693 0.022870 0.217480 0.382957
0.005268 0.013514 0.975034 0.006184
0.042636 0.000861 0.438846 0.517657
0.037703 0.074246 0.711137 0.176914
0.297191 0.222730 0.000000 0.480078
0.000000 0.000000 0.996317 0.003683
0.002090 0.000000 0.986416 0.011494
0.013919 0.005353 0.962527 0.018201
0.374054 0.127568 0.085405 0.412973

MOTIF M78 O78
letter-probability matrix: alength= 4 w= 9 nsites= 11187 E= 1337.0e-6
0.058282 0.304729 0.091803 0.545186
0.874065 0.011764 0.077604 0.036568
0.002786 0.359981 0.397214 0.240019
0.111498 0.120966 0.358068 0.409469
0.366837 0.188729 0.399587 0.044847
0.029436 0.260658 0.167073 0.542834
0.517624 0.331126 0.090686 0.060564
0.011386 0.340165 0.021362 0.627087
0.557220 0.133814 0.106330 0.202636

MOTIF M79 O79
letter-probability matrix: alength= 4 w= 9 nsites= 11186 E= 1337.0e-6
0.558198 0.312981 0.000000 0.128822
0.001163 0.000000 0.998837 0.000000
0.273151 0.306466 0.018449 0.401934
0.181916 0.259253 0.402993 0.155838
0.248185 0.332437 0.080577 0.338801
0.298888 0.215196 0.328579 0.157338
0.268972 0.409879 0.150516 0.170633
0.455487 0.090106 0.104253 0.350153
0.231798 0.171545 0.530443 0.066215

MOTIF M80 O80
letter-probability matrix: alength= 4 w= 9 nsites= 11082 E= 1337.0e-6
0.006858 0.329092 0.605486 0.058563
0.002303 0.486457 0.082642 0.428598
0.684976 0.076515 0.238508 0.000000
0.490489 0.004975 0.000195 0.504341
0.003850 0.285263 0.209160 0.501727
0.265666 0.226927 0.119019 0.388388
0.585319 0.147115 0.025753 0.241813
0.373314 0.246268 0.200556 0.179862
0.544546 0.131557 0.220858 0.103039

MOTIF M81 O81
letter-probability matrix: alength= 4 w= 9 nsites= 10713 E= 1337.0e-6
0.119948 0.723233 0.127415 0.029404
0.732479 0.184042 0.000874 0.082605
0.417367 0.386392 0.000105 0.196136
0.408960 0.027264 0.070142 0.493634
0.060521 0.678420 0.090781 0.170278
0.146925 0.531583 0.233725 0.087768
0.458563 0.196465 0.343234 0.001739
0.557420 0.206861 0.000147 0.235571
0.402284 0.265569 0.016756 0.315391

MOTIF M82 O82
letter-probability matrix: alength= 4 w= 9 nsites= 11179 E= 1337.0e-6
0.825566 0.048842 0.015475 0.110117
0.227748 0.006351 0.700331 0.065569
0.041596 0.436533 0.460775 0.061097
0.091698 0.523081 0.199588 0.185632
0.060397 0.273801 0.075966 0.589835
0.230680 0.003403 0.432524 0.333393
0.142153 0.412307 0.351666 0.093873
0.328641 0.299498 0.145624 0.226237
0.178247 0.244315 0.412225 0.165213

MOTIF M83 O83
letter-probability matrix: alength= 4 w= 9 nsites= 11181 E= 1337.0e-6
0.876219 0.000179 0.000000 0.123603
0.012621 0.071429 0.914339 0.001611
0.337383 0.036812 0.002267 0.623538
0.138953 0.441163 0.242319 0.177566
0.382248 0.117752 0.104053 0.395947
0.330144 0.187943 0.266986 0.214928
0.415312 0.202270 0.175147 0.207271
0.302892 0.160549 0.298608 0.237952
0.105476 0.532622 0.274516 0.087386

MOTIF M84 O84
letter-probability matrix: alength= 4 w= 9 nsites= 10682 E= 1337.0e-6
0.079479 0.647257 0.010672 0.262591
0.080411 0.151979 0.416967 0.350643
0.377457 0.548924 0.001456 0.072164
0.008268 0.250725 0.624396 0.116611
0.071049 0.081122 0.275858 0.571970
0.251012 0.478061 0.086333 0.184594
0.539179 0.166593 0.066926 0.227303
0.000000 0.100596 0.649657 0.249747
0.219534 0.175719 0.300091 0.304655

MOTIF M85 O85
letter-probability matrix: alength= 4 w= 9 nsites= 10947 E= 1337.0e-6
0.466155 0.026857 0.506988 0.000000
0.004686 0.452160 0.528067 0.015088
0.923828 0.013301 0.010704 0.052167
0.000106 0.523825 0.170815 0.305254
0.006624 0.067984 0.372690 0.552702
0.240241 0.271325 0.412651 0.075783
0.297509 0.099536 0.122130 0.480826
0.144453 0.348349 0.416977 0.090221
0.283275 0.255776 0.230914 0.230035

MOTIF M86 O86
letter-probability matrix: alength= 4 w= 9 nsites= 11185 E= 1337.0e-6
0.463111 0.000090 0.193545 0.343254
0.001967 0.294680 0.065193 0.638160
0.050950 0.312659 0.123261 0.513130
0.000302 0.781008 0.103008 0.115683
0.333195 0.146656 0.023785 0.496365
0.369231 0.004605 0.511041 0.115123
0.488910 0.282425 0.206696 0.021969
0.350635 0.485208 0.051052 0.113105
0.397600 0.483688 0.117076 0.001637

MOTIF M87 O87
letter-probability matrix: alength= 4 w= 9 nsites= 11155 E= 1337.0e-6
0.600448 0.000000 0.094576 0.304975
0.000000 0.997580 0.002241 0.000179
0.430598 0.000000 0.425570 0.143832
0.176497 0.247527 0.294102 0.281874
0.222533 0.271474 0.047138 0.458855
0.286516 0.278914 0.294932 0.139638
0.153525 0.212140 0.434716 0.199619
0.357541 0.199872 0.361834 0.080753
0.303039 0.231952 0.307735 0.157274

MOTIF M88 O88
letter-probability matrix: alength= 4 w= 9 nsites= 11183 E= 1337.0e-6
0.003398 0.854243 0.000715 0.141644
0.462902 0.027869 0.508681 0.000548
0.441954 0.026727 0.009184 0.522134
0.051471 0.337146 0.332165 0.279218
0.268073 0.062814 0.562999 0.106114
0.349659 0.127624 0.221289 0.301427
0.257250 0.246139 0.301130 0.195480
0.349234 0.316291 0.199372 0.135104
0.205160 0.279861 0.227000 0.287978

MOTIF M89 O89
letter-probability matrix: alength= 4 w= 9 nsites= 10426 E= 1337.0e-6
0.213697 0.226645 0.492039 0.067619
0.219260 0.286687 0.309898 0.184155
0.325916 0.189622 0.356992 0.127470
0.024271 0.658480 0.264486 0.052763
0.028170 0.449177 0.203195 0.319458
0.429945 0.020099 0.032139 0.517817
0.007397 0.188729 0.794043 0.009831
0.099206 0.453093 0.421331 0.026370
0.151098 0.358005 0.358995 0.131902

MOTIF M90 O90
letter-probability matrix: alength= 4 w= 9 nsites= 10988 E= 1337.0e-6
0.270386 0.000000 0.000091 0.729523
0.162644 0.520205 0.150942 0.166210
0.185026 0.485795 0.000275 0.328904
0.073571 0.592726 0.227915 0.105788
0.309307 0.329370 0.000743 0.360580
0.263642 0.209454 0.000189 0.526715
0.125953 0.000483 0.192549 0.681015
0.059644 0.607418 0.245005 0.087933
0.256124 0.281240 0.130233 0.332403

MOTIF M91 O91
letter-probability matrix: alength= 4 w= 9 nsites= 11180 E= 1337.0e-6
0.038014 0.006530 0.914758 0.040698
0.041947 0.631276 0.004401 0.322375
0.661193 0.090859 0.115034 0.132914
0.095207 0.521025 0.073265 0.310503
0.324922 0.101403 0.100179 0.473496
0.368863 0.313350 0.185423 0.132364
0.299762 0.122799 0.290052 0.287387
0.459851 0.007187 0.179571 0.353392
0.396623 0.147033 0.157453 0.298890

MOTIF M92 O92
letter-probability matrix: alength= 4 w= 9 nsites= 11075 E= 1337.0e-6
0.720271 0.048036 0.105463 0.126230
0.015721 0.430217 0.027328 0.526734
0.372638 0.189831 0.123355 0.314175
0.260462 0.611547 0.097953 0.030038
0.005781 0.427247 0.277051 0.289921
0.413594 0.180502 0.302307 0.103596
0.095502 0.154237 0.176090 0.574170
0.130777 0.365699 0.070226 0.433298
0.897439 0.062195 0.040366 0.000000

MOTIF M93 O93
letter-probability matrix: alength= 4 w= 9 nsites= 9491 E= 1337.0e-6
0.391107 0.123801 0.001580 0.483511
0.297545 0.096302 0.000000 0.606153
0.019591 0.584804 0.232384 0.163221
0.500277 0.049817 0.042383 0.407522
0.353659 0.258783 0.387559 0.000000
0.000114 0.149269 0.251942 0.598675
0.457120 0.455372 0.084246 0.003263
0.766805 0.000356 0.080024 0.152816
0.029752 0.260299 0.263551 0.446398

MOTIF M94 O94
letter-probability matrix: alength= 4 w= 9 nsites= 9905 E= 1337.0e-6
0.087733 0.309743 0.546694 0.055830
0.122218 0.126643 0.670441 0.080698
0.273844 0.144220 0.562283 0.019653
0.103110 0.153669 0.576375 0.166845
0.000000 0.459431 0.489638 0.050931
0.034271 0.873016 0.020202 0.072511
0.145197 0.197319 0.189315 0.468168
0.152456 0.440806 0.323922 0.082816
0.114340 0.560114 0.226021 0.099525

MOTIF M95 O95
letter-probability matrix: alength= 4 w= 9 nsites= 11140 E= 1337.0e-6
0.000000 0.999820 0.000000 0.000180
0.487781 0.001991 0.000453 0.509776
0.051403 0.384252 0.247480 0.316865
0.347090 0.138452 0.251922 0.262537
0.018877 0.505544 0.223678 0.251901
0.409781 0.010189 0.311412 0.268618
0.230583 0.050037 0.478622 0.240758
0.372556 0.002267 0.170932 0.454245
0.373696 0.227147 0.307935 0.091222

MOTIF M96 O96
letter-probability matrix: alength= 4 w= 9 nsites= 11104 E= 1337.0e-6
0.000000 0.998559 0.001441 0.000000
0.481122 0.009348 0.032492 0.477038
0.497139 0.097720 0.338843 0.066297
0.183388 0.140131 0.000545 0.675936
0.425916 0.107254 0.073173 0.393658
0.247898 0.239949 0.185855 0.326298
0.435327 0.068057 0.348169 0.148447
0.269963 0.373974 0.214179 0.141884
0.182283 0.213738 0.314827 0.289152

MOTIF M97 O97
letter-probability matrix: alength= 4 w= 9 nsites= 9293 E= 1337.0e-6
0.317658 0.197891 0.333692 0.150759
0.477241 0.061875 0.221349 0.239535
0.418758 0.000329 0.192834 0.388079
0.000000 0.755508 0.243817 0.000674
0.142788 0.413320 0.081888 0.362004
0.424729 0.027892 0.452870 0.094509
0.042730 0.058565 0.893050 0.005655
0.544713 0.008917 0.000000 0.446369
0.396441 0.090886 0.109063 0.403610

MOTIF M98 O98
letter-probability matrix: alength= 4 w= 9 nsites= 10829 E= 1337.0e-6
0.116354 0.000462 0.883184 0.000000
0.084682 0.153846 0.469298 0.292174
0.113271 0.299297 0.351458 0.235973
0.248213 0.343925 0.091849 0.316013
0.267436 0.061985 0.338927 0.331652
0.041205 0.115938 0.351409 0.491448
0.002635 0.442135 0.496097 0.059133
0.405803 0.091977 0.501234 0.000987
0.326512 0.302771 0.015894 0.354823

MOTIF M99 O99
letter-probability matrix: alength= 4 w= 9 nsites= 11169 E= 1337.0e-6
0.000090 0.951562 0.048169 0.000179
0.848823 0.027593 0.039008 0.084577
0.160428 0.150441 0.470668 0.218463
0.238112 0.294539 0.229327 0.238022
0.277803 0.345224 0.267403 0.109570
0.536938 0.001842 0.410833 0.050387
0.288417 0.177430 0.424192 0.109962
0.180491 0.211750 0.291216 0.316543
0.110251 0.543709 0.308780 0.037260

MOTIF M100 O100
letter-probability matrix: alength= 4 w= 9 nsites= 10815 E= 1337.0e-6
0.270735 0.069903 0.658437 0.000925
0.259111 0.005499 0.691304 0.044086
0.000562 0.395410 0.415644 0.188384
0.047095 0.340102 0.093345 0.519459
0.131216 0.004349 0.532331 0.332104
0.140359 0.162596 0.658557 0.038487
0.450921 0.165506 0.219307 0.164266
0.118497 0.255069 0.235750 0.390685
0.182100 0.323572 0.198293 0.296034

MOTIF M101 O101
letter-probability matrix: alength= 4 w= 9 nsites= 11152 E= 1337.0e-6
0.040979 0.497489 0.128318 0.333214
0.253871 0.121187 0.207140 0.417803
0.251996 0.237250 0.400582 0.110172
0.572227 0.026483 0.294684 0.106606
0.039796 0.860420 0.067144 0.032641
0.000000 0.212938 0.358023 0.429039
0.127040 0.179317 0.001027 0.692615
0.039753 0.380741 0.277337 0.302168
0.087769 0.350722 0.498344 0.063165

MOTIF M102 O102
letter-probability matrix: alength= 4 w= 9 nsites= 10860 E= 1337.0e-6
0.088950 0.001197 0.809392 0.100460
0.322862 0.437327 0.087465 0.152346
0.414075 0.127399 0.133135 0.325392
0.387672 0.141583 0.411887 0.058858
0.131705 0.136734 0.058549 0.673012
0.692327 0.021662 0.274507 0.011504
0.276562 0.254673 0.189744 0.279021
0.000000 0.245271 0.457788 0.296940
0.858890 0.015579 0.122312 0.003219

MOTIF M103 O103
letter-probability matrix: alength= 4 w= 9 nsites= 11165 E= 1337.0e-6
0.009225 0.963278 0.000717 0.026780
0.457591 0.000269 0.382356 0.159785
0.167699 0.211934 0.278062 0.342306
0.205546 0.239759 0.270370 0.284325
0.312720 0.412873 0.102497 0.171910
0.135802 0.223675 0.465595 0.174927
0.401958 0.262330 0.156281 0.179431
0.396442 0.019725 0.273205 0.310628
0.000465 0.501814 0.438087 0.059633

MOTIF M104 O104
letter-probability matrix: alength= 4 w= 9 nsites= 11182 E= 1337.0e-6
0.170184 0.304954 0.522805 0.002057
0.442650 0.000097 0.050000 0.507253
0.200140 0.143315 0.444678 0.211866
0.646420 0.043937 0.045502 0.264141
0.014166 0.006071 0.597721 0.382043
0.071168 0.437934 0.000000 0.490897
0.000801 0.385654 0.121496 0.492049
0.430658 0.515013 0.054329 0.000000
0.143773 0.351537 0.278642 0.226048

MOTIF M105 O105
letter-probability matrix: alength= 4 w= 9 nsites= 11166 E= 1337.0e-6
0.990417 0.000000 0.002776 0.006806
0.001613 0.218568 0.129671 0.650148
0.266900 0.129724 0.111410 0.491965
0.181361 0.309607 0.015009 0.494024
0.339987 0.046247 0.251377 0.362388
0.328749 0.339879 0.141526 0.189847
0.305898 0.219147 0.164247 0.310708
0.417585 0.229522 0.323189 0.029704
0.071422 0.136410 0.320710 0.471459

MOTIF M106 O106
letter-probability matrix: alength= 4 w= 9 nsites= 11159 E= 1337.0e-6
0.000000 0.000269 0.999731 0.000000
0.282394 0.013370 0.000000 0.704235
0.155220 0.274351 0.535147 0.035281
0.161244 0.502607 0.090688 0.245461
0.266601 0.177493 0.154428 0.401478
0.318698 0.166877 0.250361 0.264064
0.221648 0.323996 0.357629 0.096727
0.577903 0.050510 0.119858 0.251729
0.239194 0.330311 0.302839 0.127656

MOTIF M107 O107
letter-probability matrix: alength= 4 w= 9 nsites= 10549 E= 1337.0e-6
0.754763 0.173192 0.031757 0.040288
0.795816 0.125711 0.011376 0.067097
0.347492 0.244604 0.050261 0.357643
0.361561 0.333639 0.073678 0.231122
0.564791 0.012221 0.292562 0.130426
0.245748 0.738751 0.005490 0.010011
0.669107 0.053134 0.161509 0.116251
0.136140 0.404389 0.360278 0.099194
0.195902 0.380295 0.046156 0.377647

MOTIF M108 O108
letter-probability matrix: alength= 4 w= 9 nsites= 10953 E= 1337.0e-6
0.198119 0.030037 0.539396 0.232448
0.090763 0.381056 0.451084 0.077097
0.050706 0.233367 0.414214 0.301714
0.012827 0.668770 0.126099 0.192304
0.319153 0.448466 0.224444 0.007937
0.197092 0.178029 0.619171 0.005708
0.699297 0.214062 0.086533 0.000108
0.547233 0.168388 0.242635 0.041744
0.345888 0.116065 0.222027 0.316021

MOTIF M109 O109
letter-probability matrix: alength= 4 w= 9 nsites= 10984 E= 1337.0e-6
0.156682 0.005371 0.002731 0.835215
0.722150 0.122317 0.093449 0.062084
0.259627 0.086944 0.031085 0.622344
0.291325 0.002239 0.197108 0.509328
0.108783 0.426303 0.118271 0.346642
0.488923 0.181083 0.094009 0.235985
0.301275 0.095490 0.369020 0.234216
0.431850 0.313928 0.006954 0.247268
0.225980 0.490331 0.091830 0.191860

MOTIF M110 O110
letter-probability matrix: alength= 4 w= 9 nsites= 10793 E= 1337.0e-6
0.481053 0.061892 0.457055 0.000000
0.000189 0.096143 0.804027 0.099641
0.616869 0.000000 0.020911 0.362220
0.260631 0.255768 0.114640 0.368960
0.179106 0.374583 0.162305 0.284006
0.199599 0.212861 0.273487 0.314053
0.292315 0.050259 0.379310 0.278116
0.275642 0.001819 0.293041 0.429497
0.010457 0.852448 0.085613 0.051482

MOTIF M111 O111
letter-probability matrix: alength= 4 w= 9 nsites= 9549 E= 1337.0e-6
0.074772 0.026495 0.000105 0.898628
0.000114 0.026469 0.490131 0.483286
0.464206 0.517156 0.018637 0.000000
0.023421 0.538561 0.227484 0.210533
0.280622 0.130735 0.173427 0.415215
0.204440 0.363935 0.426007 0.005618
0.667709 0.000000 0.156263 0.176027
0.487393 0.106304 0.111175 0.295129
0.491382 0.319457 0.120947 0.068215

MOTIF M112 O112
letter-probability matrix: alength= 4 w= 9 nsites= 825 E= 1337.0e-6
0.440000 0.346667 0.167273 0.046061
0.663030 0.090909 0.121212 0.124848
0.065455 0.037576 0.797576 0.099394
0.000000 0.010909 0.983030 0.006061
0.012121 0.000000 0.000000 0.987879
0.618504 0.016477 0.326996 0.038023
0.725515 0.037371 0.168814 0.068299
0.011719 0.054688 0.852865 0.080729
0.211009 0.106160 0.093054 0.589777

MOTIF M113 O113
letter-probability matrix: alength= 4 w= 9 nsites= 10537 E= 1337.0e-6
0.435608 0.431812 0.071368 0.061213
0.252872 0.103751 0.527784 0.115592
0.030102 0.318761 0.611416 0.039720
0.201208 0.000656 0.022050 0.776086
0.031852 0.170890 0.033098 0.764160
0.245579 0.526671 0.208771 0.018979
0.004719 0.217667 0.180652 0.596962
0.466756 0.201249 0.327384 0.004611
0.097012 0.123292 0.447064 0.332633

MOTIF M114 O114
letter-probability matrix: alength= 4 w= 9 nsites= 11050 E= 1337.0e-6
0.011674 0.984977 0.000181 0.003167
0.004030 0.438776 0.153494 0.403700
0.239543 0.395338 0.146766 0.218353
0.294974 0.013075 0.099036 0.592915
0.070771 0.264112 0.608946 0.056170
0.204196 0.081398 0.343387 0.371019
0.076338 0.138321 0.557277 0.228064
0.334983 0.228208 0.076490 0.360318
0.379149 0.318923 0.103061 0.198867

MOTIF M115 O115
letter-probability matrix: alength= 4 w= 9 nsites= 10830 E= 1337.0e-6
0.001293 0.000923 0.997230 0.000554
0.113885 0.504834 0.000212 0.381069
0.164711 0.306898 0.091506 0.436884
0.141533 0.244129 0.259333 0.355006
0.254966 0.152149 0.096716 0.496170
0.169532 0.403753 0.325941 0.100774
0.528884 0.134566 0.168610 0.167940
0.023284 0.740720 0.169429 0.066566
0.237761 0.680218 0.000429 0.081592

MOTIF M116 O116
letter-probability matrix: alength= 4 w= 9 nsites= 11182 E= 1337.0e-6
0.295028 0.235110 0.387229 0.082633
0.464167 0.026572 0.500224 0.009036
0.506632 0.093386 0.131923 0.268059
0.065890 0.112864 0.049216 0.772030
0.009063 0.566762 0.055187 0.368988
0.161708 0.439371 0.314067 0.084854
0.538337 0.196324 0.132084 0.133255
0.417742 0.210721 0.251421 0.120116
0.260326 0.453261 0.039493 0.246920

MOTIF M117 O117
letter-probability matrix: alength= 4 w= 9 nsites= 10346 E= 1337.0e-6
0.000483 0.916006 0.074425 0.009086
0.145213 0.541607 0.031989 0.281192
0.494571 0.000000 0.393345 0.112084
0.000000 0.090093 0.888771 0.021136
0.339688 0.103477 0.000000 0.556835
0.213378 0.213620 0.084916 0.488085
0.309801 0.253598 0.099256 0.337345
0.341352 0.106609 0.202963 0.349076
0.372152 0.171312 0.231768 0.224768

MOTIF M118 O118
letter-probability matrix: alength= 4 w= 9 nsites= 11176 E= 1337.0e-6
0.832946 0.000000 0.000447 0.166607
0.000268 0.011454 0.988188 0.000089
0.263573 0.354058 0.002598 0.379771
0.216425 0.042406 0.299623 0.441546
0.152313 0.316659 0.147283 0.383745
0.180134 0.206797 0.373644 0.239425
0.423968 0.141926 0.214066 0.220040
0.307692 0.170356 0.345791 0.176161
0.286902 0.067775 0.340793 0.304531

MOTIF M119 O119
letter-probability matrix: alength= 4 w= 9 nsites= 11163 E= 1337.0e-6
0.000000 0.000000 1.000000 0.000000
0.508913 0.156230 0.001075 0.333781
0.019892 0.050269 0.824552 0.105287
0.344642 0.158140 0.141626 0.355591
0.344486 0.130670 0.320137 0.204707
0.305842 0.233948 0.178965 0.281244
0.344834 0.169140 0.185071 0.300956
0.166484 0.411867 0.235144 0.186506
0.101156 0.381692 0.251225 0.265927

MOTIF M120 O120
letter-probability matrix: alength= 4 w= 9 nsites= 10164 E= 1337.0e-6
0.059819 0.687426 0.025777 0.226978
0.457488 0.106368 0.160432 0.275712
0.539364 0.097714 0.011005 0.351917
0.355240 0.058003 0.000871 0.585885
0.381146 0.613518 0.000508 0.004828
0.001716 0.465356 0.004619 0.528309
0.453161 0.009875 0.348238 0.188726
0.200361 0.012358 0.612191 0.175090
0.474189 0.175317 0.018618 0.331876

MOTIF M121 O121
letter-probability matrix: alength= 4 w= 9 nsites= 11185 E= 1337.0e-6
0.411802 0.000000 0.198301 0.389897
0.002146 0.997228 0.000089 0.000536
0.673999 0.081992 0.177933 0.066077
0.373692 0.185997 0.150943 0.289368
0.116069 0.411607 0.220513 0.251811
0.378231 0.241123 0.304803 0.075843
0.321761 0.189692 0.338135 0.150412
0.241027 0.077082 0.248385 0.433507
0.077730 0.238973 0.608460 0.074837

MOTIF M122 O122
letter-probability matrix: alength= 4 w= 9 nsites= 10989 E= 1337.0e-6
0.098735 0.000182 0.854491 0.046592
0.113779 0.000184 0.141464 0.744573
0.307894 0.103006 0.562319 0.026782
0.000191 0.395409 0.340507 0.263893
0.301269 0.415807 0.157676 0.125248
0.025520 0.366422 0.091329 0.516729
0.508346 0.116641 0.194470 0.180543
0.347871 0.116784 0.298470 0.236875
0.503017 0.009259 0.228672 0.259051

MOTIF M123 O123
letter-probability matrix: alength= 4 w= 9 nsites= 6888 E= 1337.0e-6
0.004936 0.016260 0.595383 0.383420
0.051457 0.000000 0.924055 0.024489
0.544728 0.026358 0.428914 0.000000
0.327586 0.241800 0.253154 0.177460
0.166895 0.041152 0.403292 0.388660
0.195662 0.000000 0.678819 0.125519
0.007383 0.000461 0.856945 0.135210
0.003236 0.000462 0.719834 0.276468
0.759148 0.017601 0.000000 0.223252

MOTIF M124 O124
letter-probability matrix: alength= 4 w= 9 nsites= 10255 E= 1337.0e-6
0.382448 0.253535 0.230424 0.133593
0.272843 0.348025 0.136226 0.242906
0.202145 0.408874 0.274598 0.114383
0.001464 0.778743 0.102479 0.117314
0.238114 0.227112 0.018369 0.516405
0.399350 0.042369 0.233225 0.325057
0.306477 0.303712 0.383590 0.006220
0.040171 0.876215 0.077167 0.006447
0.012228 0.344113 0.022132 0.621526

MOTIF M125 O125
letter-probability matrix: alength= 4 w= 9 nsites= 9357 E= 1337.0e-6
0.125574 0.057497 0.085711 0.731217
0.007112 0.313863 0.273172 0.405853
0.446874 0.354870 0.007247 0.191008
0.052901 0.631101 0.223741 0.092257
0.172581 0.210030 0.170617 0.446772
0.381238 0.012410 0.606085 0.000267
0.005671 0.000135 0.609911 0.384283
0.438261 0.108164 0.390948 0.062628
0.792026 0.030286 0.024034 0.153654

MOTIF M126 O126
letter-probability matrix: alength= 4 w= 9 nsites= 11061 E= 1337.0e-6
0.386131 0.376367 0.000000 0.237501
0.484837 0.045347 0.342238 0.127579
0.000000 0.002760 0.049772 0.947469
0.840254 0.002787 0.124567 0.032391
0.175665 0.175376 0.298014 0.350945
0.285196 0.011086 0.298244 0.405474
0.299224 0.128083 0.385640 0.187053
0.401243 0.138504 0.139421 0.320832
0.382972 0.243956 0.108170 0.264902

MOTIF M127 O127
letter-probability matrix: alength= 4 w= 9 nsites= 11120 E= 1337.0e-6
0.428147 0.214388 0.210612 0.146853
0.000000 0.248538 0.376361 0.375101
0.725750 0.041610 0.126993 0.105647
0.330588 0.346516 0.280995 0.041900
0.003226 0.307529 0.001659 0.687586
0.375484 0.218032 0.359229 0.047255
0.007782 0.093669 0.496782 0.401768
0.328441 0.087069 0.010611 0.573879
0.352824 0.424988 0.212394 0.009795

MOTIF M128 O128
letter-probability matrix: alength= 4 w= 9 nsites= 10753 E= 1337.0e-6
0.057751 0.000186 0.059239 0.882823
0.026514 0.167856 0.067612 0.738018
0.008365 0.094692 0.406113 0.490831
0.279991 0.207537 0.397581 0.114890
0.047547 0.547059 0.186830 0.218564
0.326999 0.343381 0.325470 0.004150
0.208944 0.574402 0.060579 0.156074
0.462450 0.190434 0.136008 0.211109
0.315292 0.328007 0.013728 0.342973

MOTIF M129 O129
letter-probability matrix: alength= 4 w= 9 nsites= 11086 E= 1337.0e-6
0.622046 0.016237 0.356035 0.005683
0.014529 0.294829 0.679812 0.010829
0.350317 0.348205 0.082346 0.219132
0.316299 0.329238 0.292749 0.061715
0.066908 0.565715 0.001336 0.366040
0.049701 0.435629 0.067764 0.446906
0.268477 0.362494 0.044847 0.324183
0.459919 0.253306 0.019227 0.267548
0.530777 0.001329 0.101431 0.366462

MOTIF M130 O130
letter-probability matrix: alength= 4 w= 9 nsites= 11148 E= 1337.0e-6
0.977395 0.000000 0.005562 0.017043
0.067937 0.347502 0.377157 0.207405
0.003729 0.060477 0.507003 0.428792
0.024984 0.420060 0.483939 0.071017
0.586061 0.015949 0.012815 0.385176
0.179846 0.371002 0.203671 0.245481
0.161796 0.334983 0.231258 0.271963
0.491714 0.159416 0.286158 0.062712
0.230565 0.200739 0.279898 0.288798

MOTIF M131 O131
letter-probability matrix: alength= 4 w= 9 nsites= 9218 E= 1337.0e-6
0.312975 0.624105 0.000108 0.062812
0.680408 0.104144 0.196789 0.018659
0.219478 0.562138 0.107881 0.110504
0.082447 0.380903 0.276272 0.260377
0.291568 0.591403 0.055621 0.061408
0.385233 0.558094 0.014817 0.041857
0.232332 0.484345 0.090735 0.192588
0.110432 0.412201 0.390999 0.086368
0.017874 0.616112 0.000000 0.366014

MOTIF M132 O132
letter-probability matrix: alength= 4 w= 9 nsites= 10003 E= 1337.0e-6
0.010097 0.052184 0.008098 0.929621
0.063929 0.660635 0.132842 0.142594
0.129370 0.426831 0.050222 0.393577
0.505155 0.324105 0.113286 0.057454
0.150315 0.034221 0.361131 0.454333
0.000000 0.391562 0.576084 0.032354
0.267602 0.100169 0.255383 0.376845
0.080085 0.395691 0.329057 0.195168
0.001169 0.612597 0.006494 0.379740

MOTIF M133 O133
letter-probability matrix: alength= 4 w= 9 nsites= 9447 E= 1337.0e-6
0.513073 0.420345 0.001588 0.064994
0.106428 0.792117 0.027229 0.074226
0.590144 0.177060 0.081733 0.151062
0.000000 0.449350 0.340573 0.210077
0.486800 0.386632 0.002621 0.123947
0.226177 0.379832 0.390165 0.003827
0.223593 0.070221 0.018102 0.688084
0.000417 0.971619 0.027963 0.000000
0.193555 0.639742 0.001074 0.165628

MOTIF M134 O134
letter-probability matrix: alength= 4 w= 9 nsites= 10507 E= 1337.0e-6
0.271438 0.088893 0.589036 0.050633
0.360859 0.163255 0.386720 0.089166
0.592577 0.070288 0.114141 0.222994
0.169350 0.425651 0.000530 0.404469
0.009371 0.185143 0.000571 0.804914
0.101220 0.109665 0.001290 0.787825
0.000830 0.325543 0.251750 0.421877
0.002756 0.417785 0.247963 0.331496
0.285818 0.351368 0.201470 0.161345

MOTIF M135 O135
letter-probability matrix: alength= 4 w= 9 nsites= 7765 E= 1337.0e-6
0.533419 0.464263 0.002318 0.000000
0.000000 0.775331 0.013640 0.211029
0.025356 0.542981 0.000000 0.431664
0.525694 0.006250 0.014583 0.453472
0.500374 0.000000 0.416604 0.083022
0.699922 0.110678 0.020265 0.169135
0.003946 0.865825 0.120758 0.009471
0.133224 0.790296 0.040296 0.036184
0.008591 0.665808 0.000000 0.325601

MOTIF M136 O136
letter-probability matrix: alength= 4 w= 9 nsites= 11186 E= 1337.0e-6
0.007956 0.000000 0.927320 0.064724
0.023978 0.946116 0.001617 0.028289
0.374476 0.094075 0.092799 0.438651
0.060053 0.550472 0.151004 0.238471
0.275450 0.241579 0.191751 0.291220
0.297970 0.203948 0.147254 0.350828
0.415619 0.093674 0.273137 0.217571
0.246734 0.254592 0.258095 0.240579
0.164029 0.296403 0.262254 0.277314

MOTIF M137 O137
letter-probability matrix: alength= 4 w= 9 nsites= 10760 E= 1337.0e-6
0.403717 0.072862 0.031970 0.491450
0.287537 0.107595 0.185492 0.419377
0.214385 0.172686 0.612729 0.000200
0.511787 0.031046 0.452852 0.004315
0.102065 0.014949 0.212304 0.670682
0.342941 0.000000 0.298519 0.358540
0.167595 0.590761 0.045613 0.196031
0.000487 0.079527 0.445622 0.474364
0.029614 0.371344 0.381175 0.217867

MOTIF M138 O138
letter-probability matrix: alength= 4 w= 9 nsites= 9677 E= 1337.0e-6
0.477007 0.021908 0.000310 0.500775
0.003603 0.836233 0.100895 0.059269
0.027130 0.470539 0.001831 0.500499
0.375578 0.068825 0.245513 0.310083
0.002138 0.000389 0.996113 0.001360
0.456130 0.164864 0.001803 0.377204
0.311667 0.000202 0.056722 0.631409
0.176544 0.337132 0.138210 0.348114
0.380677 0.114610 0.196230 0.308483

MOTIF M139 O139
letter-probability matrix: alength= 4 w= 9 nsites= 10623 E= 1337.0e-6
0.084251 0.117763 0.012332 0.785654
0.165940 0.098712 0.497917 0.237431
0.468985 0.090873 0.353516 0.086626
0.226040 0.567683 0.176284 0.029993
0.222088 0.170080 0.400904 0.206928
0.075636 0.388752 0.149117 0.386494
0.401475 0.301159 0.013172 0.284194
0.000000 0.641867 0.219676 0.138457
0.000220 0.783709 0.052064 0.164007

MOTIF M140 O140
letter-probability matrix: alength= 4 w= 9 nsites= 10943 E= 1337.0e-6
0.117609 0.008864 0.152061 0.721466
0.000274 0.417070 0.460660 0.121996
0.370258 0.000458 0.046088 0.583196
0.051047 0.504040 0.018087 0.426827
0.087009 0.026425 0.189854 0.696713
0.019519 0.249399 0.319149 0.411933
0.277824 0.140635 0.350657 0.230884
0.052597 0.386430 0.261956 0.299017
0.094359 0.522998 0.144804 0.237838

MOTIF M141 O141
letter-probability matrix: alength= 4 w= 9 nsites= 10702 E= 1337.0e-6
0.004485 0.027845 0.949355 0.018314
0.391796 0.080359 0.001962 0.525883
0.383531 0.162002 0.100077 0.354390
0.236478 0.352214 0.168843 0.242466
0.276109 0.239935 0.221541 0.262416
0.236137 0.280270 0.328349 0.155244
0.410205 0.106732 0.283873 0.199190
0.000000 0.917041 0.045918 0.037041
0.092742 0.381452 0.002051 0.523755

MOTIF M142 O142
letter-probability matrix: alength= 4 w= 9 nsites= 11019 E= 1337.0e-6
0.492694 0.029404 0.345403 0.132498
0.111323 0.144702 0.030468 0.713506
0.236700 0.565988 0.078309 0.119003
0.622787 0.189796 0.146583 0.040834
0.133321 0.091058 0.297858 0.477764
0.014774 0.340093 0.580630 0.064504
0.697500 0.138119 0.158545 0.005836
0.269359 0.218094 0.025485 0.487061
0.259414 0.082088 0.492130 0.166368

MOTIF M143 O143
letter-probability matrix: alength= 4 w= 9 nsites= 11041 E= 1337.0e-6
0.845123 0.000906 0.102799 0.051173
0.027118 0.073009 0.899873 0.000000
0.460579 0.018026 0.004825 0.516570
0.427135 0.144451 0.277107 0.151307
0.371802 0.115038 0.157280 0.355881
0.301889 0.149130 0.204019 0.344962
0.268584 0.103100 0.421741 0.206575
0.402316 0.099614 0.200923 0.297147
0.406905 0.000000 0.304467 0.288628

MOTIF M144 O144
letter-probability matrix: alength= 4 w= 9 nsites= 10451 E= 1337.0e-6
0.668357 0.031098 0.106497 0.194048
0.574811 0.021929 0.041626 0.361634
0.478771 0.085214 0.199364 0.236651
0.354115 0.028767 0.072789 0.544328
0.132208 0.185154 0.235689 0.446949
0.218944 0.010870 0.000000 0.770186
0.192893 0.333559 0.308404 0.165144
0.029546 0.262139 0.095625 0.612689
0.605360 0.298290 0.069663 0.026687

MOTIF M145 O145
letter-probability matrix: alength= 4 w= 9 nsites= 7629 E= 1337.0e-6
0.904706 0.001966 0.005243 0.088085
0.490582 0.126177 0.029086 0.354155
0.366578 0.293910 0.007649 0.331862
0.541264 0.137494 0.120703 0.200539
0.233862 0.000000 0.069998 0.696140
0.034884 0.002620 0.223387 0.739109
0.594045 0.355335 0.046650 0.003970
0.033876 0.309576 0.161999 0.494550
0.404082 0.359524 0.151020 0.085374

MOTIF M146 O146
letter-probability matrix: alength= 4 w= 9 nsites= 10485 E= 1337.0e-6
0.315403 0.177206 0.218979 0.288412
0.341822 0.258369 0.390463 0.009347
0.109108 0.033476 0.210396 0.647020
0.184815 0.718981 0.050457 0.045747
0.143994 0.815932 0.020528 0.019546
0.441010 0.214585 0.343567 0.000838
0.284575 0.051238 0.000319 0.663867
0.307866 0.252173 0.178667 0.261294
0.395799 0.145718 0.060834 0.397649

MOTIF M147 O147
letter-probability matrix: alength= 4 w= 9 nsites= 11156 E= 1337.0e-6
0.000000 1.000000 0.000000 0.000000
0.582086 0.000000 0.047969 0.369945
0.090061 0.292250 0.093649 0.524040
0.223777 0.174966 0.231314 0.369942
0.468498 0.056453 0.129061 0.345988
0.291203 0.358438 0.061759 0.288600
0.337165 0.101491 0.269894 0.291450
0.245497 0.162914 0.194074 0.397514
0.111726 0.606874 0.062846 0.218554

MOTIF M148 O148
letter-probability matrix: alength= 4 w= 9 nsites= 10173 E= 1337.0e-6
0.542023 0.002851 0.427308 0.027819
0.167262 0.014890 0.698630 0.119218
0.204806 0.030214 0.647268 0.117713
0.041324 0.236020 0.682977 0.039679
0.026798 0.452214 0.337381 0.183607
0.288298 0.400638 0.197128 0.113936
0.533026 0.003105 0.110052 0.353817
0.238187 0.188144 0.340636 0.233033
0.259163 0.071251 0.522435 0.147151

MOTIF M149 O149
letter-probability matrix: alength= 4 w= 9 nsites= 11152 E= 1337.0e-6
0.083124 0.270983 0.209559 0.436334
0.203444 0.046556 0.470026 0.279974
0.087690 0.001376 0.247844 0.663089
0.021881 0.363315 0.351676 0.263128
0.114394 0.245170 0.291951 0.348485
0.094669 0.718500 0.105177 0.081654
0.701220 0.000400 0.294482 0.003898
0.213047 0.050615 0.456947 0.279391
0.604649 0.346713 0.000000 0.048638

MOTIF M150 O150
letter-probability matrix: alength= 4 w= 9 nsites= 11167 E= 1337.0e-6
0.000000 0.999284 0.000716 0.000000
0.396274 0.000000 0.400125 0.203601
0.134564 0.505913 0.201129 0.158395
0.130478 0.208442 0.091944 0.569137
0.275287 0.286854 0.215208 0.222651
0.307644 0.142652 0.415485 0.134219
0.381542 0.155490 0.277942 0.185026
0.348459 0.171714 0.299488 0.180340
0.226136 0.068726 0.541226 0.163912

MOTIF M151 O151
letter-probability matrix: alength= 4 w= 9 nsites= 11159 E= 1337.0e-6
0.000000 1.000000 0.000000 0.000000
0.688598 0.000000 0.156777 0.154625
0.253116 0.373442 0.179952 0.193491
0.282794 0.414776 0.037389 0.265041
0.204197 0.036320 0.319164 0.440319
0.365707 0.274863 0.262488 0.096942
0.070942 0.386188 0.264395 0.278475
0.108370 0.404952 0.090966 0.395712
0.170410 0.093155 0.198617 0.537819

MOTIF M152 O152
letter-probability matrix: alength= 4 w= 9 nsites= 11186 E= 1337.0e-6
0.411944 0.129716 0.000089 0.458251
0.000090 0.008010 0.531635 0.460265
0.000094 0.402310 0.336119 0.261478
0.595603 0.120246 0.189434 0.094717
0.317436 0.096915 0.350033 0.235616
0.016242 0.515827 0.326497 0.141434
0.250460 0.124704 0.537096 0.087740
0.249214 0.307619 0.000000 0.443168
0.012462 0.826565 0.089870 0.071104

MOTIF M153 O153
letter-probability matrix: alength= 4 w= 9 nsites= 11069 E= 1337.0e-6
0.100912 0.210498 0.242208 0.446382
0.469371 0.256518 0.262078 0.012033
0.069374 0.123587 0.742994 0.064045
0.000375 0.190860 0.679741 0.129023
0.265619 0.152261 0.137313 0.444806
0.229268 0.527578 0.176733 0.066421
0.783297 0.006868 0.208740 0.001095
0.279647 0.413361 0.005709 0.301282
0.382171 0.139100 0.259113 0.219616

MOTIF M154 O154
letter-probability matrix: alength= 4 w= 9 nsites= 5614 E= 1337.0e-6
0.326861 0.195761 0.250623 0.226755
0.440506 0.000000 0.000000 0.559494
0.588646 0.009170 0.000000 0.402183
0.347162 0.139738 0.400000 0.113100
0.460399 0.227900 0.306081 0.005621
0.701584 0.000511 0.000000 0.297905
0.378005 0.091560 0.000000 0.530435
0.000000 0.306905 0.641432 0.051662
0.000000 0.013116 0.984785 0.002099

MOTIF M155 O155
letter-probability matrix: alength= 4 w= 9 nsites= 11185 E= 1337.0e-6
0.852213 0.000805 0.000000 0.146983
0.023426 0.094063 0.848534 0.033977
0.065541 0.357066 0.576585 0.000808
0.495330 0.339197 0.000000 0.165473
0.216446 0.206030 0.213796 0.363728
0.222541 0.135951 0.504538 0.136970
0.105910 0.341740 0.217962 0.334388
0.121903 0.175096 0.352342 0.350659
0.202206 0.332391 0.253111 0.212293

MOTIF M156 O156
letter-probability matrix: alength= 4 w= 9 nsites= 11094 E= 1337.0e-6
0.383811 0.242293 0.020011 0.353885
0.140079 0.037519 0.781488 0.040914
0.000489 0.066066 0.017813 0.915631
0.526790 0.111212 0.361997 0.000000
0.159724 0.089606 0.143638 0.607032
0.444830 0.084254 0.031135 0.439781
0.366441 0.215659 0.159658 0.258242
0.373375 0.226174 0.219727 0.180724
0.445002 0.233522 0.088717 0.232759

MOTIF M157 O157
letter-probability matrix: alength= 4 w= 9 nsites= 10909 E= 1337.0e-6
0.592080 0.000458 0.407462 0.000000
0.634263 0.249541 0.115737 0.000459
0.384495 0.497603 0.109882 0.008020
0.021049 0.373371 0.272280 0.333301
0.049341 0.158724 0.047657 0.744278
0.332261 0.280487 0.214034 0.173218
0.043368 0.672058 0.130206 0.154367
0.377197 0.150593 0.150082 0.322129
0.136182 0.403820 0.386053 0.073945

MOTIF M158 O158
letter-probability matrix: alength= 4 w= 9 nsites= 10837 E= 1337.0e-6
0.193504 0.246932 0.329612 0.229953
0.339670 0.223494 0.288087 0.148750
0.215631 0.254991 0.104614 0.424765
0.360313 0.001179 0.387972 0.250536
0.000000 0.775685 0.096199 0.128115
0.007764 0.494407 0.001842 0.495986
0.392337 0.004944 0.602719 0.000000
0.060838 0.046638 0.886955 0.005569
0.356259 0.477356 0.002672 0.163713

MOTIF M159 O159
letter-probability matrix: alength= 4 w= 9 nsites= 11164 E= 1337.0e-6
0.816195 0.000000 0.000000 0.183805
0.075126 0.503864 0.347232 0.073778
0.058052 0.502651 0.433157 0.006140
0.198757 0.163958 0.191683 0.445602
0.072885 0.229686 0.009948 0.687482
0.068603 0.217885 0.357901 0.355611
0.469959 0.108191 0.002861 0.418989
0.170713 0.417585 0.353514 0.058188
0.383874 0.320238 0.023052 0.272835

MOTIF M160 O160
letter-probability matrix: alength= 4 w= 9 nsites= 11127 E= 1337.0e-6
0.166801 0.337288 0.008628 0.487283
0.142382 0.326767 0.106764 0.424087
0.146711 0.000361 0.325905 0.527023
0.011981 0.676422 0.170020 0.141577
0.428193 0.189593 0.352980 0.029234
0.009479 0.002902 0.439985 0.547635
0.239940 0.000000 0.299299 0.460761
0.375717 0.327561 0.286680 0.010041
0.154308 0.208447 0.048873 0.588372

MOTIF M161 O161
letter-probability matrix: alength= 4 w= 9 nsites= 11042 E= 1337.0e-6
0.063123 0.729035 0.173610 0.034233
0.012123 0.725640 0.060797 0.201440
0.385324 0.372142 0.041943 0.200590
0.148661 0.281238 0.006415 0.563685
0.120767 0.293454 0.397950 0.187829
0.272978 0.062417 0.485823 0.178782
0.027863 0.159493 0.195138 0.617506
0.565400 0.141936 0.206994 0.085670
0.048938 0.203990 0.514195 0.232877

MOTIF M162 O162
letter-probability matrix: alength= 4 w= 9 nsites= 11131 E= 1337.0e-6
0.000000 0.030995 0.419729 0.549277
0.877370 0.035397 0.052825 0.034408
0.329129 0.451933 0.045680 0.173259
0.259848 0.194406 0.100905 0.444841
0.224124 0.453057 0.246786 0.076034
0.432603 0.170821 0.011570 0.385006
0.331330 0.196623 0.369300 0.102748
0.440956 0.089862 0.033314 0.435868
0.498932 0.027465 0.450990 0.022613

MOTIF M163 O163
letter-probability matrix: alength= 4 w= 9 nsites= 11105 E= 1337.0e-6
0.709410 0.021702 0.001171 0.267717
0.245217 0.243321 0.364260 0.147202
0.124556 0.631886 0.165893 0.077665
0.486115 0.044634 0.284392 0.184859
0.179650 0.514365 0.173757 0.132228
0.461825 0.179827 0.051832 0.306516
0.440624 0.147342 0.384752 0.027282
0.184941 0.650447 0.018259 0.146353
0.012242 0.687970 0.009929 0.289859

MOTIF M164 O164
letter-probability matrix: alength= 4 w= 9 nsites= 11166 E= 1337.0e-6
0.735357 0.004926 0.000000 0.259717
0.000269 0.000000 0.999463 0.000269
0.023556 0.385759 0.048007 0.542678
0.081263 0.379317 0.402278 0.137142
0.260396 0.233753 0.199280 0.306571
0.520101 0.119431 0.151666 0.208801
0.309032 0.152612 0.219804 0.318553
0.277976 0.234128 0.117658 0.370238
0.121150 0.296475 0.340074 0.242301

MOTIF M165 O165
letter-probability matrix: alength= 4 w= 9 nsites= 11156 E= 1337.0e-6
0.217641 0.387953 0.156777 0.237630
0.364332 0.057310 0.291427 0.286931
0.137617 0.337863 0.209440 0.315080
0.246717 0.013688 0.346205 0.393390
0.207376 0.000401 0.593132 0.199091
0.843091 0.000878 0.153103 0.002927
0.100032 0.000000 0.084170 0.815798
0.006211 0.000000 0.508282 0.485507
0.207039 0.315390 0.416494 0.061077

MOTIF M166 O166
letter-probability matrix: alength= 4 w= 9 nsites= 11161 E= 1337.0e-6
0.000358 0.999283 0.000179 0.000179
0.366628 0.000000 0.505066 0.128306
0.184326 0.218657 0.222702 0.374315
0.159009 0.056937 0.229640 0.554414
0.160550 0.378684 0.111553 0.349214
0.284459 0.195741 0.036520 0.483280
0.359401 0.124160 0.358401 0.158038
0.270324 0.169887 0.385436 0.174353
0.357876 0.203558 0.152210 0.286356

MOTIF M167 O167
letter-probability matrix: alength= 4 w= 9 nsites= 11187 E= 1337.0e-6
0.426924 0.004201 0.471976 0.096898
0.112425 0.550658 0.168772 0.168145
0.047942 0.440187 0.377395 0.134476
0.006885 0.510375 0.363799 0.118940
0.539773 0.084264 0.000385 0.375578
0.161719 0.459837 0.017171 0.361273
0.137948 0.041707 0.367339 0.453006
0.085884 0.043238 0.346298 0.524580
0.281039 0.051433 0.129626 0.537903

MOTIF M168 O168
letter-probability matrix: alength= 4 w= 9 nsites= 9560 E= 1337.0e-6
0.333264 0.267678 0.159728 0.239331
0.114435 0.442678 0.035983 0.406904
0.346757 0.242782 0.064540 0.345921
0.396757 0.081276 0.133159 0.388808
0.322828 0.254333 0.176699 0.246139
0.303475 0.310130 0.227844 0.158551
0.000535 0.000000 0.080116 0.919350
0.988351 0.006097 0.005335 0.000218
0.151804 0.073379 0.438192 0.336624

MOTIF M169 O169
letter-probability matrix: alength= 4 w= 9 nsites= 11048 E= 1337.0e-6
0.053946 0.504073 0.014844 0.427136
0.221742 0.382161 0.097751 0.298347
0.300391 0.247559 0.275977 0.176074
0.337963 0.111905 0.355571 0.194561
0.459322 0.000000 0.308861 0.231817
0.003849 0.669496 0.322215 0.004441
0.223132 0.270023 0.159427 0.347418
0.476493 0.000334 0.477161 0.046012
0.004761 0.017796 0.975629 0.001814

MOTIF M170 O170
letter-probability matrix: alength= 4 w= 9 nsites= 11166 E= 1337.0e-6
0.000000 0.000090 0.999910 0.000000
0.330496 0.470167 0.000000 0.199337
0.084731 0.198601 0.327625 0.389043
0.186042 0.018837 0.167474 0.627646
0.228980 0.223769 0.049856 0.497395
0.266943 0.267393 0.255963 0.209702
0.236555 0.188542 0.024863 0.550041
0.286823 0.102708 0.354061 0.256408
0.239746 0.257260 0.352995 0.150000

MOTIF M171 O171
letter-probability matrix: alength= 4 w= 9 nsites= 11183 E= 1337.0e-6
0.330591 0.333005 0.000000 0.336403
0.000000 0.000000 1.000000 0.000000
0.495984 0.070555 0.026104 0.407357
0.179594 0.377932 0.142475 0.300000
0.305952 0.229816 0.054825 0.409407
0.183236 0.401875 0.128983 0.285906
0.254510 0.425939 0.207411 0.112140
0.672395 0.041522 0.217542 0.068541
0.152520 0.302535 0.253833 0.291111

MOTIF M172 O172
letter-probability matrix: alength= 4 w= 9 nsites= 11106 E= 1337.0e-6
0.057536 0.418693 0.368449 0.155321
0.062893 0.401468 0.507338 0.028302
0.051754 0.870565 0.043665 0.034016
0.028894 0.316280 0.542668 0.112158
0.203004 0.143334 0.118193 0.535468
0.307376 0.354162 0.037302 0.301159
0.100234 0.227098 0.251811 0.420856
0.248598 0.338438 0.238352 0.174612
0.249098 0.377365 0.116676 0.256862

MOTIF M173 O173
letter-probability matrix: alength= 4 w= 9 nsites= 10749 E= 1337.0e-6
0.155363 0.088194 0.583031 0.173411
0.224001 0.082352 0.023961 0.669687
0.437661 0.139607 0.089262 0.333471
0.248081 0.509645 0.025202 0.217071
0.158735 0.061865 0.110300 0.669099
0.553712 0.077218 0.355563 0.013508
0.001391 0.112241 0.268243 0.618125
0.715218 0.194822 0.006418 0.083542
0.574512 0.171269 0.130178 0.124041

MOTIF M174 O174
letter-probability matrix: alength= 4 w= 9 nsites= 11166 E= 1337.0e-6
0.690310 0.000269 0.004209 0.305212
0.019165 0.522569 0.458177 0.000090
0.303463 0.164424 0.441155 0.090958
0.076502 0.544671 0.201221 0.177606
0.501215 0.214961 0.023674 0.260149
0.394549 0.087838 0.311419 0.206194
0.296913 0.127197 0.535555 0.040335
0.091660 0.341407 0.282228 0.284705
0.000000 0.422301 0.474038 0.103661

MOTIF M175 O175
letter-probability matrix: alength= 4 w= 9 nsites= 11165 E= 1337.0e-6
0.000000 0.001343 0.998657 0.000000
0.546261 0.261263 0.000627 0.191850
0.229198 0.139454 0.367129 0.264219
0.025526 0.615226 0.127273 0.231975
0.163830 0.400573 0.059746 0.375851
0.271326 0.193907 0.270968 0.263799
0.100099 0.250695 0.485963 0.163243
0.278157 0.054608 0.448716 0.218520
0.279831 0.253785 0.280822 0.185562

MOTIF M176 O176
letter-probability matrix: alength= 4 w= 9 nsites= 11176 E= 1337.0e-6
0.000984 0.998210 0.000447 0.000358
0.504430 0.000000 0.225096 0.270473
0.252954 0.155836 0.320354 0.270856
0.207125 0.287325 0.159685 0.345865
0.202041 0.137678 0.149942 0.510339
0.077343 0.098022 0.540328 0.284308
0.270033 0.046378 0.078521 0.605068
0.369637 0.165428 0.385043 0.079893
0.558586 0.064059 0.213260 0.164095

MOTIF M177 O177
letter-probability matrix: alength= 4 w= 9 nsites= 11172 E= 1337.0e-6
0.862513 0.000000 0.000537 0.136950
0.001882 0.995608 0.002331 0.000179
0.331865 0.326521 0.056998 0.284616
0.116510 0.536317 0.111896 0.235277
0.440150 0.044160 0.302161 0.213529
0.309370 0.267462 0.294004 0.129164
0.516048 0.086026 0.049017 0.348908
0.230010 0.232672 0.361650 0.175668
0.209849 0.215948 0.341428 0.232776

MOTIF M178 O178
letter-probability matrix: alength= 4 w= 9 nsites= 7347 E= 1337.0e-6
0.226215 0.117463 0.491221 0.165101
0.286499 0.000000 0.000000 0.713501
0.183072 0.211912 0.000000 0.605016
0.457641 0.044339 0.003959 0.494062
0.171021 0.089470 0.000000 0.739509
0.012116 0.321486 0.000000 0.666397
0.381743 0.012448 0.074689 0.531120
0.000000 0.029191 0.020017 0.950792
0.036226 0.267902 0.695872 0.000000

MOTIF M179 O179
letter-probability matrix: alength= 4 w= 9 nsites= 10941 E= 1337.0e-6
0.110502 0.846998 0.001188 0.041312
0.034350 0.206692 0.036028 0.722930
0.133580 0.130383 0.062843 0.673194
0.530209 0.184163 0.260638 0.024990
0.223409 0.186039 0.157937 0.432615
0.397473 0.290147 0.069429 0.242951
0.271858 0.076031 0.109720 0.542392
0.473005 0.136472 0.296170 0.094353
0.238537 0.092955 0.085140 0.583368

MOTIF M180 O180
letter-probability matrix: alength= 4 w= 9 nsites= 1165 E= 1337.0e-6
0.397425 0.167382 0.375966 0.059227
0.006009 0.007725 0.022318 0.963948
0.007725 0.000000 0.892704 0.099571
0.829185 0.065236 0.000000 0.105579
0.072776 0.426774 0.401617 0.098832
0.112825 0.000000 0.063645 0.823529
0.173267 0.816832 0.009901 0.000000
0.970030 0.000000 0.022977 0.006993
0.059000 0.272000 0.240000 0.429000

MOTIF M181 O181
letter-probability matrix: alength= 4 w= 9 nsites= 11187 E= 1337.0e-6
0.155001 0.002860 0.807813 0.034326
0.009588 0.799642 0.037634 0.153136
0.041020 0.485324 0.096131 0.377524
0.154489 0.433360 0.124652 0.287499
0.347587 0.124583 0.466937 0.060893
0.445176 0.207382 0.229041 0.118401
0.404590 0.197506 0.187839 0.210065
0.195869 0.350607 0.127741 0.325784
0.095203 0.440429 0.267266 0.197102

MOTIF M182 O182
letter-probability matrix: alength= 4 w= 9 nsites= 11178 E= 1337.0e-6
0.603954 0.000000 0.044731 0.351315
0.000269 0.998657 0.001074 0.000000
0.294747 0.030221 0.313366 0.361666
0.172280 0.199278 0.144831 0.483612
0.105732 0.049232 0.437097 0.407939
0.341980 0.200458 0.043355 0.414207
0.264913 0.340219 0.144961 0.249907
0.223599 0.254384 0.189382 0.332634
0.353613 0.106055 0.280371 0.259961

MOTIF M183 O183
letter-probability matrix: alength= 4 w= 9 nsites= 11175 E= 1337.0e-6
0.787025 0.043669 0.015481 0.153826
0.048641 0.638315 0.056612 0.256431
0.076408 0.144363 0.650785 0.128444
0.072220 0.013153 0.126294 0.788333
0.126941 0.414481 0.162035 0.296543
0.583448 0.163184 0.140225 0.113143
0.372360 0.063926 0.462651 0.101063
0.419703 0.326581 0.068493 0.185223
0.156603 0.392712 0.069568 0.381117

MOTIF M184 O184
letter-probability matrix: alength= 4 w= 9 nsites= 11137 E= 1337.0e-6
0.000449 0.998563 0.000988 0.000000
0.516422 0.002880 0.001260 0.479438
0.076194 0.383497 0.527851 0.012458
0.048479 0.242212 0.455300 0.254009
0.428878 0.203339 0.019774 0.348009
0.236857 0.076409 0.464764 0.221971
0.145111 0.371153 0.132450 0.351286
0.272555 0.192492 0.120992 0.413961
0.129159 0.260839 0.286751 0.323251

MOTIF M185 O185
letter-probability matrix: alength= 4 w= 9 nsites= 10947 E= 1337.0e-6
0.173289 0.710240 0.001644 0.114826
0.185874 0.006791 0.506321 0.301013
0.040169 0.256131 0.412051 0.291649
0.054638 0.297369 0.016935 0.631058
0.413582 0.142273 0.143995 0.300151
0.211297 0.000217 0.103643 0.684844
0.116271 0.016140 0.764273 0.103316
0.477092 0.064962 0.297477 0.160469
0.576009 0.058857 0.193049 0.172085

MOTIF M186 O186
letter-probability matrix: alength= 4 w= 9 nsites= 10723 E= 1337.0e-6
0.731418 0.016693 0.201529 0.050359
0.522371 0.315462 0.068057 0.094110
0.471820 0.219569 0.279061 0.029550
0.055343 0.214634 0.000000 0.730024
0.317214 0.625481 0.054587 0.002718
0.712528 0.000000 0.118715 0.168757
0.254864 0.142840 0.165196 0.437100
0.145414 0.604953 0.114640 0.134993
0.388994 0.354867 0.143937 0.112202

MOTIF M187 O187
letter-probability matrix: alength= 4 w= 9 nsites= 10739 E= 1337.0e-6
0.835925 0.041438 0.105410 0.017227
0.422993 0.002358 0.568801 0.005847
0.352167 0.351573 0.266574 0.029685
0.352467 0.193545 0.220304 0.233684
0.190852 0.144269 0.567298 0.097581
0.133644 0.257533 0.433991 0.174832
0.347166 0.229333 0.021950 0.401551
0.144173 0.089464 0.022914 0.743449
0.088447 0.655611 0.021448 0.234494

MOTIF M188 O188
letter-probability matrix: alength= 4 w= 9 nsites= 8344 E= 1337.0e-6
0.698106 0.036793 0.083653 0.181448
0.101750 0.105825 0.108102 0.684324
0.944288 0.037101 0.000000 0.018611
0.226647 0.000000 0.232547 0.540806
0.242868 0.006822 0.098239 0.652071
0.426395 0.065551 0.087901 0.420152
0.517640 0.134589 0.074576 0.273195
0.298415 0.262904 0.177552 0.261129
0.254389 0.284250 0.221966 0.239395

MOTIF M189 O189
letter-probability matrix: alength= 4 w= 9 nsites= 10969 E= 1337.0e-6
0.021151 0.417723 0.300301 0.260826
0.151427 0.479077 0.367399 0.002097
0.555758 0.376220 0.040029 0.027993
0.430279 0.206698 0.110239 0.252783
0.123412 0.207057 0.443185 0.226346
0.006432 0.290361 0.195075 0.508132
0.000000 0.355190 0.006188 0.638622
0.110997 0.359388 0.062308 0.467307
0.108780 0.047444 0.535961 0.307816

MOTIF M190 O190
letter-probability matrix: alength= 4 w= 9 nsites= 10767 E= 1337.0e-6
0.199777 0.762608 0.001579 0.036036
0.000000 0.035135 0.919939 0.044925
0.055403 0.336363 0.097668 0.510566
0.040323 0.261931 0.307446 0.390300
0.297432 0.274869 0.178171 0.249528
0.306547 0.263682 0.333520 0.096251
0.217631 0.479284 0.165166 0.137919
0.153645 0.367224 0.171955 0.307176
0.208971 0.264290 0.221737 0.305003

MOTIF M191 O191
letter-probability matrix: alength= 4 w= 9 nsites= 11154 E= 1337.0e-6
0.389277 0.000000 0.390802 0.219921
0.000000 1.000000 0.000000 0.000000
0.493004 0.284753 0.060000 0.162242
0.186362 0.238672 0.136384 0.438582
0.103232 0.423609 0.012029 0.461131
0.287344 0.064223 0.327225 0.321207
0.214363 0.044311 0.563545 0.177782
0.239560 0.068910 0.387120 0.304411
0.237594 0.427016 0.063141 0.272249

MOTIF M192 O192
letter-probability matrix: alength= 4 w= 9 nsites= 10823 E= 1337.0e-6
0.358311 0.362007 0.264344 0.015338
0.005359 0.166774 0.145339 0.682528
0.908750 0.065179 0.009378 0.016693
0.331886 0.056636 0.432131 0.179347
0.467761 0.053157 0.000288 0.478795
0.365476 0.020815 0.218705 0.395004
0.195180 0.050271 0.407673 0.346877
0.222895 0.160363 0.118003 0.498739
0.178896 0.377181 0.194816 0.249107

MOTIF M193 O193
letter-probability matrix: alength= 4 w= 9 nsites= 10675 E= 1337.0e-6
0.201030 0.232974 0.411803 0.154192
0.272506 0.234473 0.001593 0.491429
0.010823 0.105308 0.036326 0.847544
0.544111 0.318961 0.136928 0.000000
0.010010 0.411344 0.002955 0.575691
0.313510 0.002694 0.331697 0.352098
0.074802 0.008225 0.376040 0.540933
0.446731 0.198041 0.131269 0.223959
0.398757 0.175722 0.080894 0.344627

MOTIF M194 O194
letter-probability matrix: alength= 4 w= 9 nsites= 11110 E= 1337.0e-6
0.008011 0.146535 0.842034 0.003420
0.666607 0.004230 0.084248 0.244914
0.080823 0.419448 0.394552 0.105178
0.292687 0.140013 0.317002 0.250298
0.394581 0.037593 0.394956 0.172870
0.466787 0.299630 0.075808 0.157775
0.123282 0.685404 0.095609 0.095705
0.427888 0.153501 0.074212 0.344400
0.113710 0.004244 0.674662 0.207383

MOTIF M195 O195
letter-probability matrix: alength= 4 w= 9 nsites= 11132 E= 1337.0e-6
0.392562 0.091089 0.153072 0.363277
0.207061 0.427327 0.043209 0.322404
0.208648 0.164779 0.024542 0.602032
0.321480 0.297443 0.046093 0.334984
0.535721 0.344398 0.000000 0.119881
0.011670 0.126289 0.094536 0.767505
0.338935 0.000273 0.570585 0.090207
0.108746 0.188400 0.640635 0.062219
0.471485 0.032373 0.156032 0.340109

MOTIF M196 O196
letter-probability matrix: alength= 4 w= 9 nsites= 11134 E= 1337.0e-6
0.440453 0.228220 0.040327 0.291001
0.050311 0.074369 0.685419 0.189901
0.073454 0.031833 0.461672 0.433041
0.017401 0.067314 0.588332 0.326953
0.076598 0.010091 0.240712 0.672599
0.052075 0.007452 0.650842 0.289631
0.304705 0.100185 0.206550 0.388561
0.251322 0.163127 0.076138 0.509413
0.219378 0.350182 0.141643 0.288798

MOTIF M197 O197
letter-probability matrix: alength= 4 w= 9 nsites= 10394 E= 1337.0e-6
0.084953 0.042236 0.015586 0.857225
0.001658 0.673197 0.090589 0.234556
0.242658 0.001210 0.168518 0.587614
0.280934 0.293622 0.111610 0.313833
0.547657 0.007314 0.215086 0.229943
0.553762 0.000000 0.424640 0.021598
0.206291 0.536261 0.135905 0.121543
0.162999 0.237102 0.131512 0.468386
0.084606 0.030291 0.500979 0.384123

MOTIF M198 O198
letter-probability matrix: alength= 4 w= 9 nsites= 9837 E= 1337.0e-6
0.101759 0.620108 0.039951 0.238182
0.369693 0.218286 0.222762 0.189258
0.008184 0.075448 0.393990 0.522379
0.449532 0.060408 0.012954 0.477107
0.507589 0.246463 0.222151 0.023797
0.117920 0.079474 0.001548 0.801058
0.708300 0.000000 0.172971 0.118729
0.025756 0.062871 0.217673 0.693700
0.471698 0.082615 0.320889 0.124798

MOTIF M199 O199
letter-probability matrix: alength= 4 w= 9 nsites= 11183 E= 1337.0e-6
0.977198 0.000358 0.000000 0.022445
0.039882 0.495931 0.213091 0.251095
0.123636 0.056361 0.017356 0.802648
0.076310 0.449351 0.387640 0.086700
0.291487 0.141379 0.129050 0.438085
0.340737 0.171813 0.423077 0.064373
0.269262 0.090720 0.158533 0.481485
0.444822 0.059903 0.208238 0.287038
0.320931 0.218539 0.370141 0.090389

MOTIF M200 O200
letter-probability matrix: alength= 4 w= 9 nsites= 11106 E= 1337.0e-6
0.056276 0.278948 0.617504 0.047272
0.654488 0.167073 0.045918 0.132521
0.532262 0.212706 0.245014 0.010017
0.545537 0.031324 0.422325 0.000815
0.529390 0.075109 0.318759 0.076742
0.207636 0.372909 0.104000 0.315455
0.304990 0.038226 0.533893 0.122890
0.069597 0.221978 0.242674 0.465751
0.112403 0.411683 0.437431 0.038483

MOTIF M201 O201
letter-probability matrix: alength= 4 w= 9 nsites= 7244 E= 1337.0e-6
0.000000 0.298454 0.697957 0.003589
0.000000 0.121618 0.144671 0.733711
0.066820 0.008173 0.721107 0.203900
0.310710 0.034457 0.222405 0.432428
0.018653 0.366733 0.267458 0.347156
0.081384 0.029393 0.316214 0.573009
0.074473 0.000000 0.887473 0.038053
0.321746 0.055080 0.428212 0.194962
0.039113 0.302574 0.502032 0.156282

MOTIF M202 O202
letter-probability matrix: alength= 4 w= 9 nsites= 10297 E= 1337.0e-6
0.363115 0.198990 0.300087 0.137807
0.323492 0.351170 0.038652 0.286685
0.265698 0.099637 0.241243 0.393422
0.259816 0.518061 0.027036 0.195086
0.067319 0.874433 0.042015 0.016233
0.258216 0.003756 0.000939 0.737089
0.106955 0.498539 0.143776 0.250731
0.773924 0.015414 0.018626 0.192036
0.107258 0.693642 0.190109 0.008992

MOTIF M203 O203
letter-probability matrix: alength= 4 w= 9 nsites= 10955 E= 1337.0e-6
0.332086 0.000274 0.095299 0.572341
0.023626 0.167399 0.205495 0.603480
0.504842 0.027668 0.206308 0.261182
0.521953 0.051611 0.112875 0.313562
0.429443 0.000000 0.556765 0.013792
0.000668 0.264967 0.295617 0.438747
0.577481 0.171047 0.251471 0.000000
0.000702 0.112793 0.458191 0.428314
0.244362 0.156114 0.383820 0.215705

MOTIF M204 O204
letter-probability matrix: alength= 4 w= 9 nsites= 11112 E= 1337.0e-6
0.306605 0.170356 0.001080 0.521958
0.174316 0.533567 0.232091 0.060025
0.760043 0.206269 0.000270 0.033417
0.000000 0.125440 0.184370 0.690190
0.456797 0.360648 0.086042 0.096513
0.640314 0.083579 0.050092 0.226015
0.173317 0.011840 0.381783 0.433060
0.329712 0.145772 0.147095 0.377421
0.335255 0.200634 0.098011 0.366100

MOTIF M205 O205
letter-probability matrix: alength= 4 w= 9 nsites= 9392 E= 1337.0e-6
0.000532 0.002236 0.964544 0.032687
0.523655 0.157005 0.003249 0.316090
0.473742 0.034691 0.221994 0.269574
0.097328 0.322082 0.234880 0.345710
0.365772 0.197834 0.217663 0.218731
0.369747 0.192985 0.105995 0.331273
0.315413 0.102911 0.113250 0.468427
0.006874 0.954010 0.038462 0.000655
0.008653 0.507465 0.026807 0.457075

MOTIF M206 O206
letter-probability matrix: alength= 4 w= 9 nsites= 10901 E= 1337.0e-6
0.174846 0.032933 0.000000 0.792221
0.393775 0.459737 0.003331 0.143156
0.023670 0.257086 0.087718 0.631527
0.740797 0.000000 0.196836 0.062367
0.168178 0.123357 0.343282 0.365183
0.551340 0.129469 0.070885 0.248306
0.231215 0.297186 0.253978 0.217620
0.059224 0.137897 0.093067 0.709812
0.361717 0.042462 0.480858 0.114963

MOTIF M207 O207
letter-probability matrix: alength= 4 w= 9 nsites= 11153 E= 1337.0e-6
0.001793 0.000179 0.997848 0.000179
0.408997 0.098440 0.038493 0.454070
0.472144 0.189601 0.141317 0.196938
0.407323 0.195672 0.133218 0.263787
0.273218 0.468095 0.141407 0.117280
0.383259 0.172813 0.125794 0.318134
0.277584 0.203155 0.168796 0.350465
0.114918 0.642821 0.000701 0.241559
0.000311 0.474066 0.034786 0.490838

MOTIF M208 O208
letter-probability matrix: alength= 4 w= 9 nsites= 10967 E= 1337.0e-6
0.131485 0.513176 0.108599 0.246740
0.066290 0.505881 0.196499 0.231330
0.629701 0.079277 0.143437 0.147585
0.549356 0.023728 0.007693 0.419223
0.458244 0.000000 0.408473 0.133283
0.052522 0.348751 0.136955 0.461772
0.139998 0.219567 0.235791 0.404644
0.014716 0.190303 0.780163 0.014817
0.179646 0.370152 0.000000 0.450202

MOTIF M209 O209
letter-probability matrix: alength= 4 w= 9 nsites= 11154 E= 1337.0e-6
0.251210 0.675184 0.000000 0.073606
0.494621 0.109288 0.114040 0.282051
0.336202 0.094316 0.452125 0.117357
0.266930 0.145215 0.094448 0.493407
0.400862 0.006552 0.515842 0.076744
0.178375 0.004048 0.436719 0.380858
0.082166 0.330027 0.350045 0.237762
0.056718 0.690437 0.219805 0.033040
0.055498 0.632548 0.031271 0.280684

MOTIF M210 O210
letter-probability matrix: alength= 4 w= 9 nsites= 11077 E= 1337.0e-6
0.002167 0.328699 0.005056 0.664079
0.965604 0.014083 0.020132 0.000181
0.143115 0.271151 0.031242 0.554492
0.196432 0.153958 0.171708 0.477903
0.240421 0.465408 0.164518 0.129653
0.496650 0.146122 0.250115 0.107113
0.314734 0.151871 0.286282 0.247113
0.474898 0.167348 0.123559 0.234195
0.367665 0.130965 0.115941 0.385429

MOTIF M211 O211
letter-probability matrix: alength= 4 w= 9 nsites= 9417 E= 1337.0e-6
0.070192 0.463842 0.077307 0.388659
0.547120 0.252400 0.000000 0.200480
0.055209 0.806126 0.000000 0.138665
0.026051 0.001371 0.063985 0.908592
0.308761 0.627137 0.002137 0.061966
0.413125 0.358795 0.002152 0.225928
0.067313 0.469036 0.070544 0.393107
0.000000 0.094054 0.248649 0.657297
0.039532 0.738864 0.162027 0.059577

MOTIF M212 O212
letter-probability matrix: alength= 4 w= 9 nsites= 10683 E= 1337.0e-6
0.160442 0.132453 0.000000 0.707105
0.485175 0.083947 0.158168 0.272710
0.002173 0.455971 0.225151 0.316704
0.730150 0.016776 0.028119 0.224955
0.297060 0.015941 0.303837 0.383162
0.119243 0.320160 0.113290 0.447307
0.376627 0.195774 0.031444 0.396155
0.755286 0.019727 0.039757 0.185230
0.527017 0.069415 0.247103 0.156465

MOTIF M213 O213
letter-probability matrix: alength= 4 w= 9 nsites= 11121 E= 1337.0e-6
0.082547 0.001798 0.915655 0.000000
0.090622 0.259886 0.513918 0.135573
0.304830 0.086862 0.286628 0.321680
0.324441 0.299207 0.117430 0.258922
0.269744 0.330508 0.197259 0.202488
0.330596 0.067058 0.371480 0.230866
0.104850 0.687980 0.133117 0.074054
0.351236 0.320883 0.299255 0.028626
0.502691 0.002554 0.381009 0.113746

MOTIF M214 O214
letter-probability matrix: alength= 4 w= 9 nsites= 11170 E= 1337.0e-6
0.000358 0.000000 0.999463 0.000179
0.102883 0.534832 0.000090 0.362196
0.165845 0.248544 0.513664 0.071947
0.362740 0.092971 0.235162 0.309127
0.230307 0.306926 0.067468 0.395299
0.213408 0.418110 0.061743 0.306740
0.341479 0.254694 0.135927 0.267900
0.518008 0.029444 0.296236 0.156312
0.226223 0.309691 0.274499 0.189587

MOTIF M215 O215
letter-probability matrix: alength= 4 w= 9 nsites= 10514 E= 1337.0e-6
0.227982 0.157029 0.191839 0.423150
0.197333 0.400806 0.076170 0.325691
0.281454 0.108888 0.000481 0.609177
0.426023 0.006011 0.159007 0.408959
0.416667 0.270249 0.026480 0.286604
0.152289 0.069738 0.041080 0.736894
0.206243 0.759087 0.026077 0.008593
0.391896 0.080831 0.038961 0.488312
0.105313 0.319235 0.065462 0.509989

MOTIF M216 O216
letter-probability matrix: alength= 4 w= 9 nsites= 10796 E= 1337.0e-6
0.187199 0.116432 0.000093 0.696276
0.680317 0.154143 0.137531 0.028008
0.012567 0.060162 0.131902 0.795369
0.566069 0.299246 0.007749 0.126937
0.291551 0.455483 0.017435 0.235531
0.126535 0.238596 0.105482 0.529386
0.184472 0.273515 0.089271 0.452742
0.266714 0.338395 0.036841 0.358051
0.146963 0.386427 0.012921 0.453689

MOTIF M217 O217
letter-probability matrix: alength= 4 w= 9 nsites= 9750 E= 1337.0e-6
0.000410 0.000513 0.188000 0.811077
0.035822 0.136266 0.502651 0.325261
0.573556 0.027280 0.183933 0.215230
0.161268 0.198656 0.448484 0.191592
0.254635 0.052269 0.451351 0.241745
0.062500 0.000367 0.936034 0.001100
0.926637 0.046840 0.022197 0.004327
0.264913 0.359253 0.151896 0.223937
0.298862 0.061933 0.208566 0.430639

MOTIF M218 O218
letter-probability matrix: alength= 4 w= 9 nsites= 11065 E= 1337.0e-6
0.729327 0.060913 0.012743 0.197018
0.181115 0.174467 0.186214 0.458204
0.507478 0.069231 0.325745 0.097545
0.380253 0.315103 0.253310 0.051334
0.527671 0.000098 0.254202 0.218028
0.074875 0.251652 0.540240 0.133233
0.380538 0.026605 0.274537 0.318320
0.035210 0.113121 0.056507 0.795163
0.754958 0.171562 0.072721 0.000759

MOTIF M219 O219
letter-probability matrix: alength= 4 w= 9 nsites= 11085 E= 1337.0e-6
0.053676 0.001353 0.001624 0.943347
0.003460 0.399854 0.426985 0.169701
0.295306 0.185465 0.380245 0.138984
0.072510 0.547767 0.223935 0.155789
0.164620 0.573357 0.088778 0.173245
0.415345 0.389612 0.106163 0.088880
0.281511 0.285165 0.156139 0.277185
0.353951 0.045951 0.307902 0.292195
0.105647 0.766729 0.073618 0.054006

MOTIF M220 O220
letter-probability matrix: alength= 4 w= 9 nsites= 10885 E= 1337.0e-6
0.489665 0.071015 0.006798 0.432522
0.000000 0.084011 0.915434 0.000555
0.073951 0.501804 0.258876 0.165369
0.002707 0.413283 0.017401 0.566609
0.444717 0.003437 0.297526 0.254321
0.473874 0.307024 0.169348 0.049755
0.327289 0.422182 0.249522 0.001007
0.171492 0.370517 0.295946 0.162044
0.206523 0.260290 0.221528 0.311660

MOTIF M221 O221
letter-probability matrix: alength= 4 w= 9 nsites= 7653 E= 1337.0e-6
0.148700 0.043774 0.564354 0.243173
0.470785 0.257722 0.258509 0.012984
0.000000 0.014726 0.001364 0.983911
0.000903 0.003160 0.791422 0.204515
0.818072 0.069739 0.012129 0.100061
0.050729 0.457197 0.377933 0.114141
0.106412 0.011596 0.075716 0.806276
0.177010 0.819464 0.002116 0.001410
0.887591 0.000000 0.072993 0.039416

MOTIF M222 O222
letter-probability matrix: alength= 4 w= 9 nsites= 8383 E= 1337.0e-6
0.183228 0.191459 0.330908 0.294405
0.661338 0.131576 0.057974 0.149111
0.022339 0.705482 0.239697 0.032482
0.127195 0.028561 0.332624 0.511620
0.069148 0.122839 0.118365 0.689648
0.743566 0.238961 0.014640 0.002834
0.000254 0.937452 0.043733 0.018561
0.101816 0.695652 0.017061 0.185471
0.212313 0.355581 0.037687 0.394419

MOTIF M223 O223
letter-probability matrix: alength= 4 w= 9 nsites= 11123 E= 1337.0e-6
0.000000 0.999910 0.000090 0.000000
0.542083 0.002250 0.040328 0.415339
0.018642 0.742345 0.228026 0.010987
0.453348 0.067768 0.092853 0.386031
0.116728 0.379886 0.167554 0.335831
0.165611 0.282923 0.174837 0.376628
0.209038 0.386525 0.246136 0.158302
0.154015 0.382199 0.236883 0.226902
0.288910 0.183573 0.288538 0.238979

