MEME version 5.5.1

ALPHABET= ACGT

strands: + -

Background letter frequencies (from uniform background):
A 0.25000 C 0.25000 G 0.25000 T 0.25000

MOTIF M102 O102
letter-probability matrix: alength= 4 w= 9 nsites= 9396 E= 1337.0e-6
0.520860 0.339825 0.112495 0.026820
0.750262 0.094535 0.057139 0.098065
0.000945 0.666397 0.007563 0.325095
0.105417 0.537403 0.004471 0.352709
0.487618 0.028988 0.349587 0.133807
0.015273 0.413942 0.398668 0.172117
0.227552 0.069574 0.024381 0.678494
0.210002 0.031879 0.025503 0.732616
0.002626 0.340335 0.039386 0.617653

MOTIF M107 O107
letter-probability matrix: alength= 4 w= 9 nsites= 7644 E= 1337.0e-6
0.003532 0.041863 0.375327 0.579278
0.189998 0.006951 0.711334 0.091717
0.469119 0.483667 0.007686 0.039528
0.163782 0.244231 0.513141 0.078846
0.000000 0.031412 0.037970 0.930618
0.176244 0.821654 0.000000 0.002102
0.994296 0.005704 0.000000 0.000000
0.054305 0.254019 0.255448 0.436227
0.277638 0.257832 0.226143 0.238387

MOTIF M114 O114
letter-probability matrix: alength= 4 w= 9 nsites= 9040 E= 1337.0e-6
0.418805 0.184513 0.285398 0.111283
0.527102 0.122566 0.245796 0.104535
0.524715 0.000000 0.462642 0.012642
0.011110 0.752928 0.023427 0.212535
0.417069 0.332310 0.016952 0.233669
0.087124 0.004644 0.804132 0.104100
0.001510 0.237288 0.761202 0.000000
0.352781 0.266372 0.000170 0.380677
0.125643 0.445149 0.009942 0.419266

MOTIF M115 O115
letter-probability matrix: alength= 4 w= 9 nsites= 11156 E= 1337.0e-6
0.084977 0.032718 0.606669 0.275636
0.157237 0.441930 0.022450 0.378383
0.506505 0.093531 0.130379 0.269584
0.635569 0.314231 0.016399 0.033801
0.066838 0.277422 0.000366 0.655374
0.521165 0.230407 0.213771 0.034658
0.381803 0.273607 0.151270 0.193320
0.591129 0.186238 0.198465 0.024168
0.638212 0.183484 0.090831 0.087474

MOTIF M124 O124
letter-probability matrix: alength= 4 w= 9 nsites= 10836 E= 1337.0e-6
0.395441 0.105574 0.124031 0.374954
0.131056 0.553813 0.204985 0.110147
0.093982 0.374641 0.075840 0.455537
0.615535 0.203111 0.066797 0.114556
0.569368 0.000117 0.001407 0.429108
0.234748 0.152644 0.101932 0.510676
0.246616 0.003249 0.002707 0.747428
0.337075 0.177490 0.022595 0.462839
0.754700 0.073590 0.164806 0.006904

MOTIF M129 O129
letter-probability matrix: alength= 4 w= 9 nsites= 10763 E= 1337.0e-6
0.322587 0.209421 0.401189 0.066803
0.075844 0.000597 0.728078 0.195481
0.158962 0.051378 0.733562 0.056098
0.174700 0.135890 0.551822 0.137588
0.173609 0.522369 0.234128 0.069894
0.167192 0.502587 0.172618 0.157603
0.425110 0.069448 0.120627 0.384815
0.143437 0.594053 0.226094 0.036416
0.246957 0.139398 0.608696 0.004950

MOTIF M138 O138
letter-probability matrix: alength= 4 w= 9 nsites= 10760 E= 1337.0e-6
0.435037 0.000465 0.290706 0.273792
0.569979 0.000967 0.134641 0.294413
0.585381 0.002538 0.001827 0.410254
0.000000 0.622469 0.369237 0.008294
0.180559 0.462697 0.000000 0.356744
0.231394 0.180317 0.363988 0.224300
0.253563 0.024469 0.721834 0.000134
0.231817 0.177744 0.029147 0.561291
0.217958 0.128307 0.175326 0.478410

MOTIF M139 O139
letter-probability matrix: alength= 4 w= 9 nsites= 3777 E= 1337.0e-6
0.667461 0.029388 0.299709 0.003442
0.000361 0.000000 0.000000 0.999639
0.000000 0.002070 0.886818 0.111111
0.765673 0.078109 0.000000 0.156218
0.037895 0.461053 0.400000 0.101053
0.088235 0.000000 0.088235 0.823529
0.127880 0.865207 0.006912 0.000000
0.936170 0.000000 0.018913 0.044917
0.081560 0.297872 0.223404 0.397163

MOTIF M13 O13
letter-probability matrix: alength= 4 w= 9 nsites= 11164 E= 1337.0e-6
0.538785 0.034307 0.406664 0.020244
0.379514 0.184963 0.320907 0.114616
0.051268 0.597589 0.074564 0.276579
0.018554 0.424193 0.218008 0.339245
0.169647 0.208468 0.571852 0.050032
0.214733 0.206237 0.367473 0.211558
0.172504 0.116501 0.000000 0.710995
0.091952 0.140842 0.116209 0.650997
0.129550 0.287615 0.065678 0.517156

MOTIF M152 O152
letter-probability matrix: alength= 4 w= 9 nsites= 10541 E= 1337.0e-6
0.362110 0.000000 0.232521 0.405370
0.118261 0.873125 0.000304 0.008310
0.123350 0.459198 0.179806 0.237646
0.379681 0.005368 0.226278 0.388673
0.141454 0.062202 0.742464 0.053881
0.374309 0.076657 0.000967 0.548066
0.444166 0.078071 0.080162 0.397602
0.133618 0.024023 0.131912 0.710448
0.486125 0.010865 0.261782 0.241227

MOTIF M153 O153
letter-probability matrix: alength= 4 w= 9 nsites= 6963 E= 1337.0e-6
0.379003 0.163579 0.232802 0.224616
0.001564 0.054426 0.083359 0.860651
0.436459 0.002318 0.459220 0.102002
0.400051 0.410412 0.010614 0.178923
0.234981 0.239124 0.440071 0.085824
0.000000 0.005696 0.002215 0.992089
0.321452 0.678218 0.000000 0.000330
0.998974 0.000000 0.001026 0.000000
0.017141 0.310593 0.160439 0.511827

MOTIF M156 O156
letter-probability matrix: alength= 4 w= 9 nsites= 9915 E= 1337.0e-6
0.724760 0.000202 0.112960 0.162078
0.036088 0.897127 0.059214 0.007570
0.219684 0.440422 0.017106 0.322789
0.210086 0.000492 0.637638 0.151784
0.072904 0.003274 0.844372 0.079451
0.127608 0.215684 0.173320 0.483389
0.224928 0.241643 0.146354 0.387076
0.075024 0.176114 0.202593 0.546269
0.430538 0.084007 0.267064 0.218391

MOTIF M169 O169
letter-probability matrix: alength= 4 w= 9 nsites= 11048 E= 1337.0e-6
0.053946 0.504073 0.014844 0.427136
0.221742 0.382161 0.097751 0.298347
0.300391 0.247559 0.275977 0.176074
0.337963 0.111905 0.355571 0.194561
0.459322 0.000000 0.308861 0.231817
0.003849 0.669496 0.322215 0.004441
0.223132 0.270023 0.159427 0.347418
0.476493 0.000334 0.477161 0.046012
0.004761 0.017796 0.975629 0.001814

MOTIF M170 O170
letter-probability matrix: alength= 4 w= 9 nsites= 1296 E= 1337.0e-6
0.209105 0.155093 0.333333 0.302469
0.472994 0.137346 0.364969 0.024691
0.000000 0.032407 0.000000 0.967593
0.000000 0.000772 0.839506 0.159722
0.881107 0.039088 0.008958 0.070847
0.055272 0.468537 0.363095 0.113095
0.118919 0.016216 0.119820 0.745045
0.127542 0.872458 0.000000 0.000000
0.956685 0.000000 0.036723 0.006591

MOTIF M171 O171
letter-probability matrix: alength= 4 w= 9 nsites= 10631 E= 1337.0e-6
0.145800 0.000470 0.294140 0.559590
0.355292 0.000000 0.531532 0.113175
0.517479 0.147302 0.233624 0.101595
0.255644 0.398518 0.331256 0.014581
0.003116 0.002618 0.006482 0.987784
0.108687 0.470085 0.421227 0.000000
0.726150 0.001950 0.257343 0.014557
0.180065 0.389055 0.225798 0.205081
0.241125 0.441231 0.156981 0.160663

MOTIF M176 O176
letter-probability matrix: alength= 4 w= 9 nsites= 11185 E= 1337.0e-6
0.249352 0.125257 0.255789 0.369602
0.065188 0.231423 0.667442 0.035947
0.513509 0.012788 0.006754 0.466949
0.035183 0.374793 0.369374 0.220650
0.335536 0.028512 0.150680 0.485272
0.044893 0.252034 0.551450 0.151622
0.746529 0.076745 0.012630 0.164096
0.093545 0.767201 0.057499 0.081755
0.436003 0.413722 0.033765 0.116510

MOTIF M180 O180
letter-probability matrix: alength= 4 w= 9 nsites= 1165 E= 1337.0e-6
0.397425 0.167382 0.375966 0.059227
0.006009 0.007725 0.022318 0.963948
0.007725 0.000000 0.892704 0.099571
0.829185 0.065236 0.000000 0.105579
0.072776 0.426774 0.401617 0.098832
0.112825 0.000000 0.063645 0.823529
0.173267 0.816832 0.009901 0.000000
0.970030 0.000000 0.022977 0.006993
0.059000 0.272000 0.240000 0.429000

MOTIF M195 O195
letter-probability matrix: alength= 4 w= 9 nsites= 8832 E= 1337.0e-6
0.000000 0.009964 0.874774 0.115263
0.384525 0.000000 0.083236 0.532239
0.001444 0.677683 0.093534 0.227338
0.449965 0.040132 0.451008 0.058895
0.215426 0.162234 0.033688 0.588652
0.339094 0.352192 0.181372 0.127342
0.658161 0.056848 0.284803 0.000188
0.038506 0.550000 0.149808 0.261686
0.194605 0.455944 0.000000 0.349451

MOTIF M199 O199
letter-probability matrix: alength= 4 w= 9 nsites= 5811 E= 1337.0e-6
0.008604 0.123043 0.000000 0.868353
0.000000 0.075504 0.741928 0.182569
0.724328 0.117054 0.006418 0.152200
0.247704 0.339563 0.313272 0.099462
0.075503 0.004362 0.028523 0.891611
0.228393 0.759111 0.010760 0.001736
0.922664 0.009667 0.048335 0.019334
0.189101 0.306388 0.177914 0.326597
0.239839 0.506774 0.121201 0.132186

MOTIF M19 O19
letter-probability matrix: alength= 4 w= 9 nsites= 11071 E= 1337.0e-6
0.176949 0.432120 0.020143 0.370789
0.215599 0.390808 0.104828 0.288765
0.378010 0.289901 0.225406 0.106683
0.507067 0.117226 0.141821 0.233886
0.378037 0.005790 0.183371 0.432802
0.017253 0.672681 0.309672 0.000394
0.151284 0.483172 0.110439 0.255106
0.624291 0.003136 0.347003 0.025570
0.000983 0.022116 0.966458 0.010444

MOTIF M200 O200
letter-probability matrix: alength= 4 w= 9 nsites= 11187 E= 1337.0e-6
0.100295 0.000000 0.894342 0.005363
0.109949 0.762760 0.098686 0.028605
0.632129 0.098427 0.137583 0.131861
0.274385 0.106392 0.312293 0.306929
0.195880 0.343842 0.268786 0.191491
0.198996 0.219353 0.238095 0.343557
0.088677 0.274485 0.399676 0.237162
0.210951 0.123833 0.482005 0.183211
0.023052 0.160456 0.542961 0.273531

MOTIF M207 O207
letter-probability matrix: alength= 4 w= 9 nsites= 6908 E= 1337.0e-6
0.345107 0.149537 0.313839 0.191517
0.039809 0.888246 0.008541 0.063405
0.146083 0.808045 0.000000 0.045872
0.031697 0.600156 0.000000 0.368148
0.548685 0.000000 0.021427 0.429889
0.364680 0.444232 0.148442 0.042646
0.308032 0.483025 0.061275 0.147668
0.016034 0.948523 0.007595 0.027848
0.048270 0.650480 0.030241 0.271009

MOTIF M20 O20
letter-probability matrix: alength= 4 w= 9 nsites= 10430 E= 1337.0e-6
0.688782 0.046788 0.020326 0.244104
0.270966 0.053651 0.204726 0.470657
0.224648 0.513312 0.061962 0.200078
0.436923 0.118030 0.077216 0.367830
0.408452 0.399151 0.142857 0.049540
0.000000 0.000104 0.223044 0.776852
0.639824 0.038272 0.319597 0.002307
0.433376 0.003278 0.248837 0.314509
0.462436 0.115879 0.105178 0.316506

MOTIF M215 O215
letter-probability matrix: alength= 4 w= 9 nsites= 10514 E= 1337.0e-6
0.227982 0.157029 0.191839 0.423150
0.197333 0.400806 0.076170 0.325691
0.281454 0.108888 0.000481 0.609177
0.426023 0.006011 0.159007 0.408959
0.416667 0.270249 0.026480 0.286604
0.152289 0.069738 0.041080 0.736894
0.206243 0.759087 0.026077 0.008593
0.391896 0.080831 0.038961 0.488312
0.105313 0.319235 0.065462 0.509989

MOTIF M216 O216
letter-probability matrix: alength= 4 w= 9 nsites= 11164 E= 1337.0e-6
0.139824 0.073361 0.377732 0.409083
0.150036 0.000269 0.286994 0.562702
0.525115 0.218348 0.224009 0.032528
0.193783 0.440829 0.272223 0.093165
0.057107 0.183335 0.067690 0.691868
0.161432 0.546620 0.003326 0.288621
0.696831 0.086025 0.100955 0.116189
0.023931 0.163224 0.136224 0.676621
0.470030 0.350356 0.063757 0.115857

MOTIF M220 O220
letter-probability matrix: alength= 4 w= 9 nsites= 10620 E= 1337.0e-6
0.025047 0.184369 0.772222 0.018362
0.158411 0.402127 0.123996 0.315466
0.000000 0.534304 0.212932 0.252765
0.085985 0.496256 0.002223 0.415536
0.141722 0.020229 0.432149 0.405900
0.235502 0.581126 0.091930 0.091442
0.258863 0.421943 0.298171 0.021023
0.035258 0.548338 0.299002 0.117402
0.141061 0.612991 0.040062 0.205886

MOTIF M221 O221
letter-probability matrix: alength= 4 w= 9 nsites= 7653 E= 1337.0e-6
0.148700 0.043774 0.564354 0.243173
0.470785 0.257722 0.258509 0.012984
0.000000 0.014726 0.001364 0.983911
0.000903 0.003160 0.791422 0.204515
0.818072 0.069739 0.012129 0.100061
0.050729 0.457197 0.377933 0.114141
0.106412 0.011596 0.075716 0.806276
0.177010 0.819464 0.002116 0.001410
0.887591 0.000000 0.072993 0.039416

MOTIF M222 O222
letter-probability matrix: alength= 4 w= 9 nsites= 11145 E= 1337.0e-6
0.062988 0.692418 0.211216 0.033378
0.616262 0.135335 0.035773 0.212630
0.380404 0.001280 0.475825 0.142492
0.022192 0.289684 0.668776 0.019349
0.153244 0.389237 0.043586 0.413933
0.190958 0.067768 0.387765 0.353509
0.066585 0.074767 0.776733 0.081915
0.268195 0.241176 0.095614 0.395015
0.266456 0.174416 0.130597 0.428530

MOTIF M28 O28
letter-probability matrix: alength= 4 w= 9 nsites= 11151 E= 1337.0e-6
0.000628 0.537530 0.459152 0.002690
0.013003 0.318536 0.010851 0.657609
0.198762 0.314878 0.231066 0.255294
0.003147 0.260858 0.571891 0.164104
0.342674 0.063615 0.026131 0.567580
0.353482 0.233490 0.156351 0.256676
0.658806 0.014602 0.098313 0.228279
0.389046 0.377892 0.110725 0.122337
0.426709 0.308887 0.047165 0.217239

MOTIF M29 O29
letter-probability matrix: alength= 4 w= 9 nsites= 10436 E= 1337.0e-6
0.527405 0.020314 0.071579 0.380701
0.127221 0.515111 0.045538 0.312130
0.324229 0.231010 0.397744 0.047017
0.280519 0.225889 0.102371 0.391221
0.359018 0.035058 0.066179 0.539745
0.007407 0.955967 0.013580 0.023045
0.049188 0.387326 0.047815 0.515671
0.456235 0.075529 0.467765 0.000471
0.013397 0.007895 0.976316 0.002392

MOTIF M31 O31
letter-probability matrix: alength= 4 w= 9 nsites= 10426 E= 1337.0e-6
0.403702 0.039708 0.235373 0.321216
0.534241 0.045559 0.208805 0.211395
0.478253 0.048114 0.013376 0.460258
0.358734 0.048750 0.330696 0.261821
0.302900 0.000000 0.504212 0.192888
0.027062 0.166039 0.209952 0.596947
0.764565 0.013091 0.209853 0.012491
0.423201 0.013671 0.378166 0.184962
0.605591 0.020812 0.148235 0.225362

MOTIF M38 O38
letter-probability matrix: alength= 4 w= 9 nsites= 10706 E= 1337.0e-6
0.002242 0.321689 0.675976 0.000093
0.100334 0.549307 0.150400 0.199960
0.000000 0.707373 0.179514 0.113113
0.279208 0.577144 0.100660 0.042988
0.221709 0.473509 0.018270 0.286513
0.165152 0.315163 0.331495 0.188189
0.372037 0.434442 0.150141 0.043379
0.049373 0.462943 0.248625 0.239059
0.133258 0.391685 0.140449 0.334607

MOTIF M50 O50
letter-probability matrix: alength= 4 w= 9 nsites= 10084 E= 1337.0e-6
0.473721 0.285898 0.066045 0.174336
0.355630 0.478760 0.162259 0.003350
0.483205 0.000603 0.069137 0.447055
0.000000 0.843087 0.154731 0.002182
0.284398 0.704798 0.000000 0.010804
0.001235 0.949794 0.031687 0.017284
0.635967 0.000000 0.101266 0.262767
0.019947 0.609929 0.083333 0.286791
0.189238 0.663475 0.000912 0.146375

MOTIF M53 O53
letter-probability matrix: alength= 4 w= 9 nsites= 5065 E= 1337.0e-6
0.018756 0.095953 0.323988 0.561303
0.506022 0.009477 0.335242 0.149260
0.354393 0.503258 0.050938 0.091412
0.194438 0.227570 0.577267 0.000726
0.000539 0.044498 0.004315 0.950647
0.284951 0.715049 0.000000 0.000000
0.987287 0.006645 0.005490 0.000578
0.033043 0.287246 0.192174 0.487536
0.271979 0.298442 0.202293 0.227286

MOTIF M54 O54
letter-probability matrix: alength= 4 w= 9 nsites= 6637 E= 1337.0e-6
0.159560 0.191954 0.261564 0.386922
0.403948 0.187283 0.344433 0.064336
0.000753 0.125057 0.000000 0.874190
0.000609 0.020405 0.593878 0.385107
0.901099 0.003822 0.095079 0.000000
0.030249 0.413677 0.307160 0.248914
0.211772 0.159158 0.316014 0.313055
0.122432 0.411725 0.000000 0.465843
0.738856 0.170453 0.058412 0.032280

MOTIF M58 O58
letter-probability matrix: alength= 4 w= 9 nsites= 11083 E= 1337.0e-6
0.476586 0.031219 0.050889 0.441307
0.198180 0.362717 0.028955 0.410148
0.279760 0.271831 0.352577 0.095832
0.571019 0.206429 0.175569 0.046983
0.282833 0.568777 0.112270 0.036119
0.022458 0.488563 0.000000 0.488979
0.145429 0.339155 0.508301 0.007115
0.057362 0.700383 0.242146 0.000109
0.505766 0.304724 0.026392 0.163118

MOTIF M67 O67
letter-probability matrix: alength= 4 w= 9 nsites= 11130 E= 1337.0e-6
0.824618 0.000000 0.009254 0.166128
0.081743 0.009903 0.827602 0.080753
0.055939 0.751955 0.087681 0.104425
0.665123 0.067939 0.064915 0.202022
0.149182 0.194415 0.381276 0.275127
0.085726 0.385864 0.271728 0.256682
0.210975 0.224318 0.233146 0.331561
0.294165 0.224068 0.457152 0.024615
0.349427 0.266481 0.100485 0.283607

MOTIF M74a O74
letter-probability matrix: alength= 4 w= 9 nsites= 11118 E= 1337.0e-6
0.088235 0.107753 0.797176 0.006836
0.056602 0.097835 0.297442 0.548121
0.124150 0.316465 0.158988 0.400397
0.503412 0.001896 0.091564 0.403128
0.156985 0.563635 0.072712 0.206669
0.520247 0.141007 0.125254 0.213492
0.352198 0.124465 0.427557 0.095780
0.366265 0.000197 0.016088 0.617450
0.210332 0.002194 0.224494 0.562980

MOTIF M74b O74
letter-probability matrix: alength= 4 w= 9 nsites= 8633 E= 1337.0e-6
0.011468 0.006023 0.098575 0.883934
0.078016 0.016404 0.475329 0.430251
0.663585 0.284637 0.008108 0.043670
0.013254 0.560536 0.119583 0.306627
0.342142 0.188741 0.444722 0.024394
0.131259 0.045211 0.419381 0.404148
0.430122 0.310068 0.105360 0.154450
0.935133 0.019698 0.036339 0.008830
0.345212 0.161213 0.155902 0.337673

MOTIF M76 O76
letter-probability matrix: alength= 4 w= 9 nsites= 10392 E= 1337.0e-6
0.046671 0.391455 0.064088 0.497787
0.030607 0.229813 0.650475 0.089105
0.610072 0.109637 0.278769 0.001523
0.009200 0.830415 0.160386 0.000000
0.059293 0.146671 0.097550 0.696486
0.365833 0.401730 0.173795 0.058642
0.401154 0.019962 0.131313 0.447571
0.019410 0.349023 0.295160 0.336407
0.353099 0.174960 0.192200 0.279741

MOTIF M80 O80
letter-probability matrix: alength= 4 w= 9 nsites= 11082 E= 1337.0e-6
0.006858 0.329092 0.605486 0.058563
0.002303 0.486457 0.082642 0.428598
0.684976 0.076515 0.238508 0.000000
0.490489 0.004975 0.000195 0.504341
0.003850 0.285263 0.209160 0.501727
0.265666 0.226927 0.119019 0.388388
0.585319 0.147115 0.025753 0.241813
0.373314 0.246268 0.200556 0.179862
0.544546 0.131557 0.220858 0.103039

MOTIF M83 O83
letter-probability matrix: alength= 4 w= 9 nsites= 11080 E= 1337.0e-6
0.060921 0.608123 0.259657 0.071300
0.376677 0.155738 0.289121 0.178465
0.252441 0.081504 0.323020 0.343034
0.163035 0.014730 0.026533 0.795702
0.009460 0.830676 0.105336 0.054528
0.248893 0.294931 0.023019 0.433156
0.463656 0.173801 0.269857 0.092686
0.153286 0.021492 0.792472 0.032750
0.361895 0.234228 0.208419 0.195458

MOTIF M86 O86
letter-probability matrix: alength= 4 w= 9 nsites= 10941 E= 1337.0e-6
0.433233 0.294489 0.093684 0.178594
0.259574 0.582671 0.043140 0.114615
0.114815 0.377160 0.003395 0.504630
0.184543 0.146207 0.021819 0.647431
0.142798 0.372098 0.220670 0.264434
0.018141 0.002061 0.174809 0.804989
0.085584 0.098463 0.812007 0.003947
0.742918 0.212354 0.005751 0.038978
0.167207 0.660834 0.000648 0.171311

MOTIF M97 O97
letter-probability matrix: alength= 4 w= 9 nsites= 9293 E= 1337.0e-6
0.317658 0.197891 0.333692 0.150759
0.477241 0.061875 0.221349 0.239535
0.418758 0.000329 0.192834 0.388079
0.000000 0.755508 0.243817 0.000674
0.142788 0.413320 0.081888 0.362004
0.424729 0.027892 0.452870 0.094509
0.042730 0.058565 0.893050 0.005655
0.544713 0.008917 0.000000 0.446369
0.396441 0.090886 0.109063 0.403610

MOTIF M98 O98
letter-probability matrix: alength= 4 w= 9 nsites= 10829 E= 1337.0e-6
0.116354 0.000462 0.883184 0.000000
0.084682 0.153846 0.469298 0.292174
0.113271 0.299297 0.351458 0.235973
0.248213 0.343925 0.091849 0.316013
0.267436 0.061985 0.338927 0.331652
0.041205 0.115938 0.351409 0.491448
0.002635 0.442135 0.496097 0.059133
0.405803 0.091977 0.501234 0.000987
0.326512 0.302771 0.015894 0.354823