MEME version 5.5.1

ALPHABET= ACGT

strands: + -

Background letter frequencies (from uniform background):
A 0.25000 C 0.25000 G 0.25000 T 0.25000

MOTIF M0 O0
letter-probability matrix: alength= 4 w= 9 nsites= 11169 E= 1337.0e-6
0.172710 0.000358 0.003313 0.823619
0.158991 0.319784 0.521226 0.000000
0.035325 0.529695 0.206320 0.228660
0.312718 0.367510 0.045538 0.274235
0.184225 0.547527 0.135687 0.132561
0.437063 0.148980 0.293394 0.120563
0.303144 0.152414 0.468563 0.075879
0.368530 0.092438 0.387788 0.151245
0.008101 0.749238 0.181281 0.061380

MOTIF M1 O1
letter-probability matrix: alength= 4 w= 9 nsites= 11184 E= 1337.0e-6
0.332797 0.300966 0.000000 0.366237
0.004471 0.000268 0.995172 0.000089
0.467006 0.273426 0.028702 0.230866
0.090242 0.384223 0.214918 0.310616
0.231341 0.362628 0.152765 0.253267
0.319505 0.172386 0.178927 0.329182
0.093859 0.307127 0.136082 0.462931
0.438510 0.067864 0.302962 0.190664
0.029068 0.499100 0.376080 0.095752

MOTIF M2 O2
letter-probability matrix: alength= 4 w= 9 nsites= 10738 E= 1337.0e-6
0.004563 0.301639 0.018998 0.674800
0.916778 0.000000 0.082936 0.000286
0.032333 0.069669 0.631351 0.266647
0.368685 0.029684 0.021820 0.579811
0.363627 0.133743 0.148229 0.354400
0.306168 0.049848 0.234783 0.409201
0.300051 0.054602 0.249563 0.395784
0.240398 0.148980 0.364323 0.246299
0.256672 0.120929 0.354276 0.268124

MOTIF M3 O3
letter-probability matrix: alength= 4 w= 9 nsites= 10329 E= 1337.0e-6
0.067964 0.744796 0.000000 0.187240
0.131434 0.001436 0.665549 0.201580
0.196327 0.606983 0.000604 0.196086
0.018059 0.201405 0.628041 0.152496
0.171559 0.166095 0.174228 0.488118
0.124229 0.592497 0.141187 0.142086
0.465104 0.265885 0.107813 0.161198
0.107891 0.215123 0.407193 0.269793
0.198299 0.193780 0.405237 0.202685

MOTIF M4 O4
letter-probability matrix: alength= 4 w= 9 nsites= 11131 E= 1337.0e-6
0.030545 0.003863 0.965053 0.000539
0.159186 0.556424 0.279120 0.005270
0.285781 0.119424 0.291264 0.303532
0.539702 0.248898 0.062061 0.149339
0.112645 0.438964 0.163683 0.284708
0.283656 0.228530 0.169246 0.318569
0.207146 0.245705 0.483307 0.063842
0.356536 0.284064 0.257306 0.102093
0.617390 0.003581 0.337047 0.041982

MOTIF M5 O5
letter-probability matrix: alength= 4 w= 9 nsites= 11135 E= 1337.0e-6
0.328873 0.654782 0.000000 0.016345
0.192222 0.312685 0.113981 0.381111
0.011455 0.576598 0.411733 0.000214
0.349347 0.002360 0.276173 0.372119
0.117611 0.002297 0.764931 0.115161
0.158036 0.121722 0.530935 0.189307
0.051028 0.354430 0.513252 0.081290
0.338595 0.493775 0.060471 0.107159
0.184223 0.579838 0.059104 0.176835

MOTIF M6 O6
letter-probability matrix: alength= 4 w= 9 nsites= 9463 E= 1337.0e-6
0.329282 0.442249 0.226884 0.001585
0.051734 0.782741 0.080969 0.084556
0.183958 0.001253 0.213480 0.601309
0.455922 0.143778 0.375562 0.024738
0.069365 0.881905 0.046984 0.001746
0.698302 0.179487 0.073260 0.048951
0.291851 0.176100 0.369587 0.162462
0.074968 0.697934 0.122874 0.104224
0.164646 0.170330 0.000000 0.665025

MOTIF M7 O7
letter-probability matrix: alength= 4 w= 9 nsites= 11014 E= 1337.0e-6
0.581623 0.118667 0.275286 0.024423
0.243074 0.261332 0.479426 0.016169
0.295163 0.199872 0.337342 0.167623
0.344987 0.014189 0.120096 0.520727
0.083193 0.541350 0.001087 0.374370
0.075286 0.364982 0.260531 0.299201
0.578021 0.065516 0.310978 0.045485
0.656023 0.113654 0.000000 0.230323
0.621695 0.000675 0.015866 0.361764

MOTIF M8 O8
letter-probability matrix: alength= 4 w= 9 nsites= 11184 E= 1337.0e-6
0.874374 0.002772 0.000805 0.122049
0.016541 0.008405 0.923104 0.051949
0.172198 0.312998 0.025136 0.489668
0.263719 0.177155 0.326023 0.233104
0.282720 0.187046 0.178984 0.351250
0.357207 0.087148 0.195028 0.360617
0.272131 0.165829 0.012121 0.549919
0.338739 0.273063 0.289730 0.098468
0.054829 0.260621 0.310185 0.374365

MOTIF M9 O9
letter-probability matrix: alength= 4 w= 9 nsites= 10951 E= 1337.0e-6
0.582047 0.016437 0.160442 0.241074
0.104191 0.223450 0.372934 0.299425
0.541182 0.135502 0.273477 0.049840
0.046123 0.218945 0.450202 0.284730
0.626208 0.037332 0.004690 0.331770
0.087060 0.484423 0.372324 0.056193
0.081178 0.320745 0.014868 0.583209
0.314781 0.615902 0.069317 0.000000
0.054544 0.236700 0.000931 0.707824

MOTIF M10 O10
letter-probability matrix: alength= 4 w= 9 nsites= 11162 E= 1337.0e-6
0.000090 0.998746 0.001165 0.000000
0.559512 0.000000 0.001884 0.438604
0.033833 0.368303 0.398546 0.199318
0.183303 0.216697 0.122621 0.477379
0.070851 0.155981 0.188847 0.584321
0.470583 0.083985 0.257163 0.188269
0.316348 0.098050 0.226746 0.358857
0.351724 0.004320 0.294663 0.349293
0.285417 0.303228 0.351777 0.059579

MOTIF M11 O11
letter-probability matrix: alength= 4 w= 9 nsites= 11161 E= 1337.0e-6
0.439118 0.000000 0.259027 0.301855
0.000000 0.999283 0.000269 0.000448
0.508117 0.055431 0.302269 0.134182
0.133202 0.079885 0.107890 0.679023
0.162439 0.316784 0.108203 0.412574
0.323506 0.208457 0.335587 0.132450
0.329361 0.336493 0.136873 0.197273
0.464596 0.131021 0.269468 0.134915
0.229871 0.257682 0.399836 0.112611

MOTIF M12 O12
letter-probability matrix: alength= 4 w= 9 nsites= 10357 E= 1337.0e-6
0.349136 0.356088 0.092208 0.202568
0.029642 0.398861 0.154195 0.417302
0.439703 0.151685 0.087187 0.321425
0.485839 0.200483 0.068149 0.245529
0.101626 0.436992 0.000968 0.460414
0.561975 0.025571 0.359945 0.052508
0.013337 0.228597 0.003825 0.754241
0.745324 0.000000 0.249801 0.004875
0.246674 0.111734 0.417925 0.223667

MOTIF M13 O13
letter-probability matrix: alength= 4 w= 9 nsites= 10998 E= 1337.0e-6
0.363521 0.042189 0.577923 0.016367
0.000000 0.000276 0.278198 0.721526
0.798784 0.010009 0.187933 0.003274
0.080503 0.503547 0.111815 0.304134
0.543320 0.020727 0.030943 0.405010
0.171542 0.224988 0.341101 0.262370
0.401939 0.103061 0.164082 0.330918
0.342469 0.070279 0.474099 0.113153
0.395307 0.063894 0.265843 0.274955

MOTIF M14 O14
letter-probability matrix: alength= 4 w= 9 nsites= 10306 E= 1337.0e-6
0.052106 0.042208 0.028624 0.877062
0.137444 0.274058 0.267933 0.320565
0.109698 0.337609 0.232003 0.320690
0.159647 0.194454 0.437638 0.208261
0.054451 0.015877 0.135246 0.794425
0.066047 0.507392 0.426443 0.000119
0.000000 0.195979 0.099038 0.704983
0.029879 0.395108 0.169062 0.405951
0.000258 0.676907 0.097973 0.224861

MOTIF M15 O15
letter-probability matrix: alength= 4 w= 9 nsites= 7101 E= 1337.0e-6
0.369666 0.467258 0.163076 0.000000
0.443740 0.130827 0.384171 0.041262
0.001127 0.340515 0.656809 0.001549
0.241924 0.363662 0.191000 0.203414
0.013452 0.353463 0.615341 0.017745
0.060466 0.644112 0.243449 0.051972
0.000000 0.222627 0.413221 0.364153
0.021152 0.195040 0.360467 0.423341
0.150822 0.274061 0.379108 0.196009

MOTIF M16 O16
letter-probability matrix: alength= 4 w= 9 nsites= 11158 E= 1337.0e-6
0.000090 0.999910 0.000000 0.000000
0.650013 0.005740 0.044399 0.299848
0.141766 0.586291 0.091905 0.180038
0.190346 0.439687 0.135442 0.234524
0.295694 0.261132 0.151778 0.291396
0.357006 0.148440 0.256429 0.238126
0.253737 0.158001 0.319120 0.269143
0.259954 0.035402 0.460322 0.244322
0.015212 0.629719 0.234487 0.120583

MOTIF M17 O17
letter-probability matrix: alength= 4 w= 9 nsites= 10951 E= 1337.0e-6
0.033878 0.716099 0.003835 0.246188
0.656978 0.186283 0.153285 0.003453
0.000000 0.084527 0.210020 0.705452
0.445528 0.168148 0.318138 0.068186
0.228004 0.234399 0.240116 0.297481
0.281771 0.049839 0.158978 0.509412
0.234639 0.139264 0.012723 0.613374
0.585959 0.114211 0.291429 0.008401
0.275571 0.168817 0.087862 0.467750

MOTIF M18 O18
letter-probability matrix: alength= 4 w= 9 nsites= 11173 E= 1337.0e-6
0.646380 0.119574 0.000000 0.234046
0.001522 0.000269 0.998031 0.000179
0.039785 0.115860 0.545968 0.298387
0.104197 0.463594 0.000000 0.432209
0.304637 0.232566 0.120507 0.342290
0.298064 0.257542 0.285187 0.159208
0.320993 0.142935 0.276388 0.259684
0.319855 0.214021 0.411036 0.055088
0.512797 0.090081 0.147828 0.249294

MOTIF M19 O19
letter-probability matrix: alength= 4 w= 9 nsites= 11071 E= 1337.0e-6
0.176949 0.432120 0.020143 0.370789
0.215599 0.390808 0.104828 0.288765
0.378010 0.289901 0.225406 0.106683
0.507067 0.117226 0.141821 0.233886
0.378037 0.005790 0.183371 0.432802
0.017253 0.672681 0.309672 0.000394
0.151284 0.483172 0.110439 0.255106
0.624291 0.003136 0.347003 0.025570
0.000983 0.022116 0.966458 0.010444

MOTIF M20 O20
letter-probability matrix: alength= 4 w= 9 nsites= 10430 E= 1337.0e-6
0.688782 0.046788 0.020326 0.244104
0.270966 0.053651 0.204726 0.470657
0.224648 0.513312 0.061962 0.200078
0.436923 0.118030 0.077216 0.367830
0.408452 0.399151 0.142857 0.049540
0.000000 0.000104 0.223044 0.776852
0.639824 0.038272 0.319597 0.002307
0.433376 0.003278 0.248837 0.314509
0.462436 0.115879 0.105178 0.316506

MOTIF M21 O21
letter-probability matrix: alength= 4 w= 9 nsites= 11166 E= 1337.0e-6
0.750761 0.018628 0.012717 0.217894
0.005116 0.135882 0.848411 0.010591
0.584510 0.002733 0.026606 0.386150
0.047842 0.332873 0.220075 0.399209
0.222968 0.103774 0.046637 0.626620
0.509087 0.049497 0.399845 0.041570
0.182948 0.292970 0.253447 0.270635
0.328627 0.136961 0.209118 0.325294
0.068792 0.372088 0.292045 0.267075

MOTIF M22 O22
letter-probability matrix: alength= 4 w= 9 nsites= 11182 E= 1337.0e-6
0.694956 0.070828 0.000000 0.234216
0.000000 0.000000 0.997049 0.002951
0.278841 0.186729 0.028707 0.505723
0.186438 0.284487 0.259707 0.269368
0.231726 0.403507 0.110047 0.254720
0.269585 0.224998 0.346495 0.158922
0.490771 0.185036 0.213530 0.110663
0.441113 0.278815 0.116158 0.163914
0.221248 0.613924 0.115732 0.049096

MOTIF M23 O23
letter-probability matrix: alength= 4 w= 9 nsites= 11167 E= 1337.0e-6
0.734575 0.000985 0.000358 0.264082
0.087938 0.905794 0.000179 0.006089
0.330016 0.357809 0.031469 0.280706
0.219482 0.419230 0.174545 0.186743
0.364159 0.022535 0.158915 0.454390
0.222252 0.297863 0.261764 0.218121
0.419930 0.039427 0.297867 0.242776
0.117159 0.001805 0.241448 0.639588
0.240247 0.114122 0.434664 0.210967

MOTIF M24 O24
letter-probability matrix: alength= 4 w= 9 nsites= 11003 E= 1337.0e-6
0.349177 0.000000 0.001545 0.649277
0.000657 0.979910 0.018400 0.001033
0.412048 0.216749 0.000000 0.371203
0.292173 0.067286 0.488222 0.152319
0.039070 0.362717 0.596599 0.001614
0.521937 0.192936 0.115184 0.169943
0.237644 0.106748 0.226247 0.429361
0.091756 0.331407 0.257578 0.319259
0.226922 0.131911 0.469290 0.171877

MOTIF M25 O25
letter-probability matrix: alength= 4 w= 9 nsites= 11185 E= 1337.0e-6
0.280465 0.000000 0.613500 0.106035
0.000000 0.993293 0.006438 0.000268
0.543550 0.002059 0.160773 0.293617
0.256139 0.238752 0.278545 0.226564
0.199928 0.210890 0.182856 0.406326
0.220713 0.317258 0.256973 0.205057
0.045381 0.368459 0.421328 0.164832
0.587967 0.052871 0.206655 0.152507
0.091816 0.288081 0.409191 0.210912

MOTIF M26 O26
letter-probability matrix: alength= 4 w= 9 nsites= 11028 E= 1337.0e-6
0.000091 0.748186 0.250907 0.000816
0.163220 0.813146 0.000000 0.023634
0.088744 0.554939 0.145644 0.210672
0.149384 0.003424 0.466738 0.380454
0.419708 0.126554 0.029986 0.423752
0.153001 0.202614 0.154783 0.489602
0.096593 0.148998 0.413527 0.340882
0.267448 0.318594 0.264086 0.149873
0.295761 0.253480 0.258986 0.191772

MOTIF M27 O27
letter-probability matrix: alength= 4 w= 9 nsites= 10641 E= 1337.0e-6
0.054788 0.589794 0.170567 0.184851
0.787169 0.048548 0.013221 0.151062
0.050455 0.666705 0.008977 0.273864
0.422302 0.056351 0.253779 0.267568
0.051715 0.213960 0.181270 0.553055
0.427141 0.141118 0.002029 0.429712
0.660506 0.086301 0.251291 0.001903
0.122338 0.031950 0.176406 0.669306
0.560604 0.006649 0.111373 0.321374

MOTIF M28 O28
letter-probability matrix: alength= 4 w= 9 nsites= 11164 E= 1337.0e-6
0.000000 0.000000 1.000000 0.000000
0.582474 0.053278 0.000090 0.364158
0.090893 0.064872 0.713863 0.130372
0.208861 0.330188 0.138043 0.322908
0.200919 0.120857 0.046110 0.632115
0.254759 0.294723 0.303383 0.147136
0.247287 0.180897 0.312500 0.259316
0.376223 0.161381 0.245741 0.216655
0.170984 0.275520 0.401418 0.152077

MOTIF M29 O29
letter-probability matrix: alength= 4 w= 9 nsites= 11181 E= 1337.0e-6
0.801538 0.000000 0.000000 0.198462
0.005012 0.968319 0.024342 0.002327
0.395707 0.265089 0.196111 0.143093
0.078330 0.294292 0.325882 0.301496
0.268016 0.154068 0.080795 0.497121
0.423339 0.123330 0.396057 0.057274
0.155347 0.430957 0.214259 0.199437
0.334474 0.235054 0.189906 0.240566
0.033021 0.535031 0.200517 0.231432

MOTIF M30 O30
letter-probability matrix: alength= 4 w= 9 nsites= 11157 E= 1337.0e-6
0.115712 0.030564 0.016133 0.837591
0.075453 0.098520 0.675857 0.150170
0.584129 0.254652 0.001639 0.159580
0.308439 0.207729 0.102012 0.381820
0.161044 0.359164 0.176606 0.303185
0.395228 0.000000 0.283795 0.320978
0.296144 0.176961 0.223498 0.303397
0.035697 0.725000 0.237562 0.001741
0.000650 0.772302 0.064239 0.162809

MOTIF M31 O31
letter-probability matrix: alength= 4 w= 9 nsites= 11169 E= 1337.0e-6
0.000179 0.000000 0.999463 0.000358
0.216947 0.467574 0.000000 0.315478
0.032874 0.510570 0.300967 0.155589
0.263818 0.170743 0.200573 0.364866
0.242878 0.273696 0.103655 0.379771
0.279161 0.280864 0.075076 0.364899
0.199534 0.287519 0.223905 0.289042
0.505825 0.013533 0.165442 0.315200
0.331390 0.080650 0.560240 0.027720

MOTIF M32 O32
letter-probability matrix: alength= 4 w= 9 nsites= 11103 E= 1337.0e-6
0.005944 0.091237 0.902819 0.000000
0.130414 0.093412 0.000478 0.775696
0.539185 0.132935 0.164479 0.163401
0.163328 0.556203 0.018356 0.262114
0.334486 0.246185 0.193693 0.225636
0.244869 0.298953 0.149117 0.307061
0.452686 0.158833 0.000105 0.388376
0.467201 0.000427 0.111432 0.420940
0.234710 0.479452 0.162766 0.123072

MOTIF M33 O33
letter-probability matrix: alength= 4 w= 9 nsites= 9785 E= 1337.0e-6
0.449055 0.001942 0.548697 0.000307
0.079795 0.001449 0.905271 0.013485
0.472857 0.206049 0.008453 0.312640
0.528429 0.025519 0.036711 0.409342
0.136954 0.410228 0.115896 0.336922
0.330721 0.288976 0.125064 0.255239
0.291349 0.091869 0.173183 0.443599
0.461661 0.030035 0.223322 0.284982
0.000715 0.772654 0.000000 0.226631

MOTIF M34 O34
letter-probability matrix: alength= 4 w= 9 nsites= 11145 E= 1337.0e-6
0.299327 0.273665 0.000000 0.427008
0.213718 0.371653 0.109915 0.304715
0.148863 0.015778 0.279106 0.556252
0.000000 0.432286 0.557766 0.009948
0.602135 0.058701 0.272557 0.066607
0.304326 0.192995 0.441953 0.060726
0.089785 0.354917 0.509753 0.045546
0.234469 0.180186 0.000722 0.584623
0.003156 0.585104 0.411740 0.000000

MOTIF M35 O35
letter-probability matrix: alength= 4 w= 9 nsites= 11172 E= 1337.0e-6
0.995256 0.000000 0.000000 0.004744
0.000000 0.626745 0.159774 0.213480
0.490598 0.229405 0.133327 0.146669
0.154397 0.575945 0.049078 0.220580
0.275123 0.316809 0.074137 0.333931
0.464183 0.169928 0.063196 0.302693
0.158037 0.089266 0.414060 0.338637
0.443392 0.072621 0.206225 0.277763
0.457096 0.217016 0.091256 0.234632

MOTIF M36 O36
letter-probability matrix: alength= 4 w= 9 nsites= 11060 E= 1337.0e-6
0.242224 0.327848 0.319801 0.110127
0.302080 0.096383 0.448101 0.153436
0.377352 0.063857 0.540431 0.018361
0.456347 0.078078 0.421515 0.044060
0.423872 0.098332 0.118361 0.359434
0.264658 0.240516 0.332728 0.162098
0.144817 0.024060 0.088007 0.743116
0.049506 0.116560 0.026323 0.807611
0.003901 0.381572 0.296860 0.317667

MOTIF M37 O37
letter-probability matrix: alength= 4 w= 9 nsites= 11101 E= 1337.0e-6
0.316638 0.352401 0.003874 0.327088
0.199171 0.217458 0.155842 0.427529
0.159445 0.046392 0.024682 0.769480
0.842485 0.121360 0.036155 0.000000
0.012099 0.189074 0.561354 0.237472
0.162613 0.073791 0.321308 0.442288
0.255598 0.032526 0.588132 0.123745
0.281350 0.174375 0.308611 0.235665
0.321115 0.104755 0.239124 0.335005

MOTIF M38 O38
letter-probability matrix: alength= 4 w= 9 nsites= 10902 E= 1337.0e-6
0.001376 0.003944 0.514218 0.480462
0.527885 0.271326 0.002844 0.197945
0.259645 0.505662 0.103029 0.131664
0.127556 0.323373 0.073490 0.475581
0.321654 0.129415 0.215974 0.332957
0.192661 0.135110 0.470466 0.201764
0.205747 0.157184 0.000096 0.636973
0.257812 0.741127 0.000965 0.000096
0.119755 0.511382 0.056314 0.312549

MOTIF M39 O39
letter-probability matrix: alength= 4 w= 9 nsites= 11181 E= 1337.0e-6
0.476970 0.000000 0.000000 0.523030
0.002058 0.993467 0.004475 0.000000
0.630484 0.012739 0.141832 0.214946
0.064284 0.518675 0.175256 0.241785
0.385164 0.140947 0.235815 0.238074
0.163958 0.438947 0.305493 0.091602
0.283637 0.121480 0.166114 0.428769
0.336104 0.100486 0.298842 0.264569
0.298438 0.390819 0.129389 0.181354

MOTIF M40 O40
letter-probability matrix: alength= 4 w= 9 nsites= 10406 E= 1337.0e-6
0.225927 0.319815 0.174803 0.279454
0.601859 0.000835 0.386342 0.010964
0.011549 0.895433 0.043570 0.049449
0.101753 0.718496 0.109883 0.069868
0.196129 0.664605 0.131873 0.007393
0.459259 0.311248 0.042936 0.186557
0.467827 0.024441 0.320353 0.187379
0.249931 0.184575 0.094849 0.470645
0.321563 0.041172 0.430984 0.206281

MOTIF M41 O41
letter-probability matrix: alength= 4 w= 9 nsites= 11116 E= 1337.0e-6
0.904732 0.050738 0.001080 0.043451
0.098404 0.094074 0.046541 0.760981
0.190463 0.000546 0.339248 0.469742
0.327857 0.253235 0.254337 0.164571
0.591640 0.000000 0.142034 0.266326
0.138936 0.138095 0.417647 0.305322
0.443815 0.050992 0.302266 0.202927
0.370968 0.272762 0.263314 0.092957
0.188061 0.248334 0.024148 0.539457

MOTIF M42 O42
letter-probability matrix: alength= 4 w= 9 nsites= 10663 E= 1337.0e-6
0.004033 0.493013 0.272813 0.230142
0.380556 0.160045 0.258803 0.200595
0.364894 0.122870 0.156634 0.355601
0.367832 0.164264 0.466971 0.000933
0.016417 0.057980 0.861700 0.063903
0.009879 0.100998 0.658749 0.230373
0.172989 0.379741 0.338498 0.108772
0.079553 0.579770 0.159540 0.181137
0.399182 0.014703 0.440195 0.145921

MOTIF M43 O43
letter-probability matrix: alength= 4 w= 9 nsites= 7612 E= 1337.0e-6
0.090121 0.130583 0.139122 0.640173
0.429055 0.201064 0.061754 0.308126
0.399777 0.007143 0.132812 0.460268
0.251751 0.063955 0.584181 0.100113
0.393269 0.024666 0.571000 0.011065
0.009811 0.225648 0.764541 0.000000
0.055092 0.177916 0.372526 0.394467
0.005353 0.000730 0.717518 0.276399
0.005924 0.000000 0.899284 0.094791

MOTIF M44 O44
letter-probability matrix: alength= 4 w= 9 nsites= 11137 E= 1337.0e-6
0.000269 0.998923 0.000000 0.000808
0.542516 0.000000 0.308342 0.149142
0.109953 0.392831 0.054168 0.443047
0.094787 0.146014 0.437500 0.321699
0.403653 0.269283 0.046297 0.280767
0.149914 0.217529 0.326838 0.305719
0.260169 0.234962 0.285831 0.219037
0.074467 0.359711 0.111609 0.454213
0.148915 0.288868 0.304758 0.257460

MOTIF M45 O45
letter-probability matrix: alength= 4 w= 9 nsites= 11108 E= 1337.0e-6
0.347227 0.042132 0.077512 0.533129
0.344529 0.013543 0.173980 0.467949
0.019776 0.424237 0.129041 0.426946
0.385802 0.241830 0.179375 0.192992
0.454570 0.438472 0.040928 0.066030
0.309018 0.220858 0.326338 0.143787
0.071237 0.267116 0.437956 0.223690
0.491128 0.011674 0.080127 0.417071
0.851188 0.004244 0.142776 0.001792

MOTIF M46 O46
letter-probability matrix: alength= 4 w= 9 nsites= 10697 E= 1337.0e-6
0.187997 0.302795 0.008507 0.500701
0.446074 0.484957 0.043046 0.025922
0.027198 0.319670 0.168917 0.484216
0.850054 0.002264 0.127301 0.020380
0.132700 0.062389 0.489701 0.315211
0.706299 0.111510 0.105560 0.076631
0.204919 0.440293 0.031188 0.323600
0.052333 0.195556 0.213444 0.538667
0.432960 0.023675 0.313316 0.230050

MOTIF M47 O47
letter-probability matrix: alength= 4 w= 9 nsites= 11178 E= 1337.0e-6
0.487833 0.015298 0.000000 0.496869
0.030251 0.000810 0.934006 0.034933
0.000000 0.293570 0.242011 0.464419
0.089583 0.434636 0.286601 0.189180
0.273986 0.005012 0.333294 0.387709
0.230660 0.534554 0.133058 0.101728
0.481851 0.188805 0.262199 0.067145
0.325415 0.480227 0.096774 0.097584
0.054107 0.541905 0.144192 0.259796

MOTIF M48 O48
letter-probability matrix: alength= 4 w= 9 nsites= 11141 E= 1337.0e-6
0.000000 0.000000 0.999910 0.000090
0.206704 0.041899 0.000000 0.751397
0.161194 0.232906 0.566300 0.039599
0.426608 0.107624 0.133490 0.332278
0.217044 0.230281 0.193926 0.358749
0.362333 0.193051 0.200490 0.244126
0.260802 0.399873 0.129357 0.209967
0.513278 0.018643 0.213532 0.254547
0.500729 0.107221 0.279814 0.112236

MOTIF M49 O49
letter-probability matrix: alength= 4 w= 9 nsites= 11052 E= 1337.0e-6
0.002533 0.769363 0.115635 0.112468
0.064981 0.397761 0.535392 0.001865
0.351062 0.248266 0.073050 0.327622
0.344714 0.075536 0.343753 0.235997
0.064185 0.245497 0.419168 0.271149
0.111086 0.515732 0.188226 0.184955
0.026282 0.560727 0.000116 0.412875
0.212323 0.304270 0.108838 0.374569
0.004970 0.052000 0.614061 0.328970

MOTIF M50 O50
letter-probability matrix: alength= 4 w= 9 nsites= 10084 E= 1337.0e-6
0.473721 0.285898 0.066045 0.174336
0.355630 0.478760 0.162259 0.003350
0.483205 0.000603 0.069137 0.447055
0.000000 0.843087 0.154731 0.002182
0.284398 0.704798 0.000000 0.010804
0.001235 0.949794 0.031687 0.017284
0.635967 0.000000 0.101266 0.262767
0.019947 0.609929 0.083333 0.286791
0.189238 0.663475 0.000912 0.146375

MOTIF M51 O51
letter-probability matrix: alength= 4 w= 9 nsites= 11155 E= 1337.0e-6
0.000090 0.998835 0.000000 0.001076
0.221834 0.000090 0.229907 0.548170
0.234671 0.268785 0.455517 0.041027
0.282454 0.131614 0.308418 0.277513
0.207138 0.399533 0.118763 0.274566
0.250315 0.295017 0.040475 0.414193
0.182523 0.153936 0.441699 0.221841
0.611950 0.093465 0.137485 0.157100
0.539995 0.096657 0.287888 0.075460

MOTIF M52 O52
letter-probability matrix: alength= 4 w= 9 nsites= 10931 E= 1337.0e-6
0.488976 0.338121 0.001189 0.171713
0.403504 0.001743 0.003210 0.591543
0.098737 0.143609 0.574531 0.183123
0.474044 0.029272 0.436348 0.060335
0.055751 0.109299 0.254958 0.579991
0.226258 0.041490 0.001881 0.730371
0.023853 0.481076 0.205428 0.289643
0.221579 0.429452 0.003395 0.345573
0.550414 0.179095 0.269726 0.000765

MOTIF M53 O53
letter-probability matrix: alength= 4 w= 9 nsites= 8452 E= 1337.0e-6
0.232963 0.526858 0.048628 0.191552
0.006436 0.000000 0.986019 0.007545
0.037037 0.003268 0.770153 0.189542
0.155779 0.015075 0.662403 0.166743
0.255090 0.322964 0.004525 0.417421
0.031441 0.000873 0.944978 0.022707
0.042574 0.016832 0.861386 0.079208
0.004024 0.012072 0.939638 0.044266
0.359596 0.060606 0.092929 0.486869

MOTIF M54 O54
letter-probability matrix: alength= 4 w= 9 nsites= 10688 E= 1337.0e-6
0.242889 0.344311 0.018619 0.394180
0.304828 0.258608 0.432260 0.004304
0.040045 0.538361 0.206213 0.215382
0.000000 0.087445 0.220423 0.692132
0.796864 0.191594 0.000000 0.011542
0.502039 0.150874 0.005534 0.341553
0.234218 0.210128 0.282301 0.273353
0.065716 0.272138 0.390407 0.271739
0.119325 0.502522 0.046639 0.331514

MOTIF M55 O55
letter-probability matrix: alength= 4 w= 9 nsites= 11155 E= 1337.0e-6
0.000000 1.000000 0.000000 0.000000
0.365935 0.000000 0.018646 0.615419
0.034266 0.320416 0.258432 0.386886
0.247618 0.366349 0.244562 0.141470
0.383575 0.133508 0.133147 0.349770
0.087832 0.683968 0.050551 0.177649
0.277635 0.373184 0.195052 0.154129
0.386266 0.194852 0.266214 0.152667
0.405699 0.320866 0.077990 0.195444

MOTIF M56 O56
letter-probability matrix: alength= 4 w= 9 nsites= 9397 E= 1337.0e-6
0.438012 0.143982 0.137810 0.280196
0.352783 0.006798 0.321909 0.318510
0.000000 0.991246 0.008754 0.000000
0.051803 0.935500 0.012697 0.000000
0.000000 0.995012 0.004988 0.000000
0.421829 0.100295 0.009833 0.468043
0.353244 0.514933 0.131823 0.000000
0.178228 0.766275 0.044824 0.010672
0.030369 0.851410 0.036876 0.081345

MOTIF M57 O57
letter-probability matrix: alength= 4 w= 9 nsites= 11185 E= 1337.0e-6
0.069021 0.000000 0.819222 0.111757
0.000628 0.991381 0.000090 0.007901
0.497465 0.059479 0.073239 0.369817
0.267135 0.435199 0.066168 0.231498
0.315907 0.088061 0.222840 0.373192
0.337490 0.203406 0.096678 0.362427
0.175073 0.218677 0.216244 0.390007
0.241330 0.339192 0.130736 0.288741
0.226758 0.371206 0.262582 0.139454

MOTIF M58 O58
letter-probability matrix: alength= 4 w= 9 nsites= 10918 E= 1337.0e-6
0.035629 0.335409 0.552940 0.076021
0.011724 0.176498 0.062557 0.749221
0.012937 0.399027 0.530507 0.057528
0.543229 0.044615 0.395437 0.016719
0.080171 0.448084 0.272896 0.198849
0.196623 0.389423 0.086373 0.327581
0.115682 0.086998 0.112380 0.684941
0.175773 0.109463 0.478519 0.236245
0.060756 0.309302 0.187888 0.442054

MOTIF M59 O59
letter-probability matrix: alength= 4 w= 9 nsites= 11075 E= 1337.0e-6
0.025011 0.006230 0.952777 0.015982
0.156917 0.444352 0.047553 0.351177
0.570465 0.046914 0.305033 0.077588
0.227099 0.255594 0.253777 0.263530
0.402189 0.176177 0.393590 0.028044
0.329765 0.154179 0.082098 0.433959
0.334798 0.087169 0.326410 0.251623
0.212165 0.651903 0.045311 0.090621
0.041575 0.495549 0.068698 0.394177

MOTIF M60 O60
letter-probability matrix: alength= 4 w= 9 nsites= 10932 E= 1337.0e-6
0.000732 0.991493 0.007592 0.000183
0.498262 0.143889 0.002287 0.355562
0.029563 0.548292 0.393867 0.028278
0.130261 0.612739 0.097163 0.159837
0.369675 0.365751 0.045497 0.219077
0.201938 0.237208 0.362773 0.198081
0.198189 0.258341 0.188465 0.355005
0.477338 0.205877 0.069522 0.247263
0.112597 0.294864 0.499322 0.093217

MOTIF M61 O61
letter-probability matrix: alength= 4 w= 9 nsites= 8437 E= 1337.0e-6
0.894986 0.009482 0.095295 0.000237
0.071787 0.729448 0.183842 0.014923
0.184558 0.022837 0.103309 0.689296
0.064079 0.407060 0.130333 0.398528
0.620194 0.379059 0.000187 0.000560
0.030542 0.604729 0.364729 0.000000
0.272971 0.496292 0.008653 0.222085
0.227090 0.343069 0.024127 0.405714
0.302926 0.111015 0.207186 0.378873

MOTIF M62 O62
letter-probability matrix: alength= 4 w= 9 nsites= 11036 E= 1337.0e-6
0.063791 0.031624 0.334723 0.569862
0.018303 0.427609 0.179020 0.375068
0.041960 0.176433 0.167931 0.613676
0.250574 0.354605 0.351483 0.043339
0.603688 0.066253 0.296609 0.033451
0.766254 0.118315 0.094782 0.020649
0.595062 0.311886 0.005705 0.087347
0.416683 0.453852 0.075208 0.054258
0.286734 0.288846 0.244594 0.179825

MOTIF M63 O63
letter-probability matrix: alength= 4 w= 9 nsites= 11173 E= 1337.0e-6
0.000985 0.997941 0.000716 0.000358
0.377428 0.000000 0.527164 0.095409
0.313283 0.422216 0.107680 0.156821
0.237400 0.217080 0.110733 0.434787
0.261753 0.058386 0.421241 0.258619
0.245117 0.138506 0.253001 0.363376
0.226075 0.232258 0.334229 0.207437
0.228036 0.215113 0.414610 0.142242
0.134841 0.175284 0.300036 0.389840

MOTIF M64 O64
letter-probability matrix: alength= 4 w= 9 nsites= 11062 E= 1337.0e-6
0.198156 0.242542 0.331947 0.227355
0.003074 0.675014 0.275719 0.046194
0.653252 0.004718 0.008696 0.333333
0.209050 0.345550 0.317595 0.127805
0.020614 0.116810 0.311526 0.551050
0.083080 0.023737 0.222756 0.670427
0.076155 0.008506 0.738404 0.176936
0.146809 0.596931 0.237480 0.018780
0.244412 0.220002 0.212792 0.322793

MOTIF M65 O65
letter-probability matrix: alength= 4 w= 9 nsites= 11177 E= 1337.0e-6
0.050550 0.000089 0.841371 0.107990
0.000984 0.965017 0.024336 0.009663
0.226233 0.454087 0.151873 0.167807
0.236331 0.374695 0.185811 0.203163
0.147983 0.205396 0.255541 0.391079
0.323393 0.316574 0.321393 0.038640
0.347719 0.171720 0.223527 0.257034
0.395187 0.014274 0.243847 0.346692
0.154895 0.312552 0.346533 0.186021

MOTIF M66 O66
letter-probability matrix: alength= 4 w= 9 nsites= 10718 E= 1337.0e-6
0.617093 0.045344 0.337190 0.000373
0.626239 0.001059 0.346809 0.025893
0.114734 0.204253 0.576506 0.104506
0.000109 0.266551 0.062398 0.670942
0.008437 0.387895 0.112274 0.491394
0.054610 0.612247 0.135382 0.197761
0.328729 0.258633 0.261165 0.151473
0.144043 0.574905 0.193403 0.087648
0.358114 0.322221 0.068998 0.250668

MOTIF M67 O67
letter-probability matrix: alength= 4 w= 9 nsites= 9258 E= 1337.0e-6
0.253943 0.050227 0.455606 0.240225
0.282026 0.033052 0.684921 0.000000
0.157204 0.004923 0.598293 0.239580
0.681434 0.006233 0.043411 0.268923
0.210682 0.500909 0.211477 0.076932
0.010673 0.356580 0.591631 0.041116
0.425155 0.079678 0.178067 0.317100
0.075125 0.482750 0.149250 0.292875
0.659322 0.036296 0.202496 0.101885

MOTIF M68 O68
letter-probability matrix: alength= 4 w= 9 nsites= 10837 E= 1337.0e-6
0.025284 0.456123 0.244533 0.274061
0.306542 0.254406 0.226446 0.212605
0.005766 0.091880 0.305511 0.596843
0.638894 0.170273 0.017804 0.173028
0.098100 0.387300 0.503600 0.011000
0.060373 0.170124 0.336515 0.432988
0.149349 0.000320 0.365372 0.484958
0.886728 0.004395 0.046034 0.062843
0.247171 0.346779 0.109580 0.296471

MOTIF M69 O69
letter-probability matrix: alength= 4 w= 9 nsites= 11151 E= 1337.0e-6
0.000000 0.998834 0.001076 0.000090
0.523412 0.000359 0.000000 0.476229
0.157125 0.453069 0.187545 0.202261
0.265482 0.187130 0.050530 0.496859
0.094965 0.195763 0.411274 0.297998
0.110961 0.095161 0.312775 0.481102
0.219508 0.044279 0.187893 0.548320
0.199370 0.329915 0.023662 0.447054
0.189135 0.223498 0.351016 0.236350

MOTIF M70 O70
letter-probability matrix: alength= 4 w= 9 nsites= 11179 E= 1337.0e-6
0.107344 0.000000 0.710976 0.181680
0.000358 0.993738 0.005546 0.000358
0.567192 0.069432 0.098459 0.264917
0.089996 0.411527 0.154536 0.343940
0.160456 0.165215 0.082518 0.591811
0.365744 0.023724 0.225737 0.384795
0.278172 0.174026 0.258027 0.289774
0.215828 0.178246 0.247719 0.358208
0.336455 0.106484 0.271710 0.285351

MOTIF M71 O71
letter-probability matrix: alength= 4 w= 9 nsites= 10302 E= 1337.0e-6
0.667831 0.016599 0.010580 0.304989
0.077143 0.627079 0.227689 0.068090
0.039879 0.515931 0.002291 0.441899
0.488882 0.001934 0.316790 0.192394
0.195236 0.082010 0.690233 0.032521
0.144596 0.259985 0.132869 0.462551
0.250836 0.258305 0.009030 0.481828
0.040505 0.452384 0.078280 0.428831
0.710345 0.079018 0.103448 0.107189

MOTIF M72 O72
letter-probability matrix: alength= 4 w= 9 nsites= 10824 E= 1337.0e-6
0.532705 0.004804 0.155395 0.307095
0.002244 0.976625 0.016456 0.004675
0.049595 0.529117 0.054714 0.366574
0.322422 0.325885 0.263546 0.088147
0.050589 0.163895 0.553015 0.232502
0.282247 0.025797 0.000117 0.691839
0.215645 0.319390 0.088030 0.376935
0.347545 0.185406 0.085394 0.381654
0.446904 0.119871 0.194479 0.238747

MOTIF M73 O73
letter-probability matrix: alength= 4 w= 9 nsites= 9851 E= 1337.0e-6
0.098264 0.205360 0.629276 0.067100
0.209116 0.156837 0.033601 0.600447
0.454722 0.000000 0.290474 0.254804
0.626893 0.026914 0.037249 0.308944
0.180443 0.089141 0.000000 0.730417
0.466315 0.020698 0.004553 0.508434
0.407092 0.040553 0.222107 0.330249
0.320215 0.119015 0.210460 0.350310
0.328020 0.149506 0.208054 0.314419

MOTIF M74 O74
letter-probability matrix: alength= 4 w= 9 nsites= 10008 E= 1337.0e-6
0.185751 0.074341 0.705136 0.034772
0.171880 0.253786 0.358351 0.215983
0.144537 0.419210 0.403092 0.033162
0.625978 0.147532 0.175701 0.050790
0.124246 0.144561 0.728839 0.002355
0.000464 0.650533 0.344673 0.004330
0.095593 0.522828 0.114141 0.267438
0.011353 0.752189 0.159747 0.076711
0.223031 0.426208 0.164957 0.185804

MOTIF M75 O75
letter-probability matrix: alength= 4 w= 9 nsites= 10028 E= 1337.0e-6
0.418827 0.002094 0.293877 0.285201
0.003391 0.279218 0.427304 0.290088
0.017152 0.056243 0.467690 0.458915
0.287894 0.000698 0.447746 0.263662
0.542923 0.226692 0.071571 0.158814
0.017165 0.133307 0.162016 0.687513
0.021029 0.232029 0.604691 0.142251
0.725346 0.006042 0.260829 0.007783
0.212090 0.343099 0.323705 0.121106

MOTIF M76 O76
letter-probability matrix: alength= 4 w= 9 nsites= 10392 E= 1337.0e-6
0.046671 0.391455 0.064088 0.497787
0.030607 0.229813 0.650475 0.089105
0.610072 0.109637 0.278769 0.001523
0.009200 0.830415 0.160386 0.000000
0.059293 0.146671 0.097550 0.696486
0.365833 0.401730 0.173795 0.058642
0.401154 0.019962 0.131313 0.447571
0.019410 0.349023 0.295160 0.336407
0.353099 0.174960 0.192200 0.279741

MOTIF M77 O77
letter-probability matrix: alength= 4 w= 9 nsites= 11154 E= 1337.0e-6
0.000090 0.999910 0.000000 0.000000
0.543661 0.002152 0.105433 0.348754
0.085291 0.090135 0.384215 0.440359
0.102369 0.183564 0.160865 0.553203
0.231708 0.206931 0.511805 0.049556
0.577003 0.065270 0.281489 0.076238
0.179399 0.348877 0.380626 0.091098
0.103716 0.361088 0.314252 0.220944
0.216236 0.376370 0.109326 0.298068

MOTIF M78 O78
letter-probability matrix: alength= 4 w= 9 nsites= 11173 E= 1337.0e-6
0.000716 0.000000 0.999015 0.000269
0.185872 0.347032 0.000000 0.467096
0.190544 0.324678 0.304710 0.180068
0.353637 0.143318 0.178431 0.324615
0.249574 0.216405 0.340206 0.193814
0.200287 0.376446 0.071127 0.352139
0.135319 0.707735 0.073492 0.083453
0.584621 0.041113 0.110599 0.263667
0.490349 0.103851 0.307386 0.098414

MOTIF M79 O79
letter-probability matrix: alength= 4 w= 9 nsites= 11186 E= 1337.0e-6
0.792687 0.127391 0.000000 0.079921
0.000358 0.005453 0.994010 0.000179
0.031708 0.440133 0.069793 0.458367
0.180350 0.217611 0.229430 0.372609
0.368350 0.241857 0.038364 0.351430
0.413420 0.139749 0.083758 0.363074
0.325855 0.245600 0.230187 0.198358
0.421961 0.167095 0.097503 0.313441
0.085263 0.380846 0.223617 0.310274

MOTIF M80 O80
letter-probability matrix: alength= 4 w= 9 nsites= 11112 E= 1337.0e-6
0.822624 0.000270 0.000360 0.176746
0.004415 0.994144 0.001442 0.000000
0.159181 0.237164 0.004042 0.599614
0.177776 0.525377 0.143940 0.152907
0.437908 0.145191 0.124090 0.292810
0.297948 0.236485 0.273213 0.192355
0.352610 0.234792 0.261641 0.150958
0.430561 0.167582 0.306650 0.095207
0.200000 0.361841 0.179770 0.258389

MOTIF M81 O81
letter-probability matrix: alength= 4 w= 9 nsites= 9660 E= 1337.0e-6
0.477847 0.065010 0.000311 0.456832
0.445126 0.175802 0.272390 0.106682
0.002939 0.192411 0.326179 0.478472
0.524143 0.400441 0.044912 0.030504
0.446772 0.422225 0.022412 0.108591
0.000000 0.003817 0.549993 0.446190
0.067509 0.040445 0.447151 0.444896
0.390049 0.091523 0.298219 0.220209
0.003442 0.066646 0.013298 0.916615

MOTIF M82 O82
letter-probability matrix: alength= 4 w= 9 nsites= 10653 E= 1337.0e-6
0.003943 0.809162 0.148784 0.038111
0.072937 0.550268 0.374167 0.002628
0.218141 0.155505 0.059150 0.567204
0.027597 0.211039 0.169738 0.591627
0.369197 0.101123 0.451579 0.078101
0.193657 0.466941 0.107417 0.231985
0.190029 0.342788 0.006002 0.461181
0.134875 0.328775 0.230989 0.305362
0.312494 0.436419 0.033080 0.218007

MOTIF M83 O83
letter-probability matrix: alength= 4 w= 9 nsites= 11054 E= 1337.0e-6
0.188800 0.002533 0.808033 0.000633
0.028135 0.432242 0.531120 0.008504
0.284151 0.187624 0.094084 0.434141
0.019548 0.237647 0.205430 0.537376
0.162133 0.001995 0.487396 0.348477
0.144258 0.267453 0.355697 0.232592
0.359844 0.260771 0.048991 0.330394
0.361400 0.190997 0.369236 0.078367
0.138241 0.629796 0.081054 0.150909

MOTIF M84 O84
letter-probability matrix: alength= 4 w= 9 nsites= 11174 E= 1337.0e-6
0.000000 0.000805 0.999195 0.000000
0.386496 0.103519 0.000000 0.509985
0.113569 0.205374 0.438155 0.242902
0.101039 0.681118 0.033142 0.184701
0.347016 0.170192 0.062915 0.419878
0.440172 0.218338 0.151833 0.189657
0.436928 0.133501 0.268168 0.161403
0.357579 0.398438 0.126347 0.117636
0.148058 0.382746 0.250949 0.218248

MOTIF M85 O85
letter-probability matrix: alength= 4 w= 9 nsites= 11070 E= 1337.0e-6
0.916712 0.001265 0.002620 0.079404
0.304031 0.658750 0.008008 0.029211
0.098006 0.179333 0.284347 0.438314
0.205280 0.107609 0.686107 0.001004
0.104431 0.459799 0.000608 0.435162
0.322064 0.132566 0.343233 0.202137
0.346770 0.050439 0.257261 0.345530
0.341374 0.048977 0.275092 0.334557
0.289449 0.240131 0.350619 0.119801

MOTIF M86 O86
letter-probability matrix: alength= 4 w= 9 nsites= 10941 E= 1337.0e-6
0.433233 0.294489 0.093684 0.178594
0.259574 0.582671 0.043140 0.114615
0.114815 0.377160 0.003395 0.504630
0.184543 0.146207 0.021819 0.647431
0.142798 0.372098 0.220670 0.264434
0.018141 0.002061 0.174809 0.804989
0.085584 0.098463 0.812007 0.003947
0.742918 0.212354 0.005751 0.038978
0.167207 0.660834 0.000648 0.171311

MOTIF M87 O87
letter-probability matrix: alength= 4 w= 9 nsites= 11142 E= 1337.0e-6
0.220068 0.350565 0.155807 0.273560
0.328218 0.329474 0.096302 0.246006
0.298273 0.000452 0.352808 0.348467
0.179194 0.238861 0.209027 0.372919
0.246890 0.001185 0.088253 0.663672
0.000000 0.218372 0.000000 0.781628
0.018447 0.037300 0.900568 0.043685
0.260569 0.131367 0.568777 0.039286
0.298114 0.376263 0.118996 0.206627

MOTIF M88 O88
letter-probability matrix: alength= 4 w= 9 nsites= 10900 E= 1337.0e-6
0.574862 0.031376 0.173670 0.220092
0.405229 0.108165 0.361651 0.124954
0.000826 0.043323 0.067646 0.888206
0.515683 0.374354 0.109594 0.000369
0.118800 0.015512 0.331507 0.534182
0.376275 0.038825 0.222004 0.362896
0.315360 0.009846 0.494467 0.180326
0.490495 0.036981 0.280526 0.191998
0.170321 0.235328 0.274677 0.319674

MOTIF M89 O89
letter-probability matrix: alength= 4 w= 9 nsites= 11015 E= 1337.0e-6
0.260372 0.393917 0.009079 0.336632
0.325374 0.016523 0.101952 0.556151
0.346896 0.237757 0.212088 0.203259
0.411528 0.008861 0.125331 0.454280
0.324565 0.002383 0.288543 0.384510
0.543890 0.033585 0.391976 0.030548
0.000000 0.028950 0.222731 0.748319
0.522555 0.292692 0.180347 0.004406
0.116776 0.383861 0.078929 0.420433

MOTIF M90 O90
letter-probability matrix: alength= 4 w= 9 nsites= 2089 E= 1337.0e-6
0.066539 0.877453 0.021541 0.034466
0.166587 0.095261 0.040211 0.697942
0.049611 0.325164 0.008368 0.616856
0.956058 0.011299 0.021343 0.011299
0.000000 0.989783 0.001916 0.008301
0.030936 0.841454 0.012374 0.115236
0.154406 0.124495 0.116411 0.604689
0.071369 0.193361 0.351867 0.383402
0.193115 0.193955 0.177162 0.435768

MOTIF M91 O91
letter-probability matrix: alength= 4 w= 9 nsites= 11035 E= 1337.0e-6
0.162211 0.676484 0.000091 0.161214
0.897372 0.072752 0.028124 0.001752
0.000000 0.064600 0.052476 0.882925
0.488066 0.000373 0.213127 0.298434
0.412585 0.145238 0.178762 0.263414
0.138955 0.166365 0.297326 0.397354
0.179169 0.129900 0.387087 0.303843
0.280568 0.213757 0.126912 0.378762
0.368011 0.218077 0.225660 0.188252

MOTIF M92 O92
letter-probability matrix: alength= 4 w= 9 nsites= 10627 E= 1337.0e-6
0.056272 0.026160 0.551426 0.366143
0.008022 0.277473 0.323297 0.391209
0.609034 0.335880 0.000000 0.055086
0.236636 0.008297 0.754588 0.000479
0.208211 0.000000 0.470761 0.321028
0.421755 0.001424 0.545131 0.031690
0.490299 0.369538 0.004533 0.135630
0.014060 0.455123 0.341102 0.189715
0.712903 0.170322 0.015412 0.101363

MOTIF M93 O93
letter-probability matrix: alength= 4 w= 9 nsites= 10318 E= 1337.0e-6
0.206338 0.320120 0.471312 0.002229
0.228859 0.044090 0.129338 0.597712
0.000112 0.249665 0.335192 0.415031
0.469995 0.117499 0.008641 0.403865
0.667351 0.000000 0.019771 0.312877
0.055687 0.011923 0.597484 0.334906
0.248407 0.152407 0.049492 0.549695
0.340329 0.076955 0.277503 0.305213
0.070741 0.027906 0.860332 0.041021

MOTIF M94 O94
letter-probability matrix: alength= 4 w= 9 nsites= 8908 E= 1337.0e-6
0.486417 0.207342 0.205546 0.100696
0.503258 0.109030 0.021294 0.366418
0.372767 0.001690 0.176002 0.449541
0.022420 0.850019 0.126788 0.000773
0.000313 0.529706 0.030175 0.439806
0.512580 0.022365 0.324124 0.140931
0.105929 0.075450 0.809960 0.008661
0.378915 0.109128 0.000505 0.511452
0.452840 0.160074 0.030426 0.356660

MOTIF M95 O95
letter-probability matrix: alength= 4 w= 9 nsites= 11049 E= 1337.0e-6
0.000634 0.997737 0.000181 0.001448
0.778678 0.044792 0.162327 0.014202
0.526981 0.170683 0.241411 0.060925
0.376455 0.248673 0.031666 0.343206
0.107353 0.505685 0.256396 0.130567
0.332268 0.146426 0.185842 0.335464
0.185827 0.440846 0.136319 0.237008
0.260240 0.374226 0.231469 0.134066
0.205799 0.111437 0.485755 0.197009

MOTIF M96 O96
letter-probability matrix: alength= 4 w= 9 nsites= 10997 E= 1337.0e-6
0.090661 0.287715 0.000000 0.621624
0.028178 0.229952 0.171009 0.570861
0.696839 0.167057 0.136104 0.000000
0.009443 0.269935 0.461656 0.258966
0.465103 0.169892 0.110557 0.254448
0.294588 0.245556 0.273517 0.186339
0.589580 0.007129 0.150540 0.252752
0.676700 0.017078 0.172590 0.133632
0.748731 0.130116 0.014793 0.106360

MOTIF M97 O97
letter-probability matrix: alength= 4 w= 9 nsites= 10732 E= 1337.0e-6
0.027488 0.281588 0.222512 0.468412
0.898134 0.052780 0.012442 0.036645
0.144206 0.567780 0.285629 0.002385
0.101536 0.714541 0.169508 0.014415
0.418762 0.000000 0.289912 0.291327
0.075421 0.217946 0.109139 0.597493
0.014691 0.506536 0.206362 0.272412
0.433016 0.070565 0.219913 0.276506
0.347151 0.127917 0.209641 0.315291

MOTIF M98 O98
letter-probability matrix: alength= 4 w= 9 nsites= 10956 E= 1337.0e-6
0.968145 0.017707 0.000456 0.013691
0.075997 0.614228 0.121744 0.188031
0.024473 0.330063 0.013186 0.632278
0.223690 0.639905 0.117773 0.018631
0.648952 0.146421 0.006990 0.197638
0.266320 0.120425 0.340010 0.273244
0.381095 0.168542 0.285196 0.165166
0.540300 0.265573 0.105645 0.088482
0.184211 0.462074 0.177503 0.176213

MOTIF M99 O99
letter-probability matrix: alength= 4 w= 9 nsites= 11047 E= 1337.0e-6
0.185118 0.794876 0.018829 0.001177
0.008631 0.324008 0.036806 0.630556
0.612198 0.238640 0.144648 0.004514
0.204447 0.000604 0.352249 0.442700
0.254443 0.002625 0.422557 0.320376
0.603228 0.003756 0.319123 0.073894
0.347276 0.096095 0.427544 0.129085
0.056292 0.368161 0.242529 0.333018
0.134913 0.267446 0.276534 0.321108

MOTIF M100 O100
letter-probability matrix: alength= 4 w= 9 nsites= 11185 E= 1337.0e-6
0.765042 0.077515 0.000000 0.157443
0.001073 0.001430 0.997497 0.000000
0.355705 0.446532 0.046264 0.151499
0.229805 0.422891 0.021673 0.325631
0.262611 0.194606 0.104023 0.438760
0.499238 0.126803 0.181020 0.192938
0.165367 0.359595 0.287891 0.187147
0.320079 0.123328 0.109864 0.446728
0.148445 0.344930 0.135286 0.371338

MOTIF M101 O101
letter-probability matrix: alength= 4 w= 9 nsites= 11182 E= 1337.0e-6
0.168753 0.230907 0.138705 0.461635
0.118458 0.231100 0.486893 0.163550
0.071860 0.060950 0.577225 0.289965
0.003277 0.268002 0.645517 0.083204
0.380433 0.002934 0.588575 0.028058
0.335426 0.599575 0.051242 0.013757
0.639039 0.153896 0.006074 0.200990
0.244656 0.086260 0.232225 0.436858
0.320180 0.202943 0.185267 0.291611

MOTIF M102 O102
letter-probability matrix: alength= 4 w= 9 nsites= 10420 E= 1337.0e-6
0.185221 0.000384 0.687332 0.127063
0.473404 0.005552 0.219100 0.301943
0.165848 0.334667 0.311350 0.188136
0.042315 0.585047 0.216688 0.155949
0.573782 0.072556 0.347672 0.005990
0.539087 0.026898 0.006024 0.427991
0.002323 0.013790 0.335317 0.648570
0.507608 0.000000 0.102231 0.390161
0.155887 0.078689 0.717735 0.047690

MOTIF M103 O103
letter-probability matrix: alength= 4 w= 9 nsites= 11165 E= 1337.0e-6
0.001164 0.998836 0.000000 0.000000
0.455979 0.000090 0.289207 0.254725
0.201039 0.472227 0.266440 0.060294
0.321237 0.089068 0.395072 0.194624
0.232589 0.484539 0.058349 0.224523
0.216233 0.212287 0.161076 0.410404
0.350045 0.287601 0.168643 0.193711
0.410093 0.199514 0.205901 0.184492
0.119237 0.200597 0.565720 0.114446

MOTIF M104 O104
letter-probability matrix: alength= 4 w= 9 nsites= 9781 E= 1337.0e-6
0.589408 0.116450 0.165116 0.129026
0.135058 0.010531 0.658828 0.195583
0.364437 0.575478 0.045223 0.014862
0.615802 0.035040 0.313440 0.035718
0.049682 0.308261 0.082611 0.559445
0.003902 0.163882 0.134130 0.698086
0.375732 0.129936 0.066525 0.427806
0.651910 0.106501 0.237162 0.004427
0.447643 0.168662 0.138089 0.245605

MOTIF M105 O105
letter-probability matrix: alength= 4 w= 9 nsites= 9963 E= 1337.0e-6
0.339456 0.024691 0.052293 0.583559
0.404344 0.275559 0.008885 0.311211
0.190685 0.110774 0.035129 0.663412
0.542598 0.067653 0.030501 0.359248
0.196402 0.154307 0.008880 0.640411
0.548096 0.152197 0.298418 0.001289
0.098733 0.539837 0.182195 0.179235
0.245071 0.061207 0.034474 0.659248
0.047211 0.582559 0.065925 0.304305

MOTIF M106 O106
letter-probability matrix: alength= 4 w= 9 nsites= 10452 E= 1337.0e-6
0.312763 0.002679 0.587543 0.097015
0.036549 0.452060 0.235836 0.275555
0.153704 0.243287 0.447685 0.155324
0.329757 0.114105 0.555894 0.000244
0.202261 0.651463 0.145479 0.000798
0.000000 0.420325 0.093422 0.486253
0.000744 0.264325 0.079774 0.655157
0.000610 0.175637 0.027443 0.796310
0.076049 0.473345 0.246735 0.203872

MOTIF M107 O107
letter-probability matrix: alength= 4 w= 9 nsites= 9606 E= 1337.0e-6
0.338226 0.121591 0.539975 0.000208
0.197735 0.220991 0.485693 0.095580
0.035029 0.388775 0.548964 0.027231
0.010970 0.404219 0.512940 0.071871
0.005144 0.733105 0.108730 0.153022
0.270262 0.229078 0.083688 0.416972
0.478056 0.326657 0.140353 0.054934
0.061843 0.690339 0.069093 0.178725
0.139193 0.081146 0.497375 0.282286

MOTIF M108 O108
letter-probability matrix: alength= 4 w= 9 nsites= 11121 E= 1337.0e-6
0.376135 0.010880 0.000000 0.612984
0.020854 0.376907 0.024465 0.577774
0.118102 0.545488 0.318139 0.018270
0.419675 0.257565 0.099445 0.223314
0.229674 0.033531 0.288526 0.448269
0.233270 0.094596 0.486163 0.185972
0.102105 0.448218 0.014274 0.435403
0.007264 0.000000 0.419341 0.573395
0.070960 0.253921 0.494606 0.180514

MOTIF M109 O109
letter-probability matrix: alength= 4 w= 9 nsites= 6637 E= 1337.0e-6
0.498719 0.038873 0.146904 0.315504
0.310833 0.362664 0.089800 0.236703
0.202200 0.438451 0.021395 0.337954
0.538346 0.034052 0.027723 0.399879
0.348383 0.080842 0.284625 0.286150
0.086226 0.053370 0.000000 0.860404
0.521494 0.164452 0.310145 0.003908
0.000318 0.137498 0.005246 0.856938
0.789817 0.013871 0.124674 0.071638

MOTIF M110 O110
letter-probability matrix: alength= 4 w= 9 nsites= 10792 E= 1337.0e-6
0.374073 0.053929 0.042809 0.529188
0.000372 0.315765 0.141726 0.542136
0.022893 0.250686 0.047678 0.678744
0.043213 0.185932 0.432516 0.338339
0.018862 0.630001 0.028691 0.322446
0.113408 0.502382 0.133171 0.251039
0.233673 0.266070 0.488018 0.012239
0.162635 0.143366 0.472929 0.221070
0.391147 0.020274 0.360153 0.228426

MOTIF M111 O111
letter-probability matrix: alength= 4 w= 9 nsites= 11175 E= 1337.0e-6
0.000179 0.997673 0.002148 0.000000
0.199659 0.058533 0.188706 0.553102
0.329075 0.302177 0.208708 0.160040
0.391163 0.367218 0.070480 0.171139
0.466685 0.070885 0.312421 0.150009
0.320888 0.099955 0.311373 0.267784
0.469362 0.011290 0.394246 0.125102
0.256659 0.280183 0.347002 0.116156
0.379830 0.017471 0.523202 0.079497

MOTIF M112 O112
letter-probability matrix: alength= 4 w= 9 nsites= 11175 E= 1337.0e-6
0.331275 0.372707 0.131723 0.164295
0.321603 0.160982 0.279282 0.238134
0.350464 0.292233 0.091842 0.265462
0.366042 0.016897 0.119707 0.497353
0.001210 0.007864 0.730220 0.260707
0.002419 0.019674 0.834543 0.143364
0.005033 0.110192 0.884595 0.000180
0.438668 0.054394 0.000370 0.506568
0.328854 0.080054 0.524285 0.066807

MOTIF M113 O113
letter-probability matrix: alength= 4 w= 9 nsites= 11171 E= 1337.0e-6
0.838421 0.023901 0.009578 0.128100
0.056820 0.051801 0.864850 0.026528
0.294534 0.151988 0.002815 0.550663
0.079051 0.325857 0.495542 0.099550
0.366102 0.461111 0.034840 0.137947
0.533752 0.141478 0.204442 0.120328
0.354035 0.299002 0.090495 0.256467
0.359562 0.147485 0.151595 0.341358
0.472102 0.119479 0.363072 0.045347

MOTIF M114 O114
letter-probability matrix: alength= 4 w= 9 nsites= 9040 E= 1337.0e-6
0.418805 0.184513 0.285398 0.111283
0.527102 0.122566 0.245796 0.104535
0.524715 0.000000 0.462642 0.012642
0.011110 0.752928 0.023427 0.212535
0.417069 0.332310 0.016952 0.233669
0.087124 0.004644 0.804132 0.104100
0.001510 0.237288 0.761202 0.000000
0.352781 0.266372 0.000170 0.380677
0.125643 0.445149 0.009942 0.419266

MOTIF M115 O115
letter-probability matrix: alength= 4 w= 9 nsites= 11156 E= 1337.0e-6
0.084977 0.032718 0.606669 0.275636
0.157237 0.441930 0.022450 0.378383
0.506505 0.093531 0.130379 0.269584
0.635569 0.314231 0.016399 0.033801
0.066838 0.277422 0.000366 0.655374
0.521165 0.230407 0.213771 0.034658
0.381803 0.273607 0.151270 0.193320
0.591129 0.186238 0.198465 0.024168
0.638212 0.183484 0.090831 0.087474

MOTIF M116 O116
letter-probability matrix: alength= 4 w= 9 nsites= 11184 E= 1337.0e-6
0.332707 0.000089 0.618741 0.048462
0.007275 0.989851 0.002156 0.000719
0.349500 0.000000 0.201334 0.449166
0.064335 0.441236 0.361980 0.132448
0.312475 0.447684 0.084417 0.155425
0.388636 0.140137 0.177189 0.294039
0.286624 0.086353 0.570534 0.056490
0.329454 0.134942 0.223124 0.312480
0.146505 0.216836 0.318870 0.317788

MOTIF M117 O117
letter-probability matrix: alength= 4 w= 9 nsites= 11033 E= 1337.0e-6
0.960210 0.020937 0.012961 0.005891
0.000182 0.152205 0.197313 0.650300
0.882562 0.054209 0.025692 0.037536
0.256691 0.358363 0.079565 0.305380
0.344124 0.105000 0.340414 0.210463
0.460588 0.054952 0.274387 0.210073
0.269696 0.255904 0.274136 0.200265
0.290977 0.318873 0.191612 0.198538
0.342961 0.192775 0.241335 0.222929

MOTIF M118 O118
letter-probability matrix: alength= 4 w= 9 nsites= 10900 E= 1337.0e-6
0.310459 0.017798 0.136239 0.535505
0.039757 0.494548 0.154009 0.311686
0.036548 0.332122 0.041942 0.589388
0.755035 0.076316 0.148265 0.020383
0.107761 0.084733 0.664504 0.143003
0.694338 0.006498 0.131813 0.167352
0.553177 0.177437 0.112412 0.156974
0.085768 0.232408 0.079436 0.602389
0.023274 0.054408 0.747688 0.174630

MOTIF M119 O119
letter-probability matrix: alength= 4 w= 9 nsites= 10969 E= 1337.0e-6
0.370043 0.160635 0.004194 0.465129
0.102625 0.036129 0.225281 0.635965
0.395795 0.404502 0.187847 0.011856
0.282601 0.352499 0.054209 0.310691
0.093052 0.342062 0.514736 0.050150
0.053598 0.000395 0.333432 0.612575
0.369504 0.334812 0.295684 0.000000
0.796134 0.000411 0.035160 0.168294
0.241873 0.225358 0.084875 0.447894

MOTIF M120 O120
letter-probability matrix: alength= 4 w= 9 nsites= 10299 E= 1337.0e-6
0.134770 0.776289 0.058258 0.030683
0.090050 0.822567 0.071264 0.016119
0.370823 0.069252 0.186418 0.373507
0.221220 0.158053 0.060159 0.560569
0.392179 0.413128 0.160615 0.034078
0.205536 0.176721 0.431228 0.186515
0.176471 0.069204 0.428057 0.326269
0.266441 0.085626 0.551861 0.096072
0.081694 0.024929 0.876108 0.017270

MOTIF M121 O121
letter-probability matrix: alength= 4 w= 9 nsites= 11158 E= 1337.0e-6
0.143664 0.234540 0.052339 0.569457
0.079056 0.000000 0.763566 0.157378
0.255923 0.047680 0.162033 0.534365
0.562092 0.001328 0.372141 0.064440
0.285118 0.511524 0.041923 0.161435
0.223031 0.060887 0.081293 0.634789
0.169619 0.023501 0.643052 0.163828
0.470252 0.368875 0.017266 0.143607
0.163170 0.372348 0.002026 0.462455

MOTIF M122 O122
letter-probability matrix: alength= 4 w= 9 nsites= 10858 E= 1337.0e-6
0.140265 0.302081 0.008565 0.549088
0.393995 0.001750 0.174802 0.429453
0.241573 0.471726 0.151317 0.135384
0.259512 0.018240 0.097190 0.625058
0.061595 0.185615 0.570954 0.181835
0.684772 0.061451 0.072203 0.181574
0.347761 0.000093 0.376586 0.275560
0.067613 0.224375 0.085010 0.623002
0.648900 0.152886 0.193796 0.004418

MOTIF M123 O123
letter-probability matrix: alength= 4 w= 9 nsites= 10330 E= 1337.0e-6
0.635721 0.002517 0.065537 0.296225
0.708325 0.145015 0.093514 0.053146
0.141292 0.421037 0.168591 0.269080
0.038718 0.565502 0.371812 0.023968
0.251701 0.153912 0.183992 0.410395
0.424482 0.454865 0.062630 0.058023
0.360299 0.463959 0.115041 0.060701
0.119020 0.329709 0.513161 0.038109
0.099373 0.617948 0.000000 0.282679

MOTIF M124 O124
letter-probability matrix: alength= 4 w= 9 nsites= 10935 E= 1337.0e-6
0.286603 0.017010 0.682579 0.013809
0.117014 0.123173 0.758618 0.001195
0.168729 0.332841 0.314278 0.184152
0.350802 0.300714 0.025044 0.323439
0.426331 0.140336 0.225677 0.207656
0.327329 0.039497 0.479313 0.153861
0.064726 0.758998 0.123516 0.052761
0.380966 0.199771 0.257216 0.162046
0.488765 0.003761 0.140708 0.366766

MOTIF M125 O125
letter-probability matrix: alength= 4 w= 9 nsites= 11171 E= 1337.0e-6
0.001611 0.008236 0.984334 0.005819
0.035070 0.651538 0.062517 0.250875
0.061627 0.163528 0.295432 0.479413
0.255623 0.412610 0.030440 0.301328
0.509036 0.099355 0.290528 0.101081
0.334424 0.225223 0.279324 0.161029
0.353870 0.136911 0.310697 0.198521
0.208537 0.214990 0.415138 0.161335
0.066704 0.253175 0.277072 0.403048

MOTIF M126 O126
letter-probability matrix: alength= 4 w= 9 nsites= 10878 E= 1337.0e-6
0.520132 0.155451 0.125758 0.198658
0.120234 0.270248 0.095278 0.514241
0.236633 0.159047 0.418055 0.186265
0.341012 0.133699 0.347187 0.178102
0.000197 0.178526 0.131649 0.689628
0.225667 0.000401 0.701686 0.072246
0.597146 0.004077 0.000000 0.398777
0.000932 0.693558 0.274337 0.031172
0.540089 0.029456 0.313058 0.117397

MOTIF M127 O127
letter-probability matrix: alength= 4 w= 9 nsites= 10718 E= 1337.0e-6
0.010170 0.620638 0.000000 0.369192
0.109349 0.006811 0.260216 0.623624
0.239783 0.333397 0.267915 0.158905
0.475418 0.049453 0.045708 0.429422
0.270614 0.455010 0.138875 0.135500
0.330509 0.194858 0.020353 0.454280
0.366027 0.220981 0.105497 0.307495
0.528080 0.205087 0.078903 0.187930
0.012995 0.920218 0.023975 0.042813

MOTIF M128 O128
letter-probability matrix: alength= 4 w= 9 nsites= 11155 E= 1337.0e-6
0.115912 0.031645 0.703272 0.149171
0.303604 0.317437 0.000091 0.378868
0.313840 0.000370 0.004527 0.681264
0.444258 0.546865 0.006728 0.002149
0.055466 0.293720 0.125417 0.525398
0.305233 0.010562 0.213154 0.471051
0.185432 0.162894 0.473786 0.177887
0.366974 0.393371 0.132778 0.106877
0.122267 0.439676 0.141700 0.296356

MOTIF M129 O129
letter-probability matrix: alength= 4 w= 9 nsites= 10385 E= 1337.0e-6
0.073471 0.208185 0.701781 0.016562
0.083486 0.522292 0.212711 0.181512
0.045534 0.289417 0.552718 0.112330
0.136825 0.549054 0.211040 0.103082
0.411143 0.218741 0.100362 0.269754
0.094542 0.215197 0.440408 0.249853
0.427684 0.308899 0.146803 0.116614
0.089566 0.116941 0.463103 0.330391
0.115946 0.750600 0.132353 0.001100

MOTIF M130 O130
letter-probability matrix: alength= 4 w= 9 nsites= 11124 E= 1337.0e-6
0.372977 0.595379 0.000000 0.031643
0.873253 0.033084 0.093573 0.000090
0.486530 0.279425 0.200235 0.033809
0.342108 0.291107 0.131889 0.234896
0.281020 0.164028 0.311211 0.243741
0.028611 0.235463 0.298519 0.437407
0.150407 0.133009 0.287906 0.428678
0.003477 0.505357 0.481955 0.009211
0.016625 0.500475 0.146019 0.336880

MOTIF M131 O131
letter-probability matrix: alength= 4 w= 9 nsites= 10925 E= 1337.0e-6
0.008970 0.000000 0.003295 0.987735
0.907918 0.084119 0.007506 0.000458
0.219991 0.095002 0.108574 0.576433
0.373272 0.108203 0.176406 0.342120
0.323608 0.229693 0.158285 0.288413
0.128200 0.472461 0.161266 0.238073
0.244380 0.299225 0.206492 0.249903
0.261732 0.207932 0.243373 0.286962
0.216573 0.225433 0.367398 0.190596

MOTIF M132 O132
letter-probability matrix: alength= 4 w= 9 nsites= 11118 E= 1337.0e-6
0.012862 0.045872 0.932272 0.008994
0.381823 0.053864 0.412178 0.152135
0.395798 0.011633 0.572369 0.020200
0.031329 0.659815 0.222836 0.086020
0.249543 0.526518 0.044257 0.179682
0.539687 0.082873 0.148435 0.229006
0.211973 0.203183 0.283679 0.301166
0.212301 0.140481 0.273251 0.373966
0.229365 0.330445 0.251630 0.188560

MOTIF M133 O133
letter-probability matrix: alength= 4 w= 9 nsites= 7150 E= 1337.0e-6
0.008112 0.013287 0.002937 0.975664
0.943450 0.041837 0.014714 0.000000
0.153314 0.000182 0.177895 0.668609
0.374181 0.000000 0.001156 0.624663
0.372934 0.251993 0.000000 0.375073
0.378843 0.075647 0.124595 0.420914
0.306904 0.152838 0.217169 0.323090
0.302798 0.250777 0.154404 0.292021
0.224538 0.274293 0.177972 0.323198

MOTIF M134 O134
letter-probability matrix: alength= 4 w= 9 nsites= 10830 E= 1337.0e-6
0.046537 0.458541 0.271376 0.223546
0.191874 0.458910 0.079501 0.269714
0.431845 0.322613 0.176139 0.069402
0.798351 0.113838 0.086884 0.000926
0.005759 0.505202 0.187628 0.301412
0.004234 0.634892 0.001506 0.359368
0.255776 0.221264 0.401496 0.121465
0.307317 0.118146 0.573951 0.000585
0.236943 0.197010 0.311793 0.254254

MOTIF M135 O135
letter-probability matrix: alength= 4 w= 9 nsites= 10831 E= 1337.0e-6
0.229896 0.078109 0.038593 0.653402
0.137518 0.057008 0.626428 0.179047
0.634777 0.012252 0.211527 0.141443
0.032569 0.130076 0.772217 0.065138
0.102018 0.402670 0.211170 0.284142
0.184998 0.653850 0.055468 0.105683
0.000216 0.547434 0.191462 0.260888
0.178029 0.139872 0.109193 0.572905
0.382135 0.297339 0.039638 0.280888

MOTIF M136 O136
letter-probability matrix: alength= 4 w= 9 nsites= 11048 E= 1337.0e-6
0.978458 0.003168 0.008689 0.009685
0.014656 0.316937 0.219016 0.449391
0.028280 0.000000 0.822663 0.149057
0.098329 0.305354 0.507045 0.089271
0.517064 0.100946 0.082648 0.299342
0.137374 0.193908 0.364139 0.304579
0.190386 0.121606 0.205177 0.482831
0.194406 0.058407 0.378523 0.368664
0.132255 0.360410 0.312837 0.194498

MOTIF M137 O137
letter-probability matrix: alength= 4 w= 9 nsites= 11055 E= 1337.0e-6
0.122750 0.210583 0.000181 0.666486
0.630783 0.038710 0.233917 0.096590
0.424206 0.018972 0.447944 0.108879
0.000387 0.555319 0.196593 0.247701
0.438033 0.055653 0.471712 0.034603
0.067290 0.207611 0.130647 0.594451
0.126353 0.104811 0.235517 0.533318
0.009765 0.378222 0.383218 0.228795
0.026743 0.483592 0.044377 0.445288

MOTIF M138 O138
letter-probability matrix: alength= 4 w= 9 nsites= 10747 E= 1337.0e-6
0.135294 0.115660 0.369405 0.379641
0.000558 0.608821 0.094445 0.296176
0.491547 0.175056 0.000000 0.333398
0.465916 0.312282 0.124565 0.097236
0.374198 0.461496 0.008409 0.155897
0.292759 0.472456 0.001501 0.233283
0.146716 0.000119 0.005831 0.847335
0.002372 0.632414 0.361094 0.004120
0.680763 0.213770 0.000000 0.105467

MOTIF M139 O139
letter-probability matrix: alength= 4 w= 9 nsites= 10370 E= 1337.0e-6
0.225265 0.213500 0.037608 0.523626
0.121677 0.001466 0.043002 0.833855
0.622957 0.232920 0.124926 0.019197
0.014742 0.429801 0.061047 0.494410
0.426198 0.040375 0.290777 0.242650
0.348212 0.030266 0.475492 0.146031
0.224800 0.113665 0.259911 0.401624
0.626107 0.235694 0.049233 0.088966
0.659905 0.053357 0.167787 0.118951

MOTIF M140 O140
letter-probability matrix: alength= 4 w= 9 nsites= 10668 E= 1337.0e-6
0.241564 0.339239 0.360236 0.058961
0.483127 0.187102 0.309711 0.020060
0.564679 0.123266 0.243251 0.068804
0.356437 0.203880 0.240512 0.199171
0.165416 0.357801 0.171684 0.305099
0.025199 0.198391 0.021903 0.754507
0.029811 0.169520 0.054014 0.746655
0.033760 0.383775 0.104856 0.477609
0.033187 0.051379 0.590264 0.325170

MOTIF M141 O141
letter-probability matrix: alength= 4 w= 9 nsites= 11138 E= 1337.0e-6
0.624798 0.140420 0.092656 0.142126
0.180822 0.002963 0.811456 0.004758
0.157199 0.344239 0.134999 0.363563
0.000809 0.384069 0.191405 0.423717
0.211440 0.028150 0.092904 0.667506
0.081397 0.161084 0.655051 0.102467
0.215412 0.375935 0.090762 0.317891
0.510119 0.003253 0.154138 0.332490
0.122130 0.287179 0.463751 0.126939

MOTIF M142 O142
letter-probability matrix: alength= 4 w= 9 nsites= 11111 E= 1337.0e-6
0.899739 0.008010 0.002610 0.089641
0.004078 0.549343 0.419483 0.027096
0.000000 0.385611 0.498192 0.116197
0.265342 0.279077 0.012371 0.443211
0.231097 0.434184 0.209818 0.124901
0.319057 0.194383 0.373019 0.113541
0.247504 0.385073 0.253555 0.113868
0.099410 0.313289 0.286528 0.300773
0.000000 0.380250 0.363224 0.256527

MOTIF M143 O143
letter-probability matrix: alength= 4 w= 9 nsites= 11109 E= 1337.0e-6
0.557656 0.000180 0.376542 0.065622
0.194347 0.152129 0.346296 0.307228
0.003331 0.531191 0.021874 0.443604
0.176025 0.315367 0.452636 0.055971
0.610543 0.220544 0.104892 0.064020
0.544812 0.148165 0.293339 0.013684
0.409112 0.340866 0.157274 0.092749
0.239178 0.371963 0.130320 0.258539
0.114930 0.726349 0.023651 0.135070

MOTIF M144 O144
letter-probability matrix: alength= 4 w= 9 nsites= 9768 E= 1337.0e-6
0.340807 0.299959 0.008497 0.350737
0.396717 0.257774 0.000000 0.345509
0.030080 0.808397 0.012533 0.148990
0.256336 0.728226 0.013691 0.001748
0.143152 0.828975 0.008603 0.019270
0.421189 0.024732 0.000000 0.554079
0.456120 0.362972 0.048884 0.132025
0.161126 0.199844 0.378960 0.260070
0.006786 0.230339 0.013573 0.749301

MOTIF M145 O145
letter-probability matrix: alength= 4 w= 9 nsites= 10700 E= 1337.0e-6
0.142804 0.307757 0.115140 0.434299
0.575133 0.129248 0.162345 0.133274
0.005869 0.451751 0.538997 0.003382
0.121395 0.455839 0.345084 0.077682
0.396091 0.140899 0.009909 0.453102
0.586615 0.066926 0.272993 0.073466
0.274562 0.000282 0.724873 0.000282
0.006848 0.709088 0.013982 0.270081
0.034786 0.451930 0.114634 0.398650

MOTIF M146 O146
letter-probability matrix: alength= 4 w= 9 nsites= 10773 E= 1337.0e-6
0.388657 0.060800 0.146013 0.404530
0.305672 0.067019 0.517497 0.109812
0.439803 0.078530 0.398218 0.083449
0.053618 0.733775 0.201697 0.010910
0.008075 0.315599 0.019286 0.657040
0.046710 0.070113 0.486764 0.396413
0.446921 0.361706 0.185196 0.006176
0.064557 0.535134 0.053329 0.346980
0.192933 0.116422 0.335053 0.355592

MOTIF M147 O147
letter-probability matrix: alength= 4 w= 9 nsites= 10810 E= 1337.0e-6
0.000000 0.053839 0.009158 0.937003
0.821792 0.129434 0.048585 0.000189
0.104599 0.249068 0.166842 0.479491
0.274684 0.171641 0.073295 0.480380
0.174665 0.480079 0.078689 0.266567
0.182671 0.348929 0.077694 0.390707
0.295501 0.355715 0.073392 0.275392
0.310041 0.117470 0.118979 0.453511
0.143334 0.401763 0.012630 0.442273

MOTIF M148 O148
letter-probability matrix: alength= 4 w= 9 nsites= 9946 E= 1337.0e-6
0.127187 0.194148 0.358134 0.320531
0.482003 0.294289 0.156244 0.067464
0.178866 0.054997 0.577619 0.188518
0.119408 0.042492 0.746885 0.091216
0.136444 0.847761 0.002286 0.013509
0.354253 0.255045 0.062018 0.328685
0.362211 0.311640 0.270564 0.055585
0.323962 0.428849 0.245891 0.001298
0.020842 0.641641 0.094718 0.242798

MOTIF M149 O149
letter-probability matrix: alength= 4 w= 9 nsites= 10976 E= 1337.0e-6
0.000000 0.240980 0.752642 0.006378
0.146398 0.220290 0.000000 0.633312
0.213226 0.494364 0.275221 0.017190
0.560504 0.084648 0.263755 0.091093
0.338370 0.317801 0.037044 0.306785
0.309943 0.337320 0.303024 0.049713
0.310015 0.316116 0.367158 0.006711
0.001896 0.564686 0.167615 0.265803
0.017991 0.286664 0.275433 0.419911

MOTIF M150 O150
letter-probability matrix: alength= 4 w= 9 nsites= 10870 E= 1337.0e-6
0.241398 0.240846 0.468077 0.049678
0.583076 0.071387 0.001642 0.343895
0.183217 0.305193 0.319567 0.192023
0.027716 0.233609 0.005590 0.733085
0.078462 0.112107 0.547935 0.261496
0.122505 0.019101 0.775528 0.082867
0.379638 0.184615 0.402413 0.033333
0.001080 0.196944 0.028862 0.773113
0.004829 0.621700 0.030264 0.343207

MOTIF M151 O151
letter-probability matrix: alength= 4 w= 9 nsites= 10698 E= 1337.0e-6
0.364928 0.062629 0.055805 0.516639
0.678904 0.011558 0.266511 0.043026
0.391240 0.205161 0.062488 0.341111
0.480545 0.074571 0.238240 0.206644
0.527578 0.000000 0.418700 0.053722
0.005888 0.198717 0.148144 0.647251
0.780232 0.037566 0.062358 0.119844
0.240470 0.091919 0.605859 0.061751
0.543382 0.146830 0.132036 0.177753

MOTIF M152 O152
letter-probability matrix: alength= 4 w= 9 nsites= 11149 E= 1337.0e-6
0.796125 0.074356 0.055610 0.073908
0.170840 0.095634 0.603634 0.129892
0.001923 0.196393 0.225874 0.575810
0.000000 0.770247 0.122080 0.107674
0.474317 0.013616 0.096347 0.415720
0.169906 0.003982 0.435005 0.391106
0.094880 0.335078 0.476970 0.093072
0.184666 0.250961 0.394696 0.169677
0.357794 0.236429 0.125921 0.279857

MOTIF M153 O153
letter-probability matrix: alength= 4 w= 9 nsites= 6963 E= 1337.0e-6
0.379003 0.163579 0.232802 0.224616
0.001564 0.054426 0.083359 0.860651
0.436459 0.002318 0.459220 0.102002
0.400051 0.410412 0.010614 0.178923
0.234981 0.239124 0.440071 0.085824
0.000000 0.005696 0.002215 0.992089
0.321452 0.678218 0.000000 0.000330
0.998974 0.000000 0.001026 0.000000
0.017141 0.310593 0.160439 0.511827

MOTIF M154 O154
letter-probability matrix: alength= 4 w= 9 nsites= 11160 E= 1337.0e-6
0.011738 0.001971 0.983781 0.002509
0.406989 0.000448 0.161559 0.431004
0.034591 0.524868 0.224214 0.216328
0.117705 0.471627 0.022591 0.388077
0.307388 0.039860 0.242302 0.410450
0.189890 0.165918 0.387951 0.256240
0.386108 0.176296 0.192201 0.245395
0.185345 0.474660 0.130975 0.209020
0.056986 0.452877 0.048767 0.441370

MOTIF M155 O155
letter-probability matrix: alength= 4 w= 9 nsites= 10872 E= 1337.0e-6
0.394224 0.056199 0.009106 0.540471
0.442879 0.069868 0.179413 0.307840
0.023169 0.658239 0.131129 0.187464
0.956915 0.005349 0.028594 0.009142
0.019581 0.275694 0.261081 0.443643
0.309222 0.151855 0.396122 0.142801
0.177802 0.248288 0.356597 0.217314
0.234359 0.460471 0.099980 0.205190
0.000207 0.707504 0.036795 0.255493

MOTIF M156 O156
letter-probability matrix: alength= 4 w= 9 nsites= 1777 E= 1337.0e-6
0.108047 0.057400 0.732696 0.101857
0.007316 0.041080 0.948790 0.002814
0.002814 0.023073 0.001688 0.972425
0.455901 0.054037 0.455280 0.034783
0.783398 0.034371 0.153048 0.029183
0.007185 0.030046 0.936643 0.026127
0.153236 0.106341 0.116909 0.623514
0.363392 0.201211 0.280619 0.154778
0.304590 0.280250 0.180807 0.234353

MOTIF M157 O157
letter-probability matrix: alength= 4 w= 9 nsites= 10767 E= 1337.0e-6
0.161141 0.147673 0.011981 0.679205
0.038298 0.349873 0.373644 0.238185
0.567965 0.154985 0.100934 0.176115
0.289250 0.081617 0.498111 0.131022
0.428409 0.279076 0.287120 0.005394
0.125024 0.433454 0.376685 0.064838
0.239759 0.337194 0.033786 0.389261
0.164778 0.664192 0.000000 0.171029
0.000606 0.711385 0.010001 0.278008

MOTIF M158 O158
letter-probability matrix: alength= 4 w= 9 nsites= 11015 E= 1337.0e-6
0.337449 0.040127 0.597095 0.025329
0.165956 0.087245 0.626055 0.120744
0.052334 0.544616 0.110969 0.292081
0.239704 0.165664 0.127071 0.467561
0.008662 0.429583 0.275242 0.286513
0.366074 0.358830 0.275002 0.000094
0.259078 0.386683 0.050363 0.303876
0.186095 0.103955 0.040596 0.669354
0.023608 0.702207 0.080710 0.193474

MOTIF M159 O159
letter-probability matrix: alength= 4 w= 9 nsites= 11178 E= 1337.0e-6
0.064412 0.000000 0.706030 0.229558
0.002505 0.954911 0.000000 0.042584
0.434365 0.069717 0.199641 0.296276
0.153895 0.223789 0.301590 0.320726
0.230984 0.170222 0.006121 0.592673
0.218646 0.154450 0.095122 0.531783
0.224178 0.318617 0.177140 0.280065
0.424033 0.040298 0.277818 0.257851
0.233009 0.273133 0.364662 0.129197

MOTIF M160 O160
letter-probability matrix: alength= 4 w= 9 nsites= 10967 E= 1337.0e-6
0.211361 0.546366 0.119540 0.122732
0.173659 0.059004 0.462931 0.304406
0.067595 0.087278 0.206337 0.638790
0.403878 0.149223 0.293624 0.153275
0.346035 0.070213 0.131141 0.452611
0.024976 0.218367 0.003887 0.752770
0.816943 0.073046 0.109521 0.000490
0.179389 0.289941 0.167456 0.363215
0.372758 0.079186 0.055914 0.492142

MOTIF M161 O161
letter-probability matrix: alength= 4 w= 9 nsites= 10679 E= 1337.0e-6
0.576084 0.004869 0.185504 0.233542
0.224806 0.035129 0.438819 0.301246
0.083087 0.361029 0.345820 0.210064
0.071594 0.151177 0.160219 0.617010
0.049040 0.098514 0.661170 0.191277
0.202257 0.042438 0.405643 0.349661
0.661191 0.175907 0.162902 0.000000
0.020014 0.001955 0.167817 0.810214
0.000000 0.000000 0.412614 0.587386

MOTIF M162 O162
letter-probability matrix: alength= 4 w= 9 nsites= 10065 E= 1337.0e-6
0.102434 0.536314 0.300149 0.061103
0.242399 0.470120 0.265045 0.022437
0.551629 0.195161 0.196965 0.056245
0.047223 0.601748 0.351029 0.000000
0.000540 0.550621 0.042355 0.406483
0.002073 0.556998 0.015054 0.425875
0.024857 0.265178 0.166410 0.543555
0.285287 0.281849 0.367557 0.065307
0.160827 0.336781 0.322545 0.179847

MOTIF M163 O163
letter-probability matrix: alength= 4 w= 9 nsites= 10731 E= 1337.0e-6
0.322803 0.173330 0.343211 0.160656
0.418629 0.012009 0.097589 0.471773
0.000000 0.045163 0.933106 0.021730
0.021803 0.246347 0.301416 0.430434
0.760528 0.050835 0.187889 0.000748
0.008245 0.026129 0.324835 0.640791
0.585407 0.000130 0.136287 0.278176
0.149752 0.309312 0.363720 0.177217
0.074569 0.255780 0.285180 0.384471

MOTIF M164 O164
letter-probability matrix: alength= 4 w= 9 nsites= 10979 E= 1337.0e-6
0.070043 0.236178 0.130613 0.563166
0.309687 0.191239 0.386460 0.112613
0.421497 0.420747 0.156162 0.001594
0.193018 0.035006 0.550527 0.221449
0.182954 0.001083 0.107667 0.708296
0.052340 0.124546 0.781969 0.041146
0.003782 0.508142 0.331022 0.157054
0.072668 0.473541 0.002182 0.451609
0.393428 0.287744 0.153086 0.165742

MOTIF M165 O165
letter-probability matrix: alength= 4 w= 9 nsites= 10170 E= 1337.0e-6
0.037660 0.892035 0.070108 0.000197
0.135693 0.469449 0.022481 0.372377
0.376241 0.000000 0.440789 0.182969
0.000126 0.034975 0.784470 0.180429
0.595035 0.028771 0.007002 0.369192
0.233466 0.021492 0.222848 0.522195
0.126130 0.210347 0.204453 0.459070
0.271588 0.006466 0.224572 0.497373
0.445534 0.154684 0.272195 0.127587

MOTIF M166 O166
letter-probability matrix: alength= 4 w= 9 nsites= 10416 E= 1337.0e-6
0.675115 0.216206 0.052515 0.056164
0.346255 0.159332 0.296318 0.198096
0.326895 0.210217 0.135602 0.327287
0.125185 0.251748 0.330937 0.292130
0.697649 0.000199 0.063260 0.238892
0.372537 0.000101 0.407093 0.220269
0.419733 0.273690 0.000514 0.306064
0.022333 0.002329 0.104361 0.870978
0.589398 0.345066 0.000000 0.065537

MOTIF M167 O167
letter-probability matrix: alength= 4 w= 9 nsites= 10869 E= 1337.0e-6
0.072040 0.225228 0.595271 0.107462
0.164762 0.831259 0.000714 0.003265
0.441931 0.116024 0.002940 0.439104
0.181409 0.274010 0.249704 0.294878
0.454418 0.000000 0.282504 0.263078
0.406178 0.281725 0.016474 0.295624
0.332935 0.014475 0.000531 0.652058
0.026132 0.836366 0.044876 0.092626
0.243885 0.300958 0.010442 0.444715

MOTIF M168 O168
letter-probability matrix: alength= 4 w= 9 nsites= 11156 E= 1337.0e-6
0.000179 0.999821 0.000000 0.000000
0.323055 0.000000 0.074131 0.602815
0.221824 0.570609 0.166951 0.040617
0.374428 0.130100 0.276518 0.218955
0.232852 0.294271 0.078723 0.394154
0.267820 0.012553 0.516722 0.202905
0.086032 0.248318 0.374451 0.291199
0.278547 0.199245 0.323773 0.198436
0.389553 0.219355 0.116603 0.274489

MOTIF M169 O169
letter-probability matrix: alength= 4 w= 9 nsites= 11175 E= 1337.0e-6
0.489843 0.000000 0.000716 0.509441
0.004567 0.331065 0.161368 0.503000
0.025047 0.089775 0.165096 0.720083
0.021319 0.547090 0.281281 0.150310
0.145471 0.212528 0.156827 0.485174
0.121625 0.566862 0.231964 0.079549
0.353937 0.051131 0.025068 0.569864
0.476958 0.042350 0.398543 0.082149
0.126842 0.193466 0.369909 0.309783

MOTIF M170 O170
letter-probability matrix: alength= 4 w= 9 nsites= 1296 E= 1337.0e-6
0.209105 0.155093 0.333333 0.302469
0.472994 0.137346 0.364969 0.024691
0.000000 0.032407 0.000000 0.967593
0.000000 0.000772 0.839506 0.159722
0.881107 0.039088 0.008958 0.070847
0.055272 0.468537 0.363095 0.113095
0.118919 0.016216 0.119820 0.745045
0.127542 0.872458 0.000000 0.000000
0.956685 0.000000 0.036723 0.006591

MOTIF M171 O171
letter-probability matrix: alength= 4 w= 9 nsites= 10914 E= 1337.0e-6
0.066337 0.848726 0.070185 0.014752
0.094152 0.556651 0.322069 0.027129
0.041078 0.721279 0.047339 0.190305
0.319701 0.174600 0.226128 0.279571
0.153632 0.299952 0.469553 0.076864
0.248428 0.077682 0.238561 0.435329
0.358005 0.219127 0.340378 0.082489
0.072532 0.372798 0.263065 0.291605
0.120386 0.262938 0.039044 0.577631

MOTIF M172 O172
letter-probability matrix: alength= 4 w= 9 nsites= 10973 E= 1337.0e-6
0.003007 0.136152 0.860020 0.000820
0.320605 0.217872 0.002423 0.459101
0.290894 0.117188 0.017421 0.574496
0.270054 0.260567 0.301676 0.167703
0.404111 0.112889 0.230889 0.252111
0.284474 0.235314 0.166422 0.313790
0.321158 0.040612 0.184619 0.453612
0.028745 0.832383 0.138629 0.000243
0.013173 0.644072 0.000128 0.342627

MOTIF M173 O173
letter-probability matrix: alength= 4 w= 9 nsites= 10732 E= 1337.0e-6
0.435799 0.027302 0.000000 0.536899
0.362472 0.230331 0.326896 0.080301
0.351362 0.001273 0.647366 0.000000
0.152454 0.139430 0.705511 0.002605
0.143161 0.021992 0.356555 0.478292
0.235112 0.066922 0.218750 0.479216
0.508942 0.000000 0.021370 0.469688
0.117998 0.215641 0.625803 0.040557
0.019969 0.064241 0.460836 0.454954

MOTIF M174 O174
letter-probability matrix: alength= 4 w= 9 nsites= 10483 E= 1337.0e-6
0.694744 0.043022 0.082992 0.179243
0.269652 0.371038 0.101677 0.257633
0.441897 0.092859 0.250500 0.214744
0.281911 0.063059 0.224635 0.430395
0.336366 0.006909 0.278098 0.378627
0.000119 0.693931 0.201622 0.104328
0.000251 0.363465 0.117891 0.518393
0.453153 0.018038 0.528809 0.000000
0.060181 0.019011 0.919628 0.001180

MOTIF M175 O175
letter-probability matrix: alength= 4 w= 9 nsites= 11184 E= 1337.0e-6
0.747675 0.003219 0.001341 0.247765
0.019896 0.015934 0.964170 0.000000
0.447668 0.326048 0.000000 0.226284
0.050954 0.448751 0.204604 0.295692
0.205654 0.428464 0.261437 0.104445
0.370093 0.161256 0.178718 0.289933
0.354228 0.010763 0.446363 0.188646
0.179542 0.268002 0.450048 0.102408
0.467319 0.006887 0.306633 0.219162

MOTIF M176 O176
letter-probability matrix: alength= 4 w= 9 nsites= 2276 E= 1337.0e-6
0.082162 0.131810 0.097979 0.688049
0.181019 0.169156 0.022408 0.627417
0.001757 0.951670 0.032953 0.013620
0.013889 0.128831 0.332375 0.524904
0.540370 0.006323 0.442607 0.010700
0.001473 0.002946 0.680903 0.314678
0.738000 0.217500 0.044000 0.000500
0.788123 0.015098 0.116256 0.080523
0.273760 0.186983 0.341942 0.197314

MOTIF M177 O177
letter-probability matrix: alength= 4 w= 9 nsites= 8756 E= 1337.0e-6
0.515190 0.000114 0.005139 0.479557
0.136855 0.400871 0.406070 0.056203
0.286812 0.063904 0.063904 0.585381
0.144994 0.700477 0.018741 0.135788
0.602816 0.395887 0.000926 0.000371
0.875911 0.005741 0.068227 0.050121
0.305387 0.008790 0.004057 0.681767
0.094188 0.624397 0.142890 0.138525
0.332779 0.039220 0.374376 0.253625

MOTIF M178 O178
letter-probability matrix: alength= 4 w= 9 nsites= 10502 E= 1337.0e-6
0.108456 0.505142 0.057132 0.329271
0.290611 0.118549 0.022377 0.568463
0.557090 0.257921 0.183636 0.001352
0.000000 0.003919 0.324679 0.671402
0.240618 0.140113 0.434201 0.185068
0.557570 0.026532 0.347241 0.068658
0.225328 0.184971 0.135891 0.453810
0.608860 0.028633 0.360994 0.001513
0.052545 0.014320 0.397775 0.535360

MOTIF M179 O179
letter-probability matrix: alength= 4 w= 9 nsites= 10893 E= 1337.0e-6
0.333609 0.001836 0.664555 0.000000
0.156757 0.574993 0.265838 0.002412
0.534286 0.193853 0.000000 0.271861
0.077871 0.264178 0.284115 0.373836
0.010223 0.520203 0.391588 0.077987
0.414877 0.036496 0.309069 0.239558
0.253020 0.001897 0.336595 0.408487
0.249975 0.033598 0.654763 0.061664
0.377335 0.065496 0.408002 0.149167

MOTIF M180 O180
letter-probability matrix: alength= 4 w= 9 nsites= 9848 E= 1337.0e-6
0.000000 0.000711 0.000102 0.999188
0.737002 0.203087 0.050264 0.009647
0.096498 0.249695 0.063009 0.590798
0.467503 0.001337 0.290930 0.240230
0.373955 0.107522 0.344650 0.173873
0.457495 0.181079 0.206321 0.155106
0.483871 0.049385 0.224125 0.242618
0.274514 0.227026 0.202911 0.295549
0.551558 0.091416 0.149153 0.207873

MOTIF M181 O181
letter-probability matrix: alength= 4 w= 9 nsites= 10349 E= 1337.0e-6
0.404773 0.191226 0.094019 0.309982
0.297130 0.213934 0.403034 0.085902
0.453428 0.494640 0.009147 0.042785
0.472476 0.479549 0.005126 0.042850
0.526038 0.300306 0.004859 0.168797
0.190603 0.533156 0.269355 0.006887
0.242692 0.739141 0.017701 0.000466
0.292170 0.527555 0.155409 0.024866
0.608443 0.172493 0.173340 0.045724

MOTIF M182 O182
letter-probability matrix: alength= 4 w= 9 nsites= 11152 E= 1337.0e-6
0.000000 0.713863 0.250628 0.035509
0.261386 0.268960 0.149574 0.320080
0.348202 0.163915 0.251531 0.236352
0.549031 0.254661 0.194631 0.001678
0.079117 0.010623 0.547666 0.362594
0.038007 0.157565 0.153875 0.650554
0.359483 0.033687 0.606368 0.000461
0.006469 0.115903 0.163881 0.713747
0.005828 0.974359 0.000000 0.019814

MOTIF M183 O183
letter-probability matrix: alength= 4 w= 9 nsites= 9468 E= 1337.0e-6
0.243874 0.040030 0.712188 0.003908
0.433993 0.119217 0.196216 0.250574
0.178524 0.087615 0.714317 0.019543
0.448483 0.150136 0.086277 0.315104
0.111385 0.034272 0.270423 0.583920
0.458126 0.000000 0.525222 0.016652
0.027450 0.574711 0.259222 0.138616
0.550160 0.034465 0.244843 0.170532
0.092425 0.115434 0.786582 0.005558

MOTIF M184 O184
letter-probability matrix: alength= 4 w= 9 nsites= 9836 E= 1337.0e-6
0.316897 0.535990 0.117832 0.029280
0.056324 0.175275 0.007320 0.761082
0.571355 0.153051 0.265564 0.010031
0.031334 0.161963 0.196203 0.610500
0.583534 0.176157 0.219308 0.021001
0.042155 0.095607 0.254916 0.607322
0.538478 0.336364 0.112896 0.012262
0.028342 0.325134 0.381283 0.265241
0.198293 0.090611 0.314183 0.396914

MOTIF M185 O185
letter-probability matrix: alength= 4 w= 9 nsites= 8759 E= 1337.0e-6
0.403357 0.140998 0.415915 0.039731
0.531453 0.187122 0.260190 0.021235
0.418814 0.071345 0.128983 0.380858
0.004422 0.028804 0.858133 0.108641
0.096669 0.421293 0.352057 0.129980
0.013086 0.012664 0.000141 0.974110
0.465621 0.293297 0.197785 0.043297
0.634075 0.010978 0.122951 0.231996
0.126767 0.074647 0.377945 0.420642

MOTIF M186 O186
letter-probability matrix: alength= 4 w= 9 nsites= 11160 E= 1337.0e-6
0.000717 0.996237 0.002778 0.000269
0.415156 0.156116 0.004827 0.423900
0.310559 0.106869 0.481458 0.101114
0.085177 0.142726 0.537861 0.234236
0.231676 0.038398 0.212615 0.517311
0.275534 0.407247 0.310195 0.007025
0.224981 0.252266 0.174660 0.348093
0.363864 0.209544 0.417452 0.009140
0.104028 0.161615 0.093078 0.641279

MOTIF M187 O187
letter-probability matrix: alength= 4 w= 9 nsites= 9316 E= 1337.0e-6
0.430120 0.188815 0.010734 0.370331
0.026673 0.953211 0.020116 0.000000
0.491454 0.206500 0.013729 0.288316
0.296943 0.397692 0.245477 0.059888
0.253922 0.015033 0.209804 0.521242
0.001370 0.997603 0.000000 0.001027
0.063586 0.816887 0.000000 0.119527
0.117734 0.791391 0.090140 0.000736
0.389552 0.085075 0.020522 0.504851

MOTIF M188 O188
letter-probability matrix: alength= 4 w= 9 nsites= 10409 E= 1337.0e-6
0.271784 0.020943 0.676722 0.030550
0.371986 0.000961 0.584302 0.042751
0.001444 0.584713 0.170293 0.243550
0.065076 0.540685 0.165648 0.228591
0.134685 0.007504 0.297632 0.560179
0.152480 0.196408 0.439965 0.211148
0.210084 0.036349 0.518272 0.235294
0.146929 0.077089 0.333823 0.442159
0.038781 0.462406 0.208746 0.290067

MOTIF M189 O189
letter-probability matrix: alength= 4 w= 9 nsites= 11018 E= 1337.0e-6
0.012979 0.480033 0.401706 0.105282
0.155469 0.564516 0.143253 0.136763
0.088293 0.699941 0.135101 0.076665
0.538790 0.147035 0.028026 0.286149
0.309037 0.104478 0.502453 0.084032
0.832580 0.029496 0.040082 0.097842
0.241511 0.208277 0.445144 0.105068
0.090775 0.148799 0.077296 0.683130
0.019385 0.379575 0.171323 0.429716

MOTIF M190 O190
letter-probability matrix: alength= 4 w= 9 nsites= 8348 E= 1337.0e-6
0.500958 0.014734 0.404288 0.080019
0.001296 0.040047 0.673795 0.284863
0.049466 0.151423 0.603737 0.195374
0.337767 0.065989 0.504956 0.091288
0.000000 0.069580 0.837311 0.093109
0.236891 0.240238 0.512086 0.010785
0.057752 0.055426 0.428682 0.458140
0.000000 0.661575 0.268703 0.069722
0.199041 0.366906 0.405276 0.028777

MOTIF M191 O191
letter-probability matrix: alength= 4 w= 9 nsites= 10443 E= 1337.0e-6
0.701906 0.021833 0.051039 0.225223
0.384041 0.105798 0.140267 0.369894
0.418432 0.011623 0.012755 0.557190
0.486202 0.035707 0.000000 0.478091
0.087523 0.190308 0.192123 0.530046
0.287975 0.000330 0.028798 0.682897
0.306181 0.211258 0.401214 0.081347
0.062961 0.375867 0.124357 0.436815
0.500565 0.250056 0.157330 0.092049

MOTIF M192 O192
letter-probability matrix: alength= 4 w= 9 nsites= 11089 E= 1337.0e-6
0.262062 0.491388 0.006493 0.240058
0.452517 0.208980 0.304127 0.034376
0.307903 0.188452 0.271368 0.232276
0.028563 0.515201 0.204977 0.251259
0.424700 0.324788 0.000585 0.249927
0.723143 0.056509 0.153537 0.066811
0.368979 0.072745 0.117344 0.440932
0.000101 0.683798 0.000302 0.315800
0.001869 0.486658 0.362372 0.149102

MOTIF M193 O193
letter-probability matrix: alength= 4 w= 9 nsites= 10306 E= 1337.0e-6
0.315156 0.423637 0.001747 0.259461
0.217640 0.321366 0.005822 0.455172
0.210537 0.307528 0.099523 0.382413
0.454554 0.248899 0.147442 0.149105
0.014331 0.046722 0.000785 0.938163
0.592366 0.340073 0.000000 0.067561
0.246778 0.212671 0.168253 0.372298
0.159216 0.000603 0.471321 0.368860
0.177624 0.036886 0.635911 0.149578

MOTIF M194 O194
letter-probability matrix: alength= 4 w= 9 nsites= 11175 E= 1337.0e-6
0.007964 0.951946 0.000000 0.040089
0.084915 0.000839 0.813922 0.100325
0.265464 0.147122 0.082582 0.504832
0.190781 0.269150 0.301757 0.238311
0.359514 0.165719 0.261537 0.213230
0.383716 0.204193 0.220060 0.192032
0.280737 0.174678 0.303886 0.240699
0.225015 0.427795 0.238792 0.108399
0.313058 0.285644 0.128503 0.272794

MOTIF M195 O195
letter-probability matrix: alength= 4 w= 9 nsites= 8832 E= 1337.0e-6
0.000000 0.009964 0.874774 0.115263
0.384525 0.000000 0.083236 0.532239
0.001444 0.677683 0.093534 0.227338
0.449965 0.040132 0.451008 0.058895
0.215426 0.162234 0.033688 0.588652
0.339094 0.352192 0.181372 0.127342
0.658161 0.056848 0.284803 0.000188
0.038506 0.550000 0.149808 0.261686
0.194605 0.455944 0.000000 0.349451

MOTIF M196 O196
letter-probability matrix: alength= 4 w= 9 nsites= 11178 E= 1337.0e-6
0.465915 0.135087 0.014672 0.384326
0.332975 0.139120 0.392099 0.135806
0.189034 0.063461 0.609798 0.137708
0.262294 0.257588 0.204908 0.275210
0.361455 0.217567 0.420979 0.000000
0.022176 0.496418 0.330488 0.150917
0.710045 0.000205 0.000000 0.289749
0.049648 0.871432 0.052958 0.025962
0.052695 0.405051 0.177654 0.364600

MOTIF M197 O197
letter-probability matrix: alength= 4 w= 9 nsites= 11054 E= 1337.0e-6
0.209155 0.387552 0.350823 0.052470
0.015108 0.136964 0.068844 0.779084
0.634260 0.180721 0.184653 0.000366
0.036607 0.316275 0.001568 0.645551
0.378907 0.253884 0.212334 0.154876
0.166478 0.185771 0.050725 0.597026
0.257299 0.149539 0.235690 0.357472
0.705532 0.062250 0.161577 0.070641
0.536734 0.074552 0.259898 0.128816

MOTIF M198 O198
letter-probability matrix: alength= 4 w= 9 nsites= 9417 E= 1337.0e-6
0.207603 0.089094 0.594351 0.108952
0.390885 0.077488 0.438985 0.092641
0.416854 0.049687 0.524135 0.009324
0.185777 0.359844 0.434130 0.020249
0.000000 0.358500 0.252774 0.388726
0.063956 0.534938 0.083387 0.317720
0.016270 0.122348 0.366914 0.494468
0.109820 0.449334 0.397362 0.043484
0.008764 0.812819 0.064748 0.113669

MOTIF M199 O199
letter-probability matrix: alength= 4 w= 9 nsites= 10785 E= 1337.0e-6
0.202967 0.127306 0.048771 0.620955
0.310401 0.007042 0.036635 0.645923
0.126207 0.308495 0.236906 0.328392
0.399714 0.094561 0.145574 0.360151
0.191655 0.378339 0.321909 0.108097
0.568770 0.067701 0.065668 0.297861
0.738773 0.087869 0.054972 0.118385
0.785066 0.070734 0.080354 0.063846
0.164913 0.076974 0.033891 0.724222

MOTIF M200 O200
letter-probability matrix: alength= 4 w= 9 nsites= 8285 E= 1337.0e-6
0.083645 0.184671 0.333615 0.398069
0.267954 0.037296 0.385757 0.308992
0.015450 0.251901 0.623174 0.109475
0.239831 0.338202 0.421967 0.000000
0.248642 0.021002 0.385275 0.345081
0.407174 0.131120 0.459646 0.002060
0.238717 0.266772 0.143206 0.351305
0.042791 0.020152 0.930215 0.006842
0.018207 0.225566 0.024023 0.732204

MOTIF M201 O201
letter-probability matrix: alength= 4 w= 9 nsites= 10662 E= 1337.0e-6
0.106922 0.254549 0.596417 0.042112
0.419882 0.003897 0.332826 0.243395
0.056337 0.131516 0.767001 0.045146
0.181969 0.122939 0.242072 0.453020
0.073602 0.502364 0.424034 0.000000
0.000000 0.632425 0.007548 0.360026
0.138693 0.167960 0.321815 0.371533
0.174130 0.251099 0.252168 0.322604
0.487638 0.032525 0.474796 0.005041

MOTIF M202 O202
letter-probability matrix: alength= 4 w= 9 nsites= 10498 E= 1337.0e-6
0.006477 0.006287 0.987236 0.000000
0.082881 0.714116 0.001185 0.201818
0.095432 0.240004 0.037440 0.627124
0.194175 0.028403 0.407767 0.369655
0.290143 0.181063 0.427911 0.100883
0.019772 0.320258 0.520829 0.139141
0.223002 0.147747 0.188776 0.440476
0.252888 0.297268 0.278264 0.171580
0.275260 0.151448 0.142494 0.430798

MOTIF M203 O203
letter-probability matrix: alength= 4 w= 9 nsites= 10573 E= 1337.0e-6
0.147546 0.299537 0.315426 0.237492
0.668495 0.079069 0.069422 0.183013
0.218240 0.616911 0.000000 0.164849
0.065449 0.294625 0.059705 0.580222
0.052545 0.545703 0.001095 0.400657
0.035470 0.513505 0.449073 0.001952
0.820028 0.103641 0.037815 0.038515
0.561995 0.235335 0.000000 0.202669
0.535137 0.176739 0.146170 0.141954

MOTIF M204 O204
letter-probability matrix: alength= 4 w= 9 nsites= 10925 E= 1337.0e-6
0.296751 0.331167 0.042380 0.329703
0.232769 0.596430 0.017391 0.153410
0.299905 0.218827 0.002365 0.478903
0.388883 0.076855 0.000588 0.533673
0.231746 0.144816 0.623337 0.000102
0.151188 0.036944 0.347164 0.464704
0.002672 0.816614 0.110274 0.070440
0.421374 0.029170 0.236675 0.312782
0.511000 0.330289 0.038467 0.120244

MOTIF M205 O205
letter-probability matrix: alength= 4 w= 9 nsites= 11170 E= 1337.0e-6
0.000269 0.000000 0.999284 0.000448
0.302623 0.342734 0.000000 0.354642
0.218053 0.184024 0.498075 0.099848
0.174310 0.507166 0.077392 0.241132
0.231790 0.147201 0.135809 0.485199
0.316942 0.318378 0.087940 0.276741
0.493935 0.110881 0.319256 0.075928
0.376709 0.342986 0.056385 0.223921
0.109803 0.166787 0.234735 0.488675

MOTIF M206 O206
letter-probability matrix: alength= 4 w= 9 nsites= 11155 E= 1337.0e-6
0.019274 0.482116 0.494397 0.004213
0.841555 0.100821 0.008657 0.048967
0.254180 0.030262 0.074427 0.641130
0.127620 0.299197 0.466063 0.107120
0.287754 0.319338 0.060709 0.332199
0.349952 0.103636 0.026794 0.519617
0.143589 0.473379 0.362064 0.020968
0.585182 0.050442 0.033170 0.331207
0.167983 0.406731 0.195815 0.229471

MOTIF M207 O207
letter-probability matrix: alength= 4 w= 9 nsites= 10658 E= 1337.0e-6
0.082755 0.718427 0.005442 0.193376
0.394276 0.156382 0.022782 0.426560
0.348049 0.084450 0.124985 0.442516
0.039727 0.005172 0.006700 0.948402
0.670693 0.104085 0.146004 0.079218
0.058319 0.341109 0.028089 0.572483
0.278868 0.000000 0.329838 0.391294
0.205485 0.047467 0.413428 0.333620
0.342440 0.045701 0.247891 0.363968

MOTIF M208 O208
letter-probability matrix: alength= 4 w= 9 nsites= 10685 E= 1337.0e-6
0.177819 0.795601 0.011605 0.014974
0.041645 0.226090 0.094621 0.637644
0.595312 0.207011 0.059116 0.138560
0.139121 0.191946 0.000000 0.668933
0.373085 0.128974 0.000106 0.497835
0.446601 0.058119 0.079966 0.415314
0.371983 0.312823 0.124892 0.190302
0.482868 0.137052 0.098397 0.281682
0.227721 0.437080 0.018025 0.317174

MOTIF M209 O209
letter-probability matrix: alength= 4 w= 9 nsites= 4501 E= 1337.0e-6
0.210176 0.091313 0.467674 0.230838
0.025550 0.002222 0.971340 0.000889
0.380374 0.247267 0.362157 0.010202
0.064367 0.097401 0.485305 0.352927
0.261063 0.045488 0.574536 0.118912
0.209453 0.041791 0.701244 0.047512
0.052075 0.123270 0.756730 0.067925
0.050382 0.062341 0.583715 0.303562
0.133899 0.050373 0.730403 0.085325

MOTIF M210 O210
letter-probability matrix: alength= 4 w= 9 nsites= 10868 E= 1337.0e-6
0.049687 0.363728 0.045455 0.541130
0.126467 0.267796 0.291178 0.314559
0.010155 0.159260 0.084054 0.746531
0.342012 0.051760 0.278588 0.327640
0.159301 0.065657 0.745476 0.029566
0.007921 0.446799 0.515200 0.030079
0.062055 0.372113 0.205100 0.360731
0.238916 0.333632 0.097403 0.330049
0.000000 0.620085 0.001845 0.378070

MOTIF M211 O211
letter-probability matrix: alength= 4 w= 9 nsites= 8653 E= 1337.0e-6
0.402288 0.266613 0.317578 0.013521
0.697677 0.011672 0.250665 0.039986
0.002889 0.331099 0.382411 0.283601
0.044956 0.058361 0.696984 0.199700
0.000000 0.082968 0.079181 0.837851
0.540173 0.140847 0.101155 0.217825
0.371868 0.376589 0.181576 0.069967
0.073660 0.437285 0.366945 0.122110
0.243548 0.288586 0.033871 0.433995

MOTIF M212 O212
letter-probability matrix: alength= 4 w= 9 nsites= 11035 E= 1337.0e-6
0.063072 0.612234 0.002628 0.322066
0.159814 0.021995 0.069327 0.748863
0.408113 0.136163 0.128369 0.327355
0.429126 0.397101 0.147148 0.026625
0.082645 0.116817 0.153868 0.646669
0.528648 0.324964 0.114106 0.032283
0.035977 0.326376 0.060425 0.577221
0.568613 0.196346 0.191009 0.044032
0.035405 0.330966 0.375248 0.258381

MOTIF M213 O213
letter-probability matrix: alength= 4 w= 9 nsites= 10596 E= 1337.0e-6
0.124198 0.408362 0.111646 0.355795
0.404101 0.137721 0.066571 0.391607
0.225498 0.308002 0.464874 0.001627
0.001956 0.419869 0.043708 0.534468
0.208321 0.078960 0.090029 0.622690
0.297112 0.000000 0.038347 0.664542
0.684611 0.013889 0.279501 0.021999
0.098075 0.400957 0.186373 0.314594
0.535845 0.001670 0.230199 0.232286

MOTIF M214 O214
letter-probability matrix: alength= 4 w= 9 nsites= 8510 E= 1337.0e-6
0.085076 0.267215 0.382961 0.264747
0.130552 0.747239 0.110458 0.011751
0.143749 0.588466 0.216726 0.051059
0.195617 0.476393 0.285535 0.042455
0.059211 0.580339 0.355390 0.005061
0.000255 0.333248 0.308261 0.358236
0.059644 0.263151 0.338410 0.338794
0.542318 0.191110 0.202869 0.063703
0.018475 0.537861 0.108379 0.335285

MOTIF M215 O215
letter-probability matrix: alength= 4 w= 9 nsites= 10744 E= 1337.0e-6
0.012937 0.764427 0.073716 0.148920
0.419690 0.077988 0.389147 0.113176
0.089825 0.202405 0.519773 0.187997
0.304483 0.172601 0.496139 0.026778
0.142382 0.312475 0.307940 0.237203
0.323019 0.120422 0.456731 0.099828
0.380860 0.310029 0.150734 0.158377
0.396962 0.077381 0.499076 0.026580
0.000000 0.190742 0.769701 0.039557

MOTIF M216 O216
letter-probability matrix: alength= 4 w= 9 nsites= 10934 E= 1337.0e-6
0.385495 0.000000 0.000183 0.614322
0.191134 0.502002 0.295424 0.011439
0.055566 0.862623 0.076428 0.005384
0.494396 0.128982 0.000000 0.376622
0.063917 0.232406 0.000000 0.703678
0.181781 0.160012 0.486640 0.171567
0.340885 0.332533 0.152537 0.174045
0.248466 0.470053 0.140212 0.141270
0.152719 0.327625 0.139257 0.380398

MOTIF M217 O217
letter-probability matrix: alength= 4 w= 9 nsites= 11062 E= 1337.0e-6
0.452359 0.271831 0.130447 0.145363
0.235400 0.368469 0.036973 0.359157
0.071487 0.624217 0.228722 0.075575
0.200821 0.262591 0.012865 0.523723
0.289060 0.013594 0.412878 0.284468
0.078729 0.166943 0.556814 0.197514
0.208380 0.032073 0.746107 0.013441
0.017199 0.224995 0.706487 0.051318
0.219393 0.347300 0.260234 0.173073

MOTIF M218 O218
letter-probability matrix: alength= 4 w= 9 nsites= 10839 E= 1337.0e-6
0.182212 0.134607 0.003506 0.679675
0.771041 0.226627 0.001060 0.001272
0.297506 0.453109 0.093900 0.155485
0.149993 0.621261 0.228746 0.000000
0.230435 0.046835 0.150082 0.572647
0.003214 0.631951 0.013179 0.351655
0.205750 0.048338 0.184007 0.561905
0.045312 0.440228 0.164671 0.349788
0.041114 0.501705 0.182834 0.274346

MOTIF M219 O219
letter-probability matrix: alength= 4 w= 9 nsites= 9320 E= 1337.0e-6
0.121674 0.020708 0.764056 0.093562
0.200213 0.358701 0.408250 0.032835
0.000000 0.201816 0.647405 0.150779
0.112252 0.378218 0.074629 0.434901
0.215605 0.451311 0.305618 0.027466
0.389958 0.086196 0.523468 0.000378
0.177544 0.421113 0.401343 0.000000
0.221852 0.409889 0.295120 0.073139
0.050825 0.454569 0.147017 0.347589

MOTIF M220 O220
letter-probability matrix: alength= 4 w= 9 nsites= 10620 E= 1337.0e-6
0.025047 0.184369 0.772222 0.018362
0.158411 0.402127 0.123996 0.315466
0.000000 0.534304 0.212932 0.252765
0.085985 0.496256 0.002223 0.415536
0.141722 0.020229 0.432149 0.405900
0.235502 0.581126 0.091930 0.091442
0.258863 0.421943 0.298171 0.021023
0.035258 0.548338 0.299002 0.117402
0.141061 0.612991 0.040062 0.205886

MOTIF M221 O221
letter-probability matrix: alength= 4 w= 9 nsites= 11090 E= 1337.0e-6
0.038954 0.470694 0.407124 0.083228
0.551981 0.015383 0.001307 0.431329
0.092915 0.371659 0.048897 0.486529
0.792418 0.203136 0.004095 0.000351
0.001321 0.461917 0.128304 0.408457
0.599091 0.081849 0.199318 0.119742
0.004546 0.223016 0.706196 0.066242
0.389721 0.087673 0.131510 0.391095
0.522149 0.000422 0.184925 0.292505

MOTIF M222 O222
letter-probability matrix: alength= 4 w= 9 nsites= 11177 E= 1337.0e-6
0.008768 0.009484 0.973785 0.007963
0.180277 0.399289 0.004557 0.415877
0.292461 0.156090 0.290994 0.260455
0.230607 0.399982 0.032590 0.336822
0.064722 0.503370 0.061859 0.370049
0.392652 0.036463 0.453424 0.117461
0.247488 0.163751 0.241999 0.346762
0.174925 0.604619 0.037397 0.183059
0.289374 0.230289 0.343071 0.137266

MOTIF M223 O223
letter-probability matrix: alength= 4 w= 9 nsites= 11095 E= 1337.0e-6
0.419288 0.014060 0.548716 0.017936
0.088852 0.062397 0.827130 0.021620
0.168596 0.390639 0.046200 0.394565
0.175352 0.302505 0.148289 0.373854
0.273337 0.129593 0.081306 0.515765
0.320609 0.055621 0.136823 0.486947
0.363384 0.115532 0.172902 0.348182
0.332798 0.002541 0.149411 0.515249
0.002969 0.864219 0.130247 0.002564

