MEME version 5.5.1

ALPHABET= ACGT

strands: + -

Background letter frequencies (from uniform background):
A 0.25000 C 0.25000 G 0.25000 T 0.25000

MOTIF M0 O0
letter-probability matrix: alength= 4 w= 9 nsites= 11187 E= 1337.0e-6
0.441673 0.406722 0.135514 0.016090
0.026106 0.768172 0.072776 0.132946
0.039097 0.146680 0.177159 0.637065
0.195053 0.018187 0.350186 0.436574
0.129179 0.510067 0.019131 0.341623
0.144534 0.002935 0.628944 0.223588
0.332842 0.105084 0.266163 0.295911
0.398176 0.015637 0.273827 0.312360
0.348772 0.226490 0.185070 0.239669

MOTIF M1 O1
letter-probability matrix: alength= 4 w= 9 nsites= 11187 E= 1337.0e-6
0.460892 0.098597 0.001788 0.438724
0.122909 0.379283 0.455676 0.042133
0.046123 0.291188 0.029164 0.633525
0.809078 0.149045 0.012248 0.029629
0.134106 0.126142 0.160167 0.579586
0.115160 0.048401 0.611868 0.224571
0.296154 0.197280 0.231614 0.274953
0.359431 0.156103 0.329037 0.155429
0.060672 0.298631 0.033783 0.606914

MOTIF M2 O2
letter-probability matrix: alength= 4 w= 9 nsites= 11187 E= 1337.0e-6
0.405113 0.294806 0.219451 0.080629
0.113882 0.006257 0.051310 0.828551
0.262364 0.279401 0.346309 0.111926
0.021927 0.140364 0.829054 0.008656
0.463122 0.299700 0.225009 0.012168
0.271589 0.213083 0.385147 0.130181
0.020026 0.192198 0.102731 0.685046
0.201760 0.096481 0.417009 0.284751
0.340243 0.024578 0.017767 0.617412

MOTIF M3 O3
letter-probability matrix: alength= 4 w= 9 nsites= 11187 E= 1337.0e-6
0.479038 0.005542 0.005363 0.510056
0.143381 0.061947 0.224636 0.570037
0.264203 0.007158 0.093048 0.635591
0.178546 0.399803 0.408309 0.013342
0.123878 0.184740 0.018402 0.672980
0.140872 0.390308 0.435250 0.033571
0.526239 0.149387 0.300238 0.024136
0.337646 0.180558 0.164387 0.317409
0.607602 0.212502 0.072200 0.107695

MOTIF M4 O4
letter-probability matrix: alength= 4 w= 9 nsites= 11155 E= 1337.0e-6
0.372389 0.480681 0.119677 0.027252
0.437028 0.365972 0.056594 0.140406
0.322908 0.019322 0.047362 0.610407
0.015771 0.643836 0.284337 0.056056
0.234294 0.468043 0.007910 0.289754
0.386058 0.206568 0.296313 0.111060
0.355096 0.060239 0.577686 0.006979
0.328483 0.019464 0.022894 0.629159
0.176734 0.228270 0.142750 0.452245

MOTIF M5 O5
letter-probability matrix: alength= 4 w= 9 nsites= 11187 E= 1337.0e-6
0.037275 0.598552 0.343256 0.020917
0.298720 0.009041 0.365500 0.326739
0.084706 0.764595 0.036443 0.114255
0.262888 0.062152 0.294773 0.380187
0.447972 0.316305 0.194082 0.041640
0.382613 0.137477 0.002072 0.477838
0.636941 0.042094 0.102059 0.218906
0.092527 0.172278 0.407063 0.328132
0.112156 0.313663 0.209512 0.364669

MOTIF M6 O6
letter-probability matrix: alength= 4 w= 9 nsites= 11093 E= 1337.0e-6
0.202109 0.052195 0.743262 0.002434
0.006107 0.021560 0.245767 0.726566
0.146439 0.003609 0.615480 0.234473
0.833219 0.113928 0.046491 0.006362
0.350451 0.208726 0.255065 0.185757
0.100659 0.034721 0.453637 0.410983
0.376103 0.236549 0.121900 0.265448
0.420512 0.317739 0.170538 0.091211
0.354656 0.175044 0.197346 0.272955

MOTIF M7 O7
letter-probability matrix: alength= 4 w= 9 nsites= 11187 E= 1337.0e-6
0.663806 0.031108 0.122642 0.182444
0.660124 0.009859 0.020525 0.309492
0.019636 0.601364 0.103000 0.276000
0.032612 0.156792 0.175693 0.634904
0.573082 0.050345 0.259440 0.117134
0.032545 0.373064 0.545730 0.048661
0.234237 0.221061 0.042796 0.501906
0.058204 0.356208 0.142129 0.443459
0.398823 0.189317 0.106945 0.304915

MOTIF M8 O8
letter-probability matrix: alength= 4 w= 9 nsites= 11187 E= 1337.0e-6
0.300986 0.140950 0.465771 0.092294
0.418618 0.079153 0.139075 0.363155
0.434293 0.028025 0.081329 0.456353
0.020323 0.900416 0.072583 0.006678
0.197691 0.467871 0.041698 0.292740
0.388081 0.025150 0.390487 0.196282
0.065287 0.182098 0.734229 0.018386
0.529949 0.099532 0.034736 0.335783
0.102406 0.308338 0.071069 0.518187

MOTIF M9 O9
letter-probability matrix: alength= 4 w= 9 nsites= 11187 E= 1337.0e-6
0.086414 0.702979 0.192570 0.018037
0.259523 0.426007 0.046200 0.268270
0.284690 0.577651 0.072781 0.064878
0.234110 0.388257 0.008295 0.369338
0.227726 0.048012 0.700541 0.023721
0.377416 0.109091 0.253110 0.260383
0.282664 0.218987 0.465735 0.032615
0.011399 0.080087 0.670037 0.238478
0.163534 0.435649 0.317569 0.083248

MOTIF M10 O10
letter-probability matrix: alength= 4 w= 9 nsites= 11182 E= 1337.0e-6
0.333949 0.133450 0.049963 0.482638
0.163559 0.080603 0.009981 0.745857
0.134897 0.601149 0.048636 0.215318
0.477889 0.128689 0.057637 0.335785
0.430569 0.426274 0.016384 0.126773
0.016344 0.059689 0.051365 0.872602
0.362686 0.318812 0.104512 0.213990
0.519203 0.199370 0.023924 0.257503
0.466610 0.132493 0.268939 0.131959

MOTIF M11 O11
letter-probability matrix: alength= 4 w= 9 nsites= 11187 E= 1337.0e-6
0.129168 0.268347 0.183606 0.418879
0.148784 0.040773 0.003755 0.806688
0.123757 0.167983 0.533030 0.175230
0.392982 0.040338 0.429044 0.137636
0.252331 0.314323 0.146400 0.286947
0.357829 0.225675 0.387572 0.028925
0.713750 0.186228 0.088456 0.011566
0.441400 0.003411 0.007813 0.547375
0.000000 0.648015 0.351648 0.000336

MOTIF M12 O12
letter-probability matrix: alength= 4 w= 9 nsites= 11187 E= 1337.0e-6
0.105211 0.712702 0.092161 0.089926
0.714822 0.041954 0.019948 0.223276
0.099382 0.610987 0.255041 0.034591
0.020125 0.098603 0.054861 0.826411
0.459889 0.151346 0.344568 0.044197
0.003466 0.168056 0.495738 0.332740
0.355209 0.143117 0.180427 0.321247
0.295398 0.095128 0.141440 0.468034
0.206920 0.298665 0.437469 0.056945

MOTIF M13 O13
letter-probability matrix: alength= 4 w= 9 nsites= 11187 E= 1337.0e-6
0.426209 0.000000 0.000000 0.573791
0.000000 0.417397 0.582603 0.000000
0.090884 0.394444 0.502806 0.011866
0.668280 0.020021 0.036057 0.275643
0.240574 0.318794 0.015121 0.425511
0.079347 0.336053 0.299133 0.285467
0.125379 0.363076 0.272594 0.238951
0.257097 0.221903 0.376608 0.144391
0.124475 0.165966 0.532708 0.176851

MOTIF M14 O14
letter-probability matrix: alength= 4 w= 9 nsites= 11187 E= 1337.0e-6
0.739787 0.000000 0.024761 0.235452
0.000089 0.842872 0.157038 0.000000
0.605074 0.004001 0.037465 0.353460
0.001009 0.716895 0.120492 0.161604
0.110950 0.178295 0.145252 0.565504
0.212758 0.314382 0.258518 0.214342
0.311067 0.311367 0.143415 0.234151
0.383228 0.174241 0.225392 0.217139
0.186948 0.084275 0.265365 0.463412

MOTIF M15 O15
letter-probability matrix: alength= 4 w= 9 nsites= 11179 E= 1337.0e-6
0.413901 0.068879 0.422846 0.094373
0.231183 0.112993 0.383513 0.272312
0.755946 0.206577 0.010991 0.026486
0.238475 0.248276 0.081579 0.431670
0.667649 0.113148 0.009030 0.210172
0.063196 0.115442 0.201188 0.620174
0.079178 0.116693 0.300028 0.504100
0.155698 0.026364 0.064763 0.753176
0.145847 0.519533 0.119996 0.214623

MOTIF M16 O16
letter-probability matrix: alength= 4 w= 9 nsites= 11166 E= 1337.0e-6
0.044062 0.085259 0.098513 0.772166
0.939666 0.049919 0.009966 0.000449
0.023575 0.122753 0.238371 0.615301
0.422971 0.000000 0.159919 0.417109
0.158847 0.204193 0.521334 0.115626
0.288269 0.199423 0.292212 0.220096
0.354220 0.060091 0.388713 0.196976
0.359095 0.152267 0.257583 0.231054
0.149969 0.274270 0.410578 0.165183

MOTIF M17 O17
letter-probability matrix: alength= 4 w= 9 nsites= 11187 E= 1337.0e-6
0.348440 0.296505 0.008671 0.346384
0.019583 0.041760 0.934812 0.003845
0.402938 0.245722 0.222879 0.128460
0.403227 0.122187 0.034065 0.440520
0.306960 0.125550 0.472744 0.094746
0.050577 0.209070 0.632618 0.107735
0.225320 0.153665 0.014803 0.606212
0.275982 0.275250 0.227085 0.221683
0.315227 0.335469 0.070009 0.279294

MOTIF M18 O18
letter-probability matrix: alength= 4 w= 9 nsites= 11186 E= 1337.0e-6
0.044957 0.002961 0.114411 0.837670
0.695032 0.169823 0.093513 0.041632
0.125314 0.089470 0.384694 0.400521
0.669263 0.208967 0.011683 0.110087
0.620743 0.104676 0.119781 0.154801
0.374913 0.224033 0.323626 0.077428
0.320656 0.379303 0.075139 0.224902
0.219229 0.088114 0.232224 0.460433
0.455143 0.080763 0.435411 0.028682

MOTIF M19 O19
letter-probability matrix: alength= 4 w= 9 nsites= 11187 E= 1337.0e-6
0.000715 0.028873 0.970412 0.000000
0.456312 0.001164 0.002417 0.540107
0.150935 0.425978 0.287327 0.135760
0.098761 0.423497 0.154658 0.323084
0.147637 0.310779 0.393854 0.147730
0.566352 0.210586 0.010681 0.212382
0.196795 0.281599 0.446532 0.075074
0.316271 0.196863 0.021842 0.465025
0.423864 0.112010 0.219244 0.244882

MOTIF M20 O20
letter-probability matrix: alength= 4 w= 9 nsites= 11187 E= 1337.0e-6
0.295012 0.205704 0.416503 0.082782
0.366026 0.429504 0.194367 0.010103
0.255100 0.051807 0.052344 0.640748
0.008070 0.005738 0.805971 0.180221
0.473867 0.212628 0.219481 0.094024
0.023783 0.773968 0.149336 0.052913
0.189447 0.114310 0.165565 0.530678
0.236006 0.387518 0.071339 0.305137
0.396263 0.098871 0.028318 0.476547

MOTIF M21 O21
letter-probability matrix: alength= 4 w= 9 nsites= 11160 E= 1337.0e-6
0.104839 0.045161 0.819803 0.030197
0.088978 0.018058 0.327189 0.565775
0.041848 0.933346 0.023859 0.000947
0.610039 0.176803 0.145127 0.068031
0.338618 0.186885 0.087534 0.386963
0.462073 0.094519 0.132546 0.310862
0.282515 0.330301 0.284515 0.102669
0.524158 0.139972 0.203715 0.132156
0.193020 0.229051 0.391291 0.186638

MOTIF M22 O22
letter-probability matrix: alength= 4 w= 9 nsites= 10958 E= 1337.0e-6
0.102938 0.811827 0.042800 0.042435
0.024806 0.376724 0.105599 0.492871
0.154259 0.011453 0.077428 0.756860
0.418889 0.221852 0.284444 0.074815
0.086545 0.659886 0.159697 0.093872
0.288055 0.604360 0.039474 0.068111
0.159715 0.057682 0.059926 0.722677
0.018692 0.403518 0.229109 0.348681
0.178632 0.261402 0.148226 0.411740

MOTIF M23 O23
letter-probability matrix: alength= 4 w= 9 nsites= 11182 E= 1337.0e-6
0.279735 0.034073 0.628600 0.057593
0.003047 0.336739 0.658690 0.001524
0.662800 0.126669 0.077327 0.133204
0.143083 0.210536 0.056769 0.589613
0.369361 0.484546 0.038299 0.107794
0.375479 0.058899 0.214195 0.351428
0.313502 0.326371 0.211344 0.148782
0.193836 0.468428 0.134794 0.202942
0.747903 0.004143 0.056684 0.191270

MOTIF M24 O24
letter-probability matrix: alength= 4 w= 9 nsites= 11187 E= 1337.0e-6
0.180835 0.356038 0.440511 0.022616
0.045907 0.221555 0.524881 0.207657
0.493529 0.191983 0.198724 0.115765
0.162148 0.306639 0.451581 0.079632
0.808256 0.116784 0.035488 0.039471
0.672492 0.255507 0.018023 0.053978
0.541636 0.058623 0.210764 0.188977
0.255986 0.178984 0.423702 0.141328
0.125961 0.100997 0.056573 0.716469

MOTIF M25 O25
letter-probability matrix: alength= 4 w= 9 nsites= 11184 E= 1337.0e-6
0.671406 0.074213 0.009031 0.245351
0.473934 0.016302 0.199212 0.310552
0.235965 0.046349 0.372855 0.344831
0.281799 0.258361 0.415668 0.044172
0.146668 0.408355 0.050818 0.394159
0.071728 0.502276 0.058529 0.367468
0.575217 0.002286 0.288340 0.134156
0.003394 0.175872 0.756514 0.064220
0.186066 0.296262 0.012306 0.505366

MOTIF M26 O26
letter-probability matrix: alength= 4 w= 9 nsites= 11186 E= 1337.0e-6
0.000447 0.000179 0.985696 0.013678
0.006260 0.718834 0.000179 0.274727
0.072978 0.260445 0.291106 0.375471
0.450539 0.130790 0.105206 0.313465
0.293578 0.286922 0.337471 0.082029
0.337002 0.210446 0.171658 0.280895
0.469790 0.164436 0.063857 0.301918
0.299160 0.177469 0.429432 0.093938
0.211846 0.191515 0.257705 0.338934

MOTIF M27 O27
letter-probability matrix: alength= 4 w= 9 nsites= 11186 E= 1337.0e-6
0.632750 0.010139 0.019919 0.337192
0.034505 0.450541 0.494505 0.020450
0.130779 0.476790 0.368316 0.024116
0.018225 0.406722 0.082305 0.492749
0.440740 0.306399 0.096328 0.156533
0.507239 0.203398 0.253770 0.035592
0.095248 0.304954 0.484631 0.115167
0.267102 0.295851 0.011112 0.425935
0.066370 0.526104 0.011889 0.395637

MOTIF M28 O28
letter-probability matrix: alength= 4 w= 9 nsites= 11139 E= 1337.0e-6
0.441781 0.001077 0.002065 0.555077
0.002176 0.141005 0.002539 0.854280
0.005177 0.510825 0.418581 0.065418
0.082296 0.381013 0.092877 0.443813
0.310877 0.258546 0.089724 0.340852
0.034806 0.622634 0.260228 0.082333
0.370869 0.136603 0.176594 0.315933
0.032635 0.278303 0.495695 0.193367
0.192523 0.350839 0.262252 0.194387

MOTIF M29 O29
letter-probability matrix: alength= 4 w= 9 nsites= 11187 E= 1337.0e-6
0.446322 0.175203 0.319657 0.058818
0.015643 0.060606 0.919639 0.004112
0.228710 0.486523 0.026507 0.258261
0.275847 0.417767 0.068266 0.238121
0.455548 0.132635 0.107427 0.304391
0.351334 0.178889 0.223089 0.246687
0.302302 0.150059 0.175357 0.372281
0.365172 0.002739 0.305269 0.326819
0.023187 0.812109 0.093577 0.071126

MOTIF M30 O30
letter-probability matrix: alength= 4 w= 9 nsites= 11187 E= 1337.0e-6
0.683740 0.002235 0.269152 0.044874
0.646165 0.018058 0.152512 0.183265
0.582841 0.005994 0.161478 0.249687
0.114265 0.438793 0.377272 0.069670
0.331344 0.271749 0.115482 0.281425
0.024534 0.201272 0.124671 0.649523
0.006967 0.200935 0.532954 0.259144
0.082532 0.422921 0.153050 0.341497
0.011059 0.270911 0.250651 0.467379

MOTIF M31 O31
letter-probability matrix: alength= 4 w= 9 nsites= 11186 E= 1337.0e-6
0.316646 0.115680 0.004291 0.563383
0.002505 0.007246 0.073537 0.916711
0.635340 0.364660 0.000000 0.000000
0.006514 0.425452 0.178090 0.389944
0.213640 0.122362 0.169273 0.494725
0.229976 0.039809 0.407446 0.322768
0.384985 0.111776 0.335427 0.167812
0.289060 0.141127 0.234511 0.335302
0.278860 0.334017 0.229854 0.157269

MOTIF M32 O32
letter-probability matrix: alength= 4 w= 9 nsites= 11187 E= 1337.0e-6
0.158934 0.051131 0.082596 0.707339
0.054947 0.652182 0.283175 0.009697
0.656714 0.139987 0.004239 0.199060
0.239273 0.163294 0.162919 0.434514
0.381358 0.385851 0.140535 0.092256
0.194277 0.094524 0.682092 0.029107
0.420014 0.031453 0.134829 0.413703
0.090216 0.146867 0.628051 0.134866
0.235806 0.568580 0.088467 0.107147

MOTIF M33 O33
letter-probability matrix: alength= 4 w= 9 nsites= 11187 E= 1337.0e-6
0.143559 0.306606 0.448020 0.101815
0.208748 0.030653 0.030653 0.729945
0.025165 0.477045 0.072608 0.425183
0.118125 0.271915 0.043419 0.566542
0.189182 0.156192 0.237836 0.416790
0.760608 0.053826 0.112470 0.073096
0.087256 0.548558 0.152837 0.211349
0.802588 0.038727 0.108907 0.049778
0.321572 0.110059 0.218971 0.349398

MOTIF M34 O34
letter-probability matrix: alength= 4 w= 9 nsites= 11093 E= 1337.0e-6
0.705129 0.004057 0.286667 0.004147
0.000999 0.008079 0.557462 0.433460
0.712761 0.154199 0.050370 0.082670
0.276347 0.057968 0.247363 0.418322
0.416048 0.126271 0.238858 0.218823
0.266201 0.246830 0.188218 0.298752
0.473360 0.025227 0.212109 0.289304
0.468878 0.048469 0.202755 0.279898
0.313957 0.659341 0.016843 0.009859

MOTIF M35 O35
letter-probability matrix: alength= 4 w= 9 nsites= 11187 E= 1337.0e-6
0.962512 0.020667 0.014941 0.001879
0.027085 0.009596 0.688161 0.275157
0.004088 0.295721 0.376579 0.323612
0.453875 0.285517 0.009502 0.251107
0.189928 0.209679 0.188524 0.411869
0.284137 0.222095 0.163574 0.330193
0.070315 0.400651 0.389458 0.139577
0.361544 0.535721 0.100231 0.002503
0.259317 0.121171 0.171902 0.447610

MOTIF M36 O36
letter-probability matrix: alength= 4 w= 9 nsites= 11184 E= 1337.0e-6
0.329041 0.182403 0.396549 0.092006
0.300358 0.280466 0.158781 0.260394
0.430928 0.213716 0.074227 0.281130
0.181981 0.498610 0.010578 0.308830
0.789228 0.010503 0.017145 0.183124
0.040780 0.727207 0.017515 0.214497
0.647118 0.000365 0.159431 0.193086
0.146482 0.002748 0.637047 0.213723
0.008094 0.148293 0.323658 0.519955

MOTIF M37 O37
letter-probability matrix: alength= 4 w= 9 nsites= 11187 E= 1337.0e-6
0.106472 0.386286 0.397282 0.109959
0.715107 0.069021 0.004404 0.211468
0.007310 0.288087 0.170487 0.534116
0.037419 0.229309 0.251613 0.481659
0.024381 0.301635 0.496404 0.177581
0.707090 0.038509 0.131249 0.123152
0.048762 0.391703 0.519278 0.040257
0.222254 0.595101 0.098354 0.084290
0.459298 0.026581 0.329229 0.184892

MOTIF M38 O38
letter-probability matrix: alength= 4 w= 9 nsites= 11187 E= 1337.0e-6
0.186483 0.205078 0.165564 0.442875
0.011897 0.033187 0.953663 0.001252
0.507036 0.132025 0.020884 0.340056
0.136364 0.172206 0.158642 0.532788
0.161682 0.017310 0.369404 0.451604
0.335631 0.140428 0.219098 0.304843
0.103378 0.601018 0.222767 0.072837
0.441116 0.316607 0.085565 0.156712
0.101042 0.002746 0.289205 0.607008

MOTIF M39 O39
letter-probability matrix: alength= 4 w= 9 nsites= 11187 E= 1337.0e-6
0.053366 0.234826 0.337088 0.374721
0.316332 0.515956 0.115185 0.052528
0.503378 0.036213 0.296550 0.163859
0.178065 0.475653 0.261451 0.084832
0.100734 0.403670 0.482202 0.013394
0.007684 0.684689 0.038699 0.268928
0.115644 0.062812 0.051561 0.769983
0.604386 0.175328 0.164314 0.055973
0.233506 0.249620 0.180805 0.336070

MOTIF M40 O40
letter-probability matrix: alength= 4 w= 9 nsites= 11162 E= 1337.0e-6
0.045422 0.006361 0.933077 0.015141
0.154689 0.136495 0.129978 0.578838
0.243431 0.071442 0.683394 0.001734
0.017341 0.327986 0.283105 0.371569
0.092349 0.340597 0.368244 0.198810
0.337300 0.375732 0.026629 0.260339
0.549876 0.158031 0.110194 0.181900
0.499146 0.054534 0.248167 0.198152
0.487073 0.168754 0.248940 0.095233

MOTIF M41 O41
letter-probability matrix: alength= 4 w= 9 nsites= 11184 E= 1337.0e-6
0.303737 0.172568 0.181330 0.342364
0.241774 0.124553 0.544438 0.089235
0.647169 0.121456 0.101154 0.130221
0.220165 0.009483 0.243693 0.526660
0.102866 0.282275 0.268170 0.346689
0.022475 0.511147 0.425129 0.041249
0.803659 0.005705 0.015758 0.174878
0.045814 0.653304 0.108172 0.192710
0.128784 0.285529 0.022776 0.562911

MOTIF M42 O42
letter-probability matrix: alength= 4 w= 9 nsites= 11187 E= 1337.0e-6
0.126130 0.021574 0.848894 0.003402
0.129705 0.794376 0.071927 0.003991
0.448940 0.026942 0.214980 0.309138
0.259980 0.263608 0.217642 0.258770
0.085098 0.365716 0.196931 0.352255
0.147145 0.271186 0.330745 0.250923
0.315624 0.192549 0.280175 0.211652
0.399234 0.215517 0.294923 0.090326
0.808882 0.004816 0.042385 0.143917

MOTIF M43 O43
letter-probability matrix: alength= 4 w= 9 nsites= 11187 E= 1337.0e-6
0.217127 0.139358 0.001073 0.642442
0.162599 0.205596 0.335032 0.296773
0.188969 0.023956 0.168231 0.618843
0.227578 0.172405 0.236877 0.363140
0.629149 0.053324 0.183860 0.133667
0.080764 0.536572 0.381499 0.001165
0.048940 0.547005 0.217327 0.186728
0.443328 0.013898 0.300498 0.242276
0.028620 0.193211 0.772273 0.005895

MOTIF M44 O44
letter-probability matrix: alength= 4 w= 9 nsites= 11187 E= 1337.0e-6
0.140666 0.284920 0.036512 0.537903
0.320402 0.180226 0.000808 0.498563
0.537922 0.293045 0.167865 0.001168
0.006936 0.088362 0.002522 0.902180
0.491510 0.002542 0.394625 0.111323
0.346866 0.188050 0.305169 0.159916
0.519227 0.085068 0.275558 0.120146
0.307137 0.015281 0.324317 0.353265
0.349961 0.109485 0.163983 0.376571

MOTIF M45 O45
letter-probability matrix: alength= 4 w= 9 nsites= 11187 E= 1337.0e-6
0.001520 0.997497 0.000358 0.000626
0.477183 0.002684 0.236310 0.283822
0.132569 0.362504 0.139556 0.365371
0.097038 0.107271 0.537074 0.258618
0.448902 0.106603 0.140968 0.303526
0.370110 0.077970 0.252028 0.299892
0.162964 0.221003 0.548744 0.067289
0.399761 0.252417 0.061884 0.285938
0.203300 0.212062 0.093960 0.490679

MOTIF M46 O46
letter-probability matrix: alength= 4 w= 9 nsites= 11187 E= 1337.0e-6
0.658711 0.000715 0.001251 0.339322
0.054081 0.092339 0.843658 0.009922
0.073262 0.279005 0.004204 0.643528
0.078784 0.309560 0.366939 0.244716
0.688732 0.045668 0.071170 0.194429
0.118663 0.426875 0.166712 0.287750
0.300368 0.039042 0.298435 0.362155
0.233389 0.263912 0.371952 0.130746
0.137424 0.254742 0.084693 0.523141

MOTIF M47 O47
letter-probability matrix: alength= 4 w= 9 nsites= 11187 E= 1337.0e-6
0.569947 0.261285 0.167784 0.000983
0.514623 0.002773 0.362311 0.120293
0.467849 0.006179 0.002060 0.523912
0.017657 0.324973 0.646052 0.011318
0.203332 0.257211 0.017896 0.521561
0.484441 0.128203 0.327673 0.059684
0.077191 0.466322 0.232068 0.224419
0.552388 0.291111 0.027798 0.128704
0.174386 0.512273 0.163295 0.150046

MOTIF M48 O48
letter-probability matrix: alength= 4 w= 9 nsites= 10833 E= 1337.0e-6
0.031570 0.041724 0.400997 0.525708
0.208061 0.012423 0.746515 0.033001
0.222483 0.301732 0.471187 0.004598
0.192474 0.001542 0.472856 0.333128
0.032173 0.009283 0.413502 0.545042
0.413711 0.008569 0.271830 0.305890
0.191805 0.227068 0.507195 0.073932
0.035655 0.296012 0.167278 0.501055
0.339714 0.238937 0.390947 0.030402

MOTIF M49 O49
letter-probability matrix: alength= 4 w= 9 nsites= 11187 E= 1337.0e-6
0.367099 0.391685 0.054895 0.186321
0.790373 0.064060 0.047061 0.098506
0.634333 0.196614 0.154283 0.014771
0.180243 0.303772 0.157075 0.358910
0.355539 0.093453 0.359060 0.191949
0.256936 0.049326 0.245376 0.448362
0.185795 0.135230 0.467069 0.211906
0.119223 0.072515 0.719753 0.088509
0.051308 0.850552 0.026350 0.071791

MOTIF M50 O50
letter-probability matrix: alength= 4 w= 9 nsites= 11187 E= 1337.0e-6
0.164387 0.260213 0.314472 0.260928
0.248614 0.012069 0.657608 0.081709
0.236367 0.052655 0.002861 0.708117
0.003934 0.669736 0.295843 0.030487
0.405650 0.002332 0.161166 0.430852
0.299307 0.051893 0.235903 0.412897
0.190924 0.321099 0.408425 0.079552
0.563475 0.237474 0.102857 0.096194
0.250391 0.466630 0.259597 0.023382

MOTIF M51 O51
letter-probability matrix: alength= 4 w= 9 nsites= 11187 E= 1337.0e-6
0.000358 0.803701 0.195584 0.000358
0.451725 0.440461 0.017790 0.090023
0.375906 0.349432 0.229765 0.044898
0.258726 0.013245 0.000805 0.727224
0.030778 0.274658 0.334503 0.360061
0.631631 0.048064 0.241407 0.078897
0.269456 0.126442 0.195935 0.408167
0.292988 0.189668 0.285940 0.231404
0.502356 0.313289 0.169086 0.015269

MOTIF M52 O52
letter-probability matrix: alength= 4 w= 9 nsites= 11187 E= 1337.0e-6
0.169572 0.746938 0.052919 0.030571
0.145958 0.573677 0.078335 0.202031
0.288190 0.055214 0.199830 0.456767
0.430421 0.186275 0.331525 0.051780
0.171292 0.037225 0.214450 0.577033
0.022985 0.018177 0.726582 0.232256
0.647168 0.044605 0.120415 0.187812
0.041571 0.344207 0.520636 0.093585
0.205217 0.096393 0.131241 0.567149

MOTIF M53 O53
letter-probability matrix: alength= 4 w= 9 nsites= 11187 E= 1337.0e-6
0.433181 0.393224 0.091445 0.082149
0.248121 0.187903 0.004832 0.559145
0.053912 0.042476 0.660102 0.243511
0.303455 0.118057 0.027866 0.550622
0.087657 0.089916 0.632991 0.189436
0.194158 0.060615 0.447117 0.298110
0.369801 0.524086 0.053105 0.053008
0.334509 0.608091 0.043099 0.014301
0.013403 0.448856 0.233397 0.304343

MOTIF M54 O54
letter-probability matrix: alength= 4 w= 9 nsites= 11187 E= 1337.0e-6
0.149012 0.012604 0.603468 0.234916
0.029520 0.580016 0.192325 0.198139
0.026488 0.432125 0.177450 0.363937
0.392873 0.278897 0.327514 0.000716
0.269589 0.005200 0.603640 0.121571
0.347760 0.472210 0.012840 0.167190
0.326218 0.354139 0.027740 0.291903
0.337739 0.034275 0.063263 0.564722
0.329422 0.195435 0.404639 0.070505

MOTIF M55 O55
letter-probability matrix: alength= 4 w= 9 nsites= 11061 E= 1337.0e-6
0.552030 0.288039 0.038423 0.121508
0.548328 0.328414 0.122711 0.000547
0.256734 0.516328 0.024631 0.202306
0.243614 0.708254 0.036409 0.011723
0.391202 0.261096 0.053440 0.294262
0.319814 0.583999 0.078993 0.017194
0.324249 0.351089 0.097347 0.227315
0.324001 0.270316 0.402223 0.003460
0.698317 0.022759 0.052080 0.226845

MOTIF M56 O56
letter-probability matrix: alength= 4 w= 9 nsites= 11187 E= 1337.0e-6
0.817288 0.052829 0.002860 0.127022
0.000358 0.013141 0.882174 0.104327
0.173772 0.352421 0.046694 0.427113
0.348303 0.155767 0.475624 0.020305
0.161168 0.283318 0.015014 0.540500
0.018915 0.109650 0.367643 0.503793
0.330998 0.240389 0.247397 0.181217
0.410695 0.276564 0.077790 0.234951
0.271270 0.269165 0.249223 0.210342

MOTIF M57 O57
letter-probability matrix: alength= 4 w= 9 nsites= 11176 E= 1337.0e-6
0.431371 0.437903 0.115784 0.014943
0.890914 0.077572 0.012839 0.018675
0.059718 0.024547 0.866734 0.049002
0.174580 0.450420 0.248379 0.126621
0.038666 0.343362 0.137996 0.479976
0.251096 0.222540 0.366650 0.159714
0.281341 0.135256 0.163578 0.419825
0.068182 0.322162 0.425534 0.184122
0.073660 0.058147 0.335374 0.532820

MOTIF M58 O58
letter-probability matrix: alength= 4 w= 9 nsites= 11185 E= 1337.0e-6
0.423871 0.330800 0.242825 0.002503
0.000000 0.213333 0.402864 0.383803
0.246445 0.012601 0.000540 0.740414
0.729784 0.227550 0.041389 0.001276
0.183764 0.385043 0.053285 0.377908
0.239091 0.360966 0.137751 0.262192
0.342783 0.294861 0.023720 0.338637
0.061954 0.185266 0.185365 0.567415
0.193441 0.427877 0.067618 0.311064

MOTIF M59 O59
letter-probability matrix: alength= 4 w= 9 nsites= 11185 E= 1337.0e-6
0.021815 0.786142 0.188735 0.003308
0.370621 0.176959 0.012730 0.439689
0.148650 0.489569 0.296758 0.065023
0.033418 0.404999 0.184206 0.377377
0.057670 0.446281 0.174916 0.321133
0.618305 0.088147 0.072269 0.221279
0.201851 0.056625 0.165292 0.576232
0.497878 0.112362 0.152952 0.236808
0.186157 0.073774 0.684994 0.055075

MOTIF M60 O60
letter-probability matrix: alength= 4 w= 9 nsites= 11185 E= 1337.0e-6
0.089090 0.001166 0.599856 0.309887
0.155600 0.012389 0.458499 0.373513
0.138514 0.609094 0.003669 0.248722
0.383070 0.257828 0.229288 0.129814
0.012568 0.158637 0.104874 0.723921
0.474731 0.477110 0.037239 0.010920
0.803697 0.041208 0.104714 0.050381
0.010808 0.338168 0.249147 0.401877
0.297093 0.088808 0.155378 0.458721

MOTIF M61 O61
letter-probability matrix: alength= 4 w= 9 nsites= 11186 E= 1337.0e-6
0.288116 0.033258 0.316313 0.362314
0.482806 0.048400 0.222458 0.246335
0.101926 0.005424 0.679727 0.212923
0.061813 0.014664 0.681670 0.241853
0.057425 0.201515 0.728965 0.012095
0.078717 0.196737 0.260565 0.463981
0.292219 0.624578 0.024174 0.059029
0.163938 0.430223 0.066285 0.339554
0.255686 0.086284 0.543142 0.114889

MOTIF M62 O62
letter-probability matrix: alength= 4 w= 9 nsites= 11187 E= 1337.0e-6
0.009389 0.678530 0.292140 0.019941
0.573037 0.404812 0.015524 0.006627
0.218223 0.652483 0.118998 0.010296
0.593698 0.001106 0.042565 0.362631
0.483158 0.017120 0.215621 0.284101
0.178815 0.146524 0.372189 0.302473
0.082747 0.228102 0.150010 0.539141
0.183705 0.272613 0.160054 0.383628
0.021203 0.145957 0.286686 0.546154

MOTIF M63 O63
letter-probability matrix: alength= 4 w= 9 nsites= 11187 E= 1337.0e-6
0.350689 0.049651 0.517177 0.082483
0.242297 0.020154 0.645557 0.091992
0.000640 0.629755 0.074067 0.295538
0.113747 0.527121 0.013298 0.345834
0.339757 0.295441 0.309528 0.055273
0.258657 0.038992 0.693720 0.008632
0.484565 0.217885 0.001892 0.295658
0.409350 0.268996 0.098809 0.222845
0.407611 0.174705 0.127289 0.290395

MOTIF M64 O64
letter-probability matrix: alength= 4 w= 9 nsites= 11183 E= 1337.0e-6
0.547975 0.028347 0.209067 0.214611
0.226756 0.368680 0.391141 0.013423
0.313982 0.054692 0.010811 0.620514
0.007988 0.182519 0.791866 0.017628
0.244176 0.178444 0.574190 0.003190
0.705859 0.137106 0.054982 0.102053
0.508366 0.011054 0.112260 0.368320
0.335067 0.381864 0.198627 0.084443
0.272400 0.426572 0.191708 0.109320

MOTIF M65 O65
letter-probability matrix: alength= 4 w= 9 nsites= 11139 E= 1337.0e-6
0.090313 0.609660 0.062124 0.237903
0.496481 0.363130 0.064985 0.075404
0.231280 0.418941 0.076632 0.273146
0.248670 0.110292 0.118783 0.522254
0.320677 0.051529 0.571402 0.056392
0.014565 0.042473 0.310468 0.632494
0.773112 0.080190 0.020808 0.125891
0.667880 0.086886 0.068206 0.177028
0.150847 0.141394 0.291256 0.416503

MOTIF M66 O66
letter-probability matrix: alength= 4 w= 9 nsites= 11187 E= 1337.0e-6
0.471172 0.000536 0.210423 0.317869
0.000000 0.623623 0.374228 0.002149
0.021741 0.622018 0.021925 0.334316
0.437989 0.002641 0.490522 0.068848
0.038036 0.356149 0.604004 0.001811
0.280222 0.297102 0.253488 0.169187
0.305233 0.296970 0.049184 0.348613
0.211825 0.328364 0.082494 0.377317
0.247808 0.451976 0.190034 0.110183

MOTIF M67 O67
letter-probability matrix: alength= 4 w= 9 nsites= 11187 E= 1337.0e-6
0.962903 0.020202 0.015911 0.000983
0.141450 0.002775 0.665980 0.189794
0.038910 0.457832 0.180967 0.322291
0.310587 0.191599 0.275993 0.221821
0.249563 0.179868 0.550573 0.019996
0.137398 0.246957 0.205248 0.410397
0.040713 0.471833 0.146226 0.341227
0.184351 0.328759 0.153523 0.333367
0.627453 0.001142 0.079223 0.292181

MOTIF M68 O68
letter-probability matrix: alength= 4 w= 9 nsites= 11158 E= 1337.0e-6
0.063094 0.030471 0.892723 0.013712
0.513037 0.016989 0.446534 0.023440
0.235923 0.149203 0.111787 0.503087
0.216851 0.274640 0.278567 0.229942
0.188580 0.250212 0.174705 0.386503
0.294766 0.140116 0.310630 0.254488
0.138627 0.424545 0.061887 0.374940
0.323143 0.503977 0.126402 0.046478
0.840212 0.017840 0.033751 0.108197

MOTIF M69 O69
letter-probability matrix: alength= 4 w= 9 nsites= 11166 E= 1337.0e-6
0.066093 0.166219 0.037525 0.730163
0.132472 0.027284 0.497936 0.342308
0.414791 0.080944 0.207169 0.297096
0.311526 0.347426 0.267973 0.073075
0.137625 0.188261 0.488234 0.185880
0.070090 0.473451 0.056607 0.399852
0.608627 0.118850 0.131360 0.141163
0.048732 0.732864 0.030329 0.188075
0.076128 0.604096 0.049850 0.269926

MOTIF M70 O70
letter-probability matrix: alength= 4 w= 9 nsites= 11187 E= 1337.0e-6
0.108876 0.436042 0.448467 0.006615
0.706266 0.000000 0.007956 0.285778
0.011447 0.626900 0.329637 0.032016
0.464482 0.234227 0.002888 0.298402
0.120445 0.010386 0.361789 0.507380
0.047263 0.597803 0.024278 0.330656
0.333746 0.415516 0.088339 0.162399
0.243672 0.070927 0.309980 0.375421
0.048106 0.123284 0.434122 0.394488

MOTIF M71 O71
letter-probability matrix: alength= 4 w= 9 nsites= 11173 E= 1337.0e-6
0.359796 0.376443 0.012351 0.251410
0.530572 0.017483 0.119598 0.332347
0.104017 0.367075 0.048091 0.480818
0.049727 0.401978 0.514280 0.034014
0.409142 0.006786 0.225071 0.359001
0.118510 0.106126 0.194151 0.581214
0.116430 0.135190 0.318925 0.429456
0.039965 0.727691 0.036928 0.195416
0.196726 0.132666 0.495302 0.175306

MOTIF M72 O72
letter-probability matrix: alength= 4 w= 9 nsites= 10750 E= 1337.0e-6
0.106791 0.568279 0.088186 0.236744
0.237636 0.502844 0.072978 0.186542
0.033733 0.065401 0.191286 0.709579
0.038534 0.320855 0.009684 0.630927
0.658522 0.181182 0.158370 0.001926
0.209169 0.196377 0.079001 0.515452
0.063371 0.282934 0.069303 0.584391
0.391281 0.121385 0.067553 0.419780
0.293215 0.556504 0.075951 0.074330

MOTIF M73 O73
letter-probability matrix: alength= 4 w= 9 nsites= 11187 E= 1337.0e-6
0.580763 0.109234 0.165907 0.144096
0.306248 0.080272 0.584250 0.029230
0.019272 0.473826 0.456884 0.050018
0.493007 0.296129 0.042949 0.167915
0.264810 0.027760 0.328767 0.378663
0.079744 0.069044 0.777046 0.074166
0.172548 0.410031 0.092647 0.324774
0.124663 0.104955 0.003811 0.766571
0.220379 0.397681 0.166462 0.215477

MOTIF M74 O74
letter-probability matrix: alength= 4 w= 9 nsites= 11187 E= 1337.0e-6
0.344954 0.000089 0.047645 0.607312
0.229652 0.127286 0.460739 0.182323
0.397646 0.521231 0.063287 0.017836
0.007621 0.239179 0.753004 0.000195
0.144522 0.030893 0.082416 0.742170
0.225693 0.360291 0.059973 0.354044
0.230568 0.333492 0.219277 0.216663
0.375244 0.156555 0.153021 0.315180
0.166769 0.526115 0.083569 0.223547

MOTIF M75 O75
letter-probability matrix: alength= 4 w= 9 nsites= 11187 E= 1337.0e-6
0.243408 0.241262 0.028873 0.486457
0.009484 0.014315 0.974680 0.001521
0.494777 0.272232 0.006540 0.226451
0.061017 0.175172 0.347320 0.416491
0.335399 0.095062 0.047161 0.522378
0.540631 0.057911 0.278162 0.123295
0.290359 0.436384 0.111351 0.161906
0.157294 0.491959 0.172424 0.178323
0.166812 0.317175 0.192646 0.323367

MOTIF M76 O76
letter-probability matrix: alength= 4 w= 9 nsites= 11187 E= 1337.0e-6
0.049343 0.696791 0.029767 0.224099
0.315992 0.637168 0.034236 0.012604
0.054869 0.256355 0.005460 0.683315
0.462785 0.008010 0.305553 0.223652
0.137766 0.156943 0.552601 0.152691
0.255642 0.106898 0.373138 0.264322
0.016562 0.085585 0.619634 0.278220
0.294524 0.367435 0.118828 0.219212
0.535686 0.118358 0.270718 0.075238

MOTIF M77 O77
letter-probability matrix: alength= 4 w= 9 nsites= 11187 E= 1337.0e-6
0.035583 0.289942 0.669736 0.004738
0.351045 0.345151 0.129570 0.174233
0.386555 0.068427 0.222551 0.322467
0.150555 0.048244 0.270425 0.530776
0.014278 0.417300 0.121454 0.446968
0.010158 0.455452 0.031594 0.502796
0.331828 0.027103 0.274421 0.366648
0.115778 0.036322 0.722285 0.125615
0.591614 0.230104 0.006941 0.171342

MOTIF M78 O78
letter-probability matrix: alength= 4 w= 9 nsites= 11187 E= 1337.0e-6
0.425047 0.372754 0.143559 0.058639
0.021282 0.025843 0.090763 0.862112
0.066177 0.014686 0.553595 0.365541
0.610577 0.277992 0.100745 0.010685
0.061171 0.298649 0.079730 0.560450
0.110019 0.306215 0.545819 0.037947
0.496983 0.094310 0.080108 0.328599
0.401300 0.236297 0.285176 0.077227
0.369530 0.151873 0.154448 0.324149

MOTIF M79 O79
letter-probability matrix: alength= 4 w= 9 nsites= 11185 E= 1337.0e-6
0.666518 0.321591 0.009835 0.002056
0.422070 0.124255 0.004696 0.448980
0.037537 0.303050 0.482087 0.177326
0.011523 0.311544 0.674314 0.002619
0.720437 0.079631 0.008772 0.191160
0.276468 0.115205 0.357698 0.250628
0.109049 0.470114 0.161142 0.259695
0.054210 0.102664 0.324588 0.518538
0.389610 0.182765 0.061824 0.365801

MOTIF M80 O80
letter-probability matrix: alength= 4 w= 9 nsites= 11185 E= 1337.0e-6
0.081270 0.008404 0.872865 0.037461
0.314223 0.448512 0.162041 0.075224
0.500046 0.306075 0.075689 0.118189
0.168374 0.152542 0.330508 0.348575
0.290598 0.331455 0.240068 0.137879
0.568199 0.045121 0.019122 0.367558
0.071537 0.327120 0.096707 0.504637
0.098790 0.598598 0.174635 0.127976
0.076908 0.051989 0.496726 0.374377

MOTIF M81 O81
letter-probability matrix: alength= 4 w= 9 nsites= 11187 E= 1337.0e-6
0.073568 0.189506 0.439528 0.297399
0.333035 0.256683 0.115869 0.294412
0.158757 0.117568 0.596168 0.127507
0.148447 0.001177 0.159315 0.691061
0.020666 0.748224 0.162469 0.068641
0.572806 0.080938 0.048411 0.297844
0.146078 0.084838 0.161364 0.607719
0.176374 0.543780 0.277146 0.002700
0.213809 0.513455 0.235415 0.037321

MOTIF M82 O82
letter-probability matrix: alength= 4 w= 9 nsites= 11109 E= 1337.0e-6
0.007741 0.802052 0.187776 0.002430
0.137164 0.555399 0.170373 0.137064
0.376406 0.004101 0.548523 0.070970
0.151168 0.257006 0.582272 0.009554
0.256879 0.144347 0.389295 0.209480
0.063224 0.331276 0.130995 0.474505
0.137920 0.279483 0.345075 0.237522
0.284800 0.133251 0.392681 0.189268
0.329414 0.052453 0.593262 0.024870

MOTIF M83 O83
letter-probability matrix: alength= 4 w= 9 nsites= 11187 E= 1337.0e-6
0.071786 0.086269 0.019667 0.822278
0.158682 0.018447 0.540700 0.282171
0.598087 0.168291 0.022108 0.211514
0.100961 0.677814 0.106398 0.114827
0.076944 0.381474 0.306571 0.235010
0.682004 0.120672 0.135566 0.061759
0.068972 0.182545 0.389558 0.358925
0.400412 0.147959 0.134027 0.317602
0.501637 0.018656 0.306540 0.173167

MOTIF M84 O84
letter-probability matrix: alength= 4 w= 9 nsites= 11165 E= 1337.0e-6
0.036453 0.163189 0.044783 0.755575
0.012037 0.344285 0.026971 0.616707
0.058939 0.190689 0.443296 0.307076
0.298719 0.231609 0.277456 0.192216
0.300202 0.155970 0.484172 0.059656
0.722527 0.023996 0.217924 0.035553
0.180308 0.701985 0.037784 0.079923
0.261528 0.245266 0.055135 0.438071
0.199261 0.042047 0.377498 0.381194

MOTIF M85 O85
letter-probability matrix: alength= 4 w= 9 nsites= 11187 E= 1337.0e-6
0.004291 0.005810 0.946366 0.043533
0.017086 0.185526 0.297880 0.499508
0.071051 0.089664 0.323132 0.516152
0.102587 0.302390 0.301405 0.293617
0.691928 0.098949 0.176798 0.032325
0.214864 0.449973 0.129566 0.205597
0.648051 0.108432 0.055213 0.188305
0.438407 0.162360 0.275135 0.124098
0.329720 0.274968 0.042524 0.352789

MOTIF M86 O86
letter-probability matrix: alength= 4 w= 9 nsites= 11187 E= 1337.0e-6
0.019222 0.007510 0.084041 0.889227
0.517889 0.015564 0.280948 0.185599
0.264948 0.333512 0.127909 0.273631
0.318316 0.281253 0.282958 0.117473
0.138585 0.062421 0.083348 0.715646
0.436704 0.418425 0.106130 0.038741
0.649157 0.111418 0.120818 0.118607
0.071269 0.441122 0.133408 0.354202
0.258163 0.454659 0.230298 0.056880

MOTIF M87 O87
letter-probability matrix: alength= 4 w= 9 nsites= 11185 E= 1337.0e-6
0.241447 0.029733 0.661293 0.067526
0.012902 0.849663 0.011780 0.125654
0.184319 0.127985 0.094024 0.593671
0.028419 0.098594 0.850723 0.022263
0.347466 0.178088 0.365411 0.109036
0.105191 0.366529 0.209959 0.318321
0.038412 0.458271 0.142735 0.360582
0.262843 0.115478 0.072741 0.548937
0.200157 0.331468 0.231389 0.236986

MOTIF M88 O88
letter-probability matrix: alength= 4 w= 9 nsites= 11187 E= 1337.0e-6
0.016626 0.037544 0.924287 0.021543
0.079735 0.346563 0.087780 0.485921
0.179063 0.236456 0.439031 0.145450
0.309343 0.076889 0.006884 0.606884
0.169607 0.434674 0.128414 0.267305
0.460896 0.023166 0.464667 0.051271
0.400198 0.172708 0.062877 0.364217
0.427758 0.159132 0.164286 0.248825
0.301577 0.251983 0.379889 0.066551

MOTIF M89 O89
letter-probability matrix: alength= 4 w= 9 nsites= 11182 E= 1337.0e-6
0.008228 0.134591 0.208997 0.648185
0.537623 0.042083 0.334415 0.085879
0.327456 0.362265 0.176134 0.134145
0.192778 0.111598 0.541196 0.154428
0.056471 0.103563 0.128103 0.711863
0.563049 0.168846 0.246633 0.021472
0.005313 0.325682 0.033681 0.635325
0.492890 0.218982 0.065952 0.222176
0.370626 0.444061 0.041993 0.143320

MOTIF M90 O90
letter-probability matrix: alength= 4 w= 9 nsites= 11187 E= 1337.0e-6
0.004827 0.336283 0.596764 0.062126
0.719810 0.034643 0.067586 0.177961
0.175242 0.053693 0.552976 0.218089
0.197787 0.326834 0.049696 0.425682
0.455475 0.207570 0.191362 0.145594
0.666294 0.134246 0.072480 0.126980
0.391514 0.016160 0.057078 0.535249
0.061656 0.523887 0.398181 0.016276
0.175567 0.249852 0.036749 0.537833

MOTIF M91 O91
letter-probability matrix: alength= 4 w= 9 nsites= 11170 E= 1337.0e-6
0.466249 0.007073 0.485586 0.041092
0.346594 0.616278 0.029995 0.007133
0.480395 0.035261 0.159191 0.325153
0.247910 0.298556 0.414861 0.038674
0.056551 0.543043 0.107098 0.293309
0.135801 0.560192 0.008543 0.295463
0.025760 0.130586 0.133261 0.710393
0.033474 0.340549 0.492483 0.133494
0.058183 0.271453 0.363820 0.306544

MOTIF M92 O92
letter-probability matrix: alength= 4 w= 9 nsites= 11181 E= 1337.0e-6
0.503712 0.297469 0.195600 0.003220
0.487969 0.014760 0.120315 0.376957
0.254990 0.668039 0.070438 0.006534
0.307901 0.001354 0.225192 0.465553
0.236603 0.494641 0.024160 0.244596
0.029306 0.171228 0.207723 0.591743
0.306648 0.113622 0.195909 0.383821
0.005422 0.421668 0.432604 0.140307
0.225231 0.417660 0.355583 0.001526

MOTIF M93 O93
letter-probability matrix: alength= 4 w= 9 nsites= 11000 E= 1337.0e-6
0.315182 0.070182 0.396273 0.218364
0.240765 0.395967 0.215134 0.148134
0.507349 0.140688 0.161768 0.190195
0.127352 0.391465 0.270708 0.210475
0.285491 0.285686 0.142354 0.286469
0.082817 0.055179 0.844399 0.017606
0.042965 0.781603 0.161540 0.013892
0.122420 0.740112 0.062633 0.074835
0.102380 0.554516 0.169213 0.173890

MOTIF M94 O94
letter-probability matrix: alength= 4 w= 9 nsites= 11186 E= 1337.0e-6
0.492312 0.062688 0.024202 0.420799
0.580297 0.032285 0.130062 0.257356
0.113964 0.058107 0.005342 0.822587
0.265437 0.044924 0.349360 0.340279
0.155556 0.108782 0.206599 0.529064
0.310297 0.068311 0.441326 0.180066
0.249440 0.471685 0.175188 0.103687
0.291802 0.054687 0.074315 0.579196
0.736309 0.085340 0.107607 0.070744

MOTIF M95 O95
letter-probability matrix: alength= 4 w= 9 nsites= 11187 E= 1337.0e-6
0.268884 0.275230 0.001341 0.454545
0.552486 0.005097 0.358190 0.084227
0.041790 0.457002 0.285996 0.215213
0.181934 0.237131 0.368861 0.212074
0.405793 0.018914 0.394554 0.180738
0.683987 0.082182 0.217708 0.016123
0.014987 0.637345 0.248999 0.098669
0.202854 0.053092 0.055661 0.688392
0.020572 0.199826 0.274097 0.505505

MOTIF M96 O96
letter-probability matrix: alength= 4 w= 9 nsites= 11187 E= 1337.0e-6
0.223087 0.237494 0.055928 0.483490
0.044389 0.556470 0.065241 0.333900
0.192597 0.113282 0.079763 0.614357
0.198618 0.411052 0.042612 0.347717
0.759792 0.017697 0.043209 0.179303
0.007103 0.159773 0.530570 0.302553
0.429178 0.001716 0.349593 0.219512
0.614682 0.088112 0.265340 0.031866
0.094797 0.382931 0.121561 0.400711

MOTIF M97 O97
letter-probability matrix: alength= 4 w= 9 nsites= 11185 E= 1337.0e-6
0.156728 0.213590 0.374519 0.255163
0.381843 0.094544 0.000089 0.523524
0.197058 0.244147 0.254821 0.303973
0.497749 0.029539 0.036113 0.436599
0.263901 0.032422 0.019562 0.684115
0.476685 0.348907 0.172860 0.001548
0.002513 0.009027 0.312116 0.676345
0.448976 0.291472 0.096903 0.162649
0.345238 0.148907 0.379879 0.125976

MOTIF M98 O98
letter-probability matrix: alength= 4 w= 9 nsites= 11184 E= 1337.0e-6
0.131348 0.043187 0.111320 0.714145
0.009365 0.134804 0.824043 0.031787
0.864412 0.075945 0.016772 0.042872
0.290186 0.224794 0.054830 0.430190
0.186400 0.448454 0.318819 0.046327
0.421941 0.172796 0.058324 0.346939
0.076600 0.514868 0.147315 0.261217
0.135584 0.239996 0.314853 0.309567
0.112656 0.506240 0.222356 0.158748

MOTIF M99 O99
letter-probability matrix: alength= 4 w= 9 nsites= 11187 E= 1337.0e-6
0.228658 0.179673 0.425047 0.166622
0.746993 0.040477 0.100162 0.112368
0.027257 0.584624 0.341755 0.046364
0.234857 0.420428 0.018229 0.326485
0.278761 0.050639 0.279646 0.390954
0.028634 0.348360 0.610126 0.012880
0.265402 0.091009 0.041140 0.602448
0.075267 0.179513 0.016704 0.728517
0.028823 0.221688 0.147588 0.601901

MOTIF M100 O100
letter-probability matrix: alength= 4 w= 9 nsites= 11187 E= 1337.0e-6
0.008407 0.022717 0.965030 0.003846
0.542922 0.291904 0.002171 0.163003
0.137616 0.177313 0.262365 0.422705
0.102902 0.487439 0.002596 0.407064
0.446637 0.075230 0.267906 0.210227
0.329177 0.310328 0.203998 0.156497
0.158952 0.582249 0.088657 0.170142
0.144031 0.093958 0.245626 0.516385
0.205268 0.033366 0.410634 0.350732

MOTIF M101 O101
letter-probability matrix: alength= 4 w= 9 nsites= 11186 E= 1337.0e-6
0.102271 0.090738 0.765332 0.041659
0.125258 0.764716 0.012006 0.098020
0.204558 0.468551 0.141659 0.185232
0.612352 0.053637 0.232552 0.101459
0.386110 0.153589 0.193473 0.266828
0.655675 0.084073 0.127417 0.132835
0.376337 0.063896 0.416401 0.143366
0.352919 0.155981 0.016746 0.474354
0.039504 0.535700 0.214105 0.210691

MOTIF M102 O102
letter-probability matrix: alength= 4 w= 9 nsites= 11187 E= 1337.0e-6
0.724156 0.141511 0.073582 0.060750
0.623167 0.020035 0.067936 0.288863
0.017268 0.898672 0.068596 0.015465
0.365397 0.436157 0.053948 0.144499
0.332214 0.013651 0.547835 0.106300
0.067067 0.173150 0.659010 0.100773
0.302809 0.207812 0.054048 0.435332
0.127479 0.280526 0.172521 0.419474
0.188477 0.206697 0.201034 0.403792

MOTIF M103 O103
letter-probability matrix: alength= 4 w= 9 nsites= 11187 E= 1337.0e-6
0.891892 0.009576 0.012440 0.086093
0.023709 0.565694 0.347732 0.062865
0.362146 0.201937 0.208923 0.226993
0.143220 0.531544 0.229379 0.095857
0.455083 0.111542 0.364958 0.068417
0.108888 0.011281 0.060133 0.819698
0.279889 0.180622 0.153998 0.385491
0.322752 0.271780 0.078910 0.326557
0.609092 0.074314 0.158854 0.157740

MOTIF M104 O104
letter-probability matrix: alength= 4 w= 9 nsites= 11187 E= 1337.0e-6
0.007332 0.792293 0.018419 0.181956
0.497437 0.134017 0.156445 0.212102
0.097899 0.603266 0.071658 0.227177
0.634866 0.257260 0.064594 0.043280
0.144075 0.199906 0.447681 0.208337
0.090736 0.024824 0.747480 0.136960
0.059923 0.136224 0.350193 0.453661
0.276498 0.262575 0.416609 0.044318
0.378221 0.171864 0.348942 0.100973

MOTIF M105 O105
letter-probability matrix: alength= 4 w= 9 nsites= 11187 E= 1337.0e-6
0.000000 0.996693 0.003218 0.000089
0.648453 0.000000 0.329816 0.021731
0.287545 0.330645 0.308244 0.073566
0.250316 0.293873 0.087023 0.368787
0.118880 0.454554 0.192269 0.234297
0.266351 0.128112 0.448625 0.156912
0.301083 0.065662 0.104852 0.528403
0.177645 0.268035 0.299591 0.254729
0.163893 0.228335 0.220929 0.386842

MOTIF M106 O106
letter-probability matrix: alength= 4 w= 9 nsites= 11187 E= 1337.0e-6
0.203093 0.013140 0.285957 0.497810
0.000179 0.994814 0.004738 0.000268
0.359017 0.109756 0.106800 0.424427
0.415329 0.191705 0.170827 0.222140
0.124802 0.002513 0.732806 0.139879
0.359305 0.013064 0.392387 0.235244
0.232814 0.172237 0.098462 0.496487
0.131987 0.284860 0.171602 0.411551
0.267050 0.268261 0.302159 0.162530

MOTIF M107 O107
letter-probability matrix: alength= 4 w= 9 nsites= 11187 E= 1337.0e-6
0.111826 0.566640 0.277912 0.043622
0.187962 0.027856 0.126496 0.657686
0.124725 0.178670 0.386992 0.309613
0.769418 0.013385 0.055567 0.161631
0.319817 0.640362 0.036702 0.003119
0.044470 0.097901 0.442881 0.414748
0.418215 0.277322 0.192039 0.112425
0.262773 0.011227 0.377066 0.348934
0.045803 0.487738 0.065525 0.400934

MOTIF M108 O108
letter-probability matrix: alength= 4 w= 9 nsites= 11187 E= 1337.0e-6
0.040225 0.097792 0.457317 0.404666
0.088958 0.726330 0.129817 0.054895
0.113640 0.431081 0.106650 0.348629
0.555785 0.094682 0.046802 0.302731
0.085241 0.463687 0.180483 0.270589
0.224703 0.224521 0.156548 0.394228
0.543684 0.019385 0.398981 0.037950
0.001648 0.033877 0.250137 0.714338
0.378394 0.439618 0.102696 0.079292

MOTIF M109 O109
letter-probability matrix: alength= 4 w= 9 nsites= 11187 E= 1337.0e-6
0.181745 0.546755 0.018863 0.252637
0.418024 0.099785 0.091552 0.390639
0.444982 0.019160 0.345689 0.190169
0.345489 0.008064 0.360004 0.286444
0.292449 0.457394 0.230403 0.019754
0.002822 0.113872 0.283179 0.600127
0.539059 0.110197 0.047425 0.303319
0.024841 0.134666 0.789597 0.050897
0.322562 0.294051 0.005892 0.377495

MOTIF M110 O110
letter-probability matrix: alength= 4 w= 9 nsites= 11187 E= 1337.0e-6
0.109413 0.277733 0.534996 0.077858
0.017265 0.642276 0.009661 0.330799
0.170028 0.192023 0.619969 0.017979
0.089962 0.055120 0.342428 0.512490
0.572732 0.069380 0.049264 0.308624
0.296857 0.147868 0.505892 0.049383
0.382378 0.374559 0.186803 0.056260
0.307100 0.501704 0.067400 0.123795
0.407307 0.138285 0.301429 0.152979

MOTIF M111 O111
letter-probability matrix: alength= 4 w= 9 nsites= 11185 E= 1337.0e-6
0.833348 0.104873 0.004649 0.057130
0.424731 0.006183 0.480108 0.088978
0.036327 0.362450 0.011409 0.589814
0.555294 0.175153 0.112376 0.157176
0.142609 0.498073 0.112064 0.247254
0.265117 0.102784 0.106149 0.525951
0.524181 0.279597 0.171167 0.025054
0.390508 0.085970 0.071295 0.452227
0.016779 0.298544 0.500844 0.183833

MOTIF M112 O112
letter-probability matrix: alength= 4 w= 9 nsites= 10258 E= 1337.0e-6
0.338760 0.059661 0.349873 0.251706
0.273443 0.052818 0.385809 0.287931
0.248232 0.072667 0.634041 0.045060
0.262376 0.249137 0.320861 0.167626
0.885363 0.002459 0.094379 0.017799
0.106554 0.014105 0.733910 0.145431
0.006002 0.010044 0.856443 0.127511
0.017676 0.100163 0.464962 0.417199
0.335802 0.116573 0.329545 0.218080

MOTIF M113 O113
letter-probability matrix: alength= 4 w= 9 nsites= 11061 E= 1337.0e-6
0.302414 0.193925 0.146732 0.356930
0.327366 0.064189 0.581955 0.026489
0.349049 0.188399 0.099675 0.362877
0.562106 0.105037 0.231921 0.100935
0.020605 0.599670 0.338614 0.041112
0.203366 0.304240 0.254288 0.238106
0.828012 0.018369 0.095342 0.058277
0.024714 0.013181 0.850835 0.111270
0.603769 0.009256 0.207873 0.179101

MOTIF M114 O114
letter-probability matrix: alength= 4 w= 9 nsites= 11187 E= 1337.0e-6
0.007687 0.259498 0.020202 0.712613
0.558518 0.032480 0.118826 0.290175
0.180687 0.338912 0.400304 0.080097
0.338913 0.001880 0.034285 0.624922
0.003762 0.067007 0.691929 0.237302
0.320637 0.056817 0.130191 0.492355
0.201355 0.280066 0.322259 0.196321
0.172550 0.205825 0.149415 0.472209
0.326225 0.610924 0.062664 0.000187

MOTIF M115 O115
letter-probability matrix: alength= 4 w= 9 nsites= 11038 E= 1337.0e-6
0.163435 0.328230 0.483602 0.024733
0.099346 0.466331 0.310418 0.123905
0.041274 0.353881 0.574400 0.030446
0.024917 0.629438 0.227784 0.117861
0.078155 0.313071 0.381189 0.227585
0.261740 0.271518 0.248209 0.218533
0.590593 0.244320 0.150131 0.014956
0.067668 0.644684 0.025232 0.262415
0.090407 0.119526 0.239051 0.551016

MOTIF M116 O116
letter-probability matrix: alength= 4 w= 9 nsites= 11187 E= 1337.0e-6
0.581121 0.080540 0.000179 0.338160
0.050952 0.011710 0.861625 0.075713
0.107602 0.622762 0.067296 0.202339
0.372023 0.013650 0.326402 0.287926
0.327049 0.322706 0.104611 0.245633
0.255372 0.401704 0.271652 0.071273
0.345048 0.014286 0.062571 0.578095
0.134396 0.294327 0.524623 0.046655
0.079365 0.381445 0.275362 0.263827

MOTIF M117 O117
letter-probability matrix: alength= 4 w= 9 nsites= 11187 E= 1337.0e-6
0.005874 0.453050 0.064618 0.476457
0.554169 0.322096 0.042916 0.080820
0.118061 0.336168 0.163512 0.382259
0.095776 0.070340 0.000918 0.832966
0.476292 0.225000 0.200461 0.098247
0.013560 0.659980 0.009288 0.317173
0.442273 0.349682 0.165924 0.042121
0.026283 0.320096 0.113381 0.540240
0.262896 0.271742 0.194215 0.271146

MOTIF M118 O118
letter-probability matrix: alength= 4 w= 9 nsites= 11187 E= 1337.0e-6
0.368642 0.019398 0.044427 0.567534
0.132069 0.305943 0.249573 0.312416
0.307250 0.467350 0.006476 0.218924
0.022613 0.636847 0.077658 0.262883
0.347338 0.002557 0.626176 0.023929
0.001656 0.155537 0.750552 0.092255
0.438090 0.298570 0.159424 0.103916
0.304323 0.235684 0.359784 0.100209
0.287425 0.113880 0.245474 0.353222

MOTIF M119 O119
letter-probability matrix: alength= 4 w= 9 nsites= 10980 E= 1337.0e-6
0.164754 0.381148 0.306193 0.147905
0.275385 0.115381 0.540896 0.068338
0.148876 0.393255 0.450538 0.007331
0.539016 0.015606 0.370308 0.075069
0.026664 0.489802 0.480350 0.003184
0.032548 0.382614 0.104071 0.480767
0.069012 0.553854 0.030833 0.346301
0.067781 0.241880 0.075927 0.614413
0.119785 0.318795 0.487042 0.074378

MOTIF M120 O120
letter-probability matrix: alength= 4 w= 9 nsites= 11184 E= 1337.0e-6
0.095375 0.585272 0.150427 0.168927
0.286616 0.075088 0.471320 0.166976
0.289268 0.385188 0.096862 0.228682
0.185529 0.287134 0.212197 0.315141
0.122719 0.638467 0.199539 0.039274
0.086838 0.483840 0.111955 0.317368
0.684974 0.137015 0.151334 0.026677
0.094362 0.002558 0.894421 0.008659
0.318114 0.328681 0.030007 0.323198

MOTIF M121 O121
letter-probability matrix: alength= 4 w= 9 nsites= 11187 E= 1337.0e-6
0.001877 0.891392 0.102798 0.003933
0.456393 0.117785 0.336001 0.089822
0.014784 0.310376 0.177589 0.497251
0.210272 0.191513 0.222020 0.376195
0.106176 0.362302 0.449298 0.082224
0.524388 0.018731 0.014466 0.442415
0.509677 0.042637 0.363815 0.083871
0.400872 0.264405 0.131255 0.203469
0.185450 0.208281 0.047596 0.558673

MOTIF M122 O122
letter-probability matrix: alength= 4 w= 9 nsites= 11187 E= 1337.0e-6
0.015565 0.511674 0.226228 0.246534
0.404692 0.012266 0.066523 0.516519
0.038703 0.841954 0.086476 0.032866
0.423999 0.219609 0.177735 0.178657
0.025836 0.359851 0.326580 0.287732
0.368535 0.006783 0.046444 0.578238
0.659433 0.083381 0.243765 0.013421
0.069124 0.213230 0.244144 0.473502
0.403674 0.065724 0.238432 0.292170

MOTIF M123 O123
letter-probability matrix: alength= 4 w= 9 nsites= 11187 E= 1337.0e-6
0.181729 0.014749 0.742826 0.060695
0.288925 0.086579 0.553944 0.070552
0.162705 0.071845 0.314019 0.451431
0.071525 0.216374 0.165992 0.546109
0.351373 0.221269 0.145013 0.282346
0.382486 0.569568 0.018817 0.029130
0.504588 0.038158 0.163078 0.294176
0.004919 0.632356 0.045728 0.316998
0.285820 0.059090 0.243771 0.411318

MOTIF M124 O124
letter-probability matrix: alength= 4 w= 9 nsites= 11186 E= 1337.0e-6
0.092463 0.190029 0.121196 0.596312
0.015004 0.015641 0.832409 0.136946
0.029659 0.165793 0.155501 0.649046
0.080682 0.437811 0.094960 0.386547
0.591205 0.065139 0.005242 0.338414
0.018440 0.114782 0.380633 0.486145
0.149789 0.420293 0.252958 0.176960
0.228890 0.047843 0.501022 0.222245
0.390749 0.424969 0.130285 0.053997

MOTIF M125 O125
letter-probability matrix: alength= 4 w= 9 nsites= 11122 E= 1337.0e-6
0.051609 0.524456 0.420428 0.003507
0.214498 0.438393 0.235114 0.111995
0.113050 0.432064 0.371272 0.083613
0.004135 0.170865 0.097500 0.727500
0.186311 0.191042 0.187373 0.435274
0.066570 0.018965 0.329366 0.585099
0.118679 0.629348 0.197506 0.054468
0.343608 0.058302 0.410774 0.187315
0.162855 0.023166 0.519288 0.294691

MOTIF M126 O126
letter-probability matrix: alength= 4 w= 9 nsites= 11187 E= 1337.0e-6
0.852239 0.000179 0.000000 0.147582
0.000894 0.267811 0.706892 0.024403
0.092697 0.109584 0.413006 0.384712
0.008130 0.304426 0.589070 0.098374
0.295082 0.143420 0.025643 0.535855
0.349748 0.091774 0.389200 0.169278
0.261437 0.464631 0.061437 0.212494
0.570637 0.085739 0.173963 0.169662
0.198729 0.363566 0.178991 0.258714

MOTIF M127 O127
letter-probability matrix: alength= 4 w= 9 nsites= 11187 E= 1337.0e-6
0.451774 0.215339 0.010101 0.322785
0.315888 0.060834 0.587314 0.035963
0.389183 0.041797 0.451789 0.117230
0.314237 0.487094 0.049195 0.149474
0.226501 0.242122 0.422668 0.108709
0.210373 0.042732 0.225895 0.521001
0.042873 0.222334 0.572462 0.162331
0.070214 0.712435 0.161382 0.055969
0.141119 0.628019 0.126904 0.103958

MOTIF M128 O128
letter-probability matrix: alength= 4 w= 9 nsites= 11187 E= 1337.0e-6
0.581836 0.000179 0.004648 0.413337
0.001788 0.992313 0.000268 0.005632
0.527154 0.061108 0.305270 0.106469
0.185693 0.232698 0.329662 0.251947
0.107956 0.129815 0.314370 0.447859
0.438117 0.125112 0.220855 0.215915
0.247052 0.298983 0.270273 0.183692
0.453704 0.277233 0.139070 0.129993
0.570005 0.079652 0.211340 0.139003

MOTIF M129 O129
letter-probability matrix: alength= 4 w= 9 nsites= 11184 E= 1337.0e-6
0.388054 0.069921 0.026288 0.515737
0.054819 0.440613 0.225636 0.278932
0.747349 0.005213 0.187039 0.060399
0.110179 0.078983 0.715265 0.095573
0.609582 0.228399 0.007680 0.154338
0.277004 0.147573 0.348078 0.227345
0.030197 0.535359 0.229788 0.204656
0.018868 0.142886 0.048547 0.789699
0.336837 0.303761 0.261618 0.097785

MOTIF M130 O130
letter-probability matrix: alength= 4 w= 9 nsites= 11187 E= 1337.0e-6
0.710889 0.010460 0.071518 0.207134
0.112740 0.495843 0.243093 0.148324
0.185009 0.023104 0.186890 0.604997
0.003679 0.553611 0.441812 0.000897
0.586226 0.004191 0.111506 0.298078
0.095435 0.191602 0.414466 0.298497
0.248199 0.069647 0.078884 0.603270
0.556428 0.003740 0.234128 0.205704
0.082210 0.545395 0.175356 0.197040

MOTIF M131 O131
letter-probability matrix: alength= 4 w= 9 nsites= 11187 E= 1337.0e-6
0.254113 0.031742 0.130812 0.583333
0.372651 0.027241 0.461746 0.138362
0.719125 0.033236 0.097802 0.149837
0.098935 0.463014 0.364354 0.073697
0.048699 0.530663 0.040725 0.379913
0.143164 0.042119 0.360989 0.453728
0.025888 0.774251 0.172486 0.027376
0.295885 0.096511 0.007362 0.600242
0.189449 0.218408 0.235419 0.356723

MOTIF M132 O132
letter-probability matrix: alength= 4 w= 9 nsites= 10952 E= 1337.0e-6
0.012509 0.023740 0.941837 0.021914
0.025284 0.312055 0.269467 0.393194
0.011861 0.648315 0.276960 0.062864
0.456952 0.187506 0.051719 0.303823
0.054024 0.344541 0.553050 0.048385
0.339103 0.278102 0.296872 0.085923
0.418717 0.166772 0.275499 0.139012
0.673465 0.082962 0.170809 0.072764
0.193859 0.422424 0.272138 0.111580

MOTIF M133 O133
letter-probability matrix: alength= 4 w= 9 nsites= 11187 E= 1337.0e-6
0.786538 0.000089 0.063735 0.149638
0.007062 0.640833 0.002414 0.349692
0.394541 0.044385 0.374407 0.186667
0.013822 0.760366 0.089840 0.135972
0.450841 0.075398 0.010095 0.463665
0.286537 0.193949 0.459556 0.059958
0.233830 0.250208 0.272694 0.243268
0.391020 0.090552 0.205332 0.313096
0.115937 0.120752 0.396337 0.366975

MOTIF M134 O134
letter-probability matrix: alength= 4 w= 9 nsites= 11187 E= 1337.0e-6
0.158130 0.045320 0.308841 0.487709
0.052293 0.919907 0.021543 0.006257
0.181347 0.427166 0.289636 0.101851
0.199355 0.223257 0.050488 0.526900
0.463332 0.212928 0.214094 0.109647
0.514817 0.139637 0.160201 0.185345
0.221922 0.070849 0.430773 0.276456
0.211691 0.127652 0.442957 0.217700
0.234891 0.019003 0.078235 0.667872

MOTIF M135 O135
letter-probability matrix: alength= 4 w= 9 nsites= 11187 E= 1337.0e-6
0.338786 0.283812 0.303298 0.074104
0.084384 0.222401 0.078037 0.615178
0.107511 0.215379 0.499508 0.177603
0.592486 0.274529 0.087395 0.045590
0.540394 0.011296 0.286102 0.162209
0.430995 0.154160 0.292805 0.122040
0.020270 0.047877 0.511327 0.420526
0.660756 0.240275 0.062297 0.036673
0.707464 0.239707 0.018331 0.034499

MOTIF M136 O136
letter-probability matrix: alength= 4 w= 9 nsites= 11119 E= 1337.0e-6
0.379980 0.060887 0.033636 0.525497
0.640108 0.179270 0.143939 0.036683
0.019780 0.193732 0.037121 0.749368
0.214065 0.772215 0.008541 0.005179
0.485159 0.041574 0.002765 0.470501
0.134337 0.135646 0.260260 0.469758
0.226299 0.250569 0.317311 0.205821
0.137113 0.342204 0.340661 0.180021
0.424867 0.195228 0.146815 0.233090

MOTIF M137 O137
letter-probability matrix: alength= 4 w= 9 nsites= 11187 E= 1337.0e-6
0.000089 0.623313 0.376598 0.000000
0.344775 0.054349 0.000000 0.600876
0.104109 0.057470 0.464596 0.373825
0.265948 0.105031 0.555705 0.073315
0.077722 0.321990 0.162394 0.437895
0.181456 0.163166 0.266661 0.388718
0.176717 0.169976 0.342230 0.311077
0.867930 0.000000 0.018763 0.113308
0.360276 0.422805 0.140874 0.076046

MOTIF M138 O138
letter-probability matrix: alength= 4 w= 9 nsites= 11136 E= 1337.0e-6
0.152389 0.472701 0.217493 0.157417
0.008747 0.035437 0.000180 0.955636
0.827873 0.154557 0.017204 0.000366
0.188641 0.335958 0.120078 0.355323
0.194392 0.412452 0.227852 0.165304
0.203235 0.147825 0.185411 0.463528
0.168083 0.262574 0.217278 0.352065
0.423934 0.070776 0.296867 0.208423
0.581043 0.048947 0.035674 0.334336

MOTIF M139 O139
letter-probability matrix: alength= 4 w= 9 nsites= 11187 E= 1337.0e-6
0.681416 0.033074 0.012604 0.272906
0.014610 0.619880 0.329838 0.035673
0.051667 0.409321 0.445039 0.093974
0.312738 0.009092 0.124059 0.554111
0.593747 0.097580 0.169173 0.139500
0.262966 0.104032 0.501114 0.131888
0.291779 0.356744 0.288060 0.063417
0.087905 0.310527 0.538975 0.062593
0.329096 0.358904 0.240219 0.071781

MOTIF M140 O140
letter-probability matrix: alength= 4 w= 9 nsites= 11187 E= 1337.0e-6
0.022169 0.002503 0.893984 0.081344
0.092066 0.790866 0.000271 0.116798
0.208805 0.055893 0.329096 0.406206
0.129555 0.614864 0.183076 0.072505
0.302641 0.302641 0.079415 0.315304
0.418092 0.190015 0.265843 0.126050
0.322815 0.031654 0.344814 0.300717
0.217848 0.413689 0.116596 0.251868
0.103448 0.373153 0.312500 0.210899

MOTIF M141 O141
letter-probability matrix: alength= 4 w= 9 nsites= 11187 E= 1337.0e-6
0.197908 0.233753 0.178243 0.390096
0.150174 0.434075 0.162152 0.253598
0.446898 0.290899 0.247989 0.014214
0.119735 0.151927 0.007690 0.720647
0.022280 0.037283 0.914832 0.025604
0.298230 0.065184 0.464548 0.172038
0.069381 0.314924 0.382466 0.233229
0.260646 0.122602 0.025175 0.591577
0.063471 0.342228 0.054227 0.540074

MOTIF M142 O142
letter-probability matrix: alength= 4 w= 9 nsites= 11180 E= 1337.0e-6
0.000447 0.021377 0.699463 0.278712
0.425081 0.004057 0.004057 0.566805
0.431777 0.381904 0.183412 0.002907
0.332719 0.161246 0.043582 0.462453
0.177036 0.307714 0.117433 0.397817
0.226160 0.071636 0.046507 0.655696
0.108556 0.656445 0.146602 0.088397
0.383204 0.005189 0.150091 0.461516
0.248111 0.210424 0.291223 0.250242

MOTIF M143 O143
letter-probability matrix: alength= 4 w= 9 nsites= 11187 E= 1337.0e-6
0.025208 0.739698 0.002056 0.233038
0.382855 0.011978 0.550907 0.054259
0.245820 0.251543 0.083609 0.419029
0.091421 0.102335 0.219340 0.586904
0.185480 0.193268 0.429863 0.191388
0.311290 0.108154 0.093100 0.487455
0.247017 0.184747 0.184477 0.383760
0.161841 0.370887 0.381586 0.085686
0.752200 0.133424 0.107029 0.007347

MOTIF M144 O144
letter-probability matrix: alength= 4 w= 9 nsites= 11085 E= 1337.0e-6
0.489490 0.500226 0.002887 0.007397
0.343367 0.197882 0.202713 0.256039
0.000758 0.165388 0.141991 0.691863
0.366676 0.610541 0.007822 0.014960
0.409082 0.537705 0.044800 0.008413
0.398039 0.509911 0.042071 0.049979
0.191135 0.317687 0.262470 0.228708
0.490997 0.357566 0.067107 0.084331
0.036734 0.160014 0.252132 0.551120

MOTIF M145 O145
letter-probability matrix: alength= 4 w= 9 nsites= 11187 E= 1337.0e-6
0.207294 0.095826 0.023509 0.673371
0.739928 0.050761 0.191047 0.018263
0.090934 0.597618 0.254888 0.056561
0.406956 0.061996 0.345766 0.185282
0.010550 0.218799 0.281781 0.488870
0.208245 0.513272 0.135541 0.142941
0.715475 0.096719 0.076763 0.111043
0.200198 0.291017 0.441104 0.067681
0.040956 0.243206 0.003919 0.711920

MOTIF M146 O146
letter-probability matrix: alength= 4 w= 9 nsites= 11185 E= 1337.0e-6
0.225715 0.439584 0.133953 0.200747
0.325981 0.333333 0.076280 0.264406
0.554837 0.050356 0.107641 0.287166
0.494391 0.414295 0.006582 0.084732
0.003836 0.009451 0.068775 0.917938
0.268272 0.145984 0.097450 0.488295
0.386930 0.275321 0.097195 0.240553
0.528621 0.379293 0.015331 0.076755
0.041351 0.591931 0.116389 0.250328

MOTIF M147 O147
letter-probability matrix: alength= 4 w= 9 nsites= 11187 E= 1337.0e-6
0.481720 0.500939 0.017252 0.000089
0.000000 0.316707 0.017431 0.665862
0.625425 0.095166 0.277977 0.001432
0.045966 0.050283 0.333453 0.570298
0.191393 0.021790 0.354730 0.432086
0.361517 0.313504 0.215368 0.109612
0.384999 0.162891 0.284237 0.167873
0.115532 0.344963 0.330834 0.208670
0.003923 0.226778 0.109171 0.660128

MOTIF M148 O148
letter-probability matrix: alength= 4 w= 9 nsites= 11186 E= 1337.0e-6
0.269086 0.162793 0.348918 0.219203
0.472903 0.276337 0.232069 0.018691
0.064669 0.309660 0.208140 0.417531
0.051661 0.101173 0.289999 0.557167
0.269555 0.390922 0.285253 0.054270
0.033396 0.392385 0.251148 0.323071
0.291727 0.050939 0.166908 0.490426
0.102796 0.387114 0.004615 0.505475
0.950055 0.002648 0.036340 0.010957

MOTIF M149 O149
letter-probability matrix: alength= 4 w= 9 nsites= 11187 E= 1337.0e-6
0.011889 0.004023 0.116653 0.867435
0.043883 0.693803 0.225058 0.037256
0.916359 0.017215 0.006399 0.060027
0.054957 0.615029 0.135899 0.194115
0.110967 0.208306 0.322889 0.357838
0.193646 0.183340 0.410741 0.212273
0.326083 0.107026 0.265255 0.301636
0.263632 0.203720 0.309936 0.222712
0.251193 0.293556 0.235481 0.219769

MOTIF M150 O150
letter-probability matrix: alength= 4 w= 9 nsites= 11187 E= 1337.0e-6
0.000805 0.001609 0.993028 0.004559
0.105301 0.421382 0.016448 0.456870
0.094127 0.288549 0.421382 0.195942
0.529233 0.206776 0.090381 0.173610
0.188193 0.281127 0.117710 0.412970
0.375347 0.085489 0.356190 0.182974
0.096199 0.466111 0.322216 0.115474
0.291047 0.246326 0.130376 0.332251
0.626542 0.119739 0.224147 0.029572

MOTIF M151 O151
letter-probability matrix: alength= 4 w= 9 nsites= 11187 E= 1337.0e-6
0.419147 0.319746 0.016537 0.244570
0.421511 0.023861 0.390563 0.164065
0.261033 0.028952 0.041694 0.668322
0.630507 0.032505 0.049971 0.287017
0.415336 0.053814 0.452198 0.078652
0.004884 0.144078 0.318681 0.532357
0.387736 0.418553 0.169392 0.024319
0.065771 0.310976 0.130567 0.492686
0.047963 0.619117 0.231577 0.101343

MOTIF M152 O152
letter-probability matrix: alength= 4 w= 9 nsites= 11186 E= 1337.0e-6
0.457507 0.054563 0.020282 0.467648
0.251170 0.564491 0.115579 0.068760
0.258335 0.523451 0.212187 0.006028
0.335419 0.506990 0.135106 0.022485
0.554013 0.016697 0.199457 0.229833
0.433021 0.204084 0.139425 0.223471
0.409266 0.343629 0.208077 0.039027
0.145054 0.076980 0.044958 0.733008
0.004541 0.737081 0.059784 0.198595

MOTIF M153 O153
letter-probability matrix: alength= 4 w= 9 nsites= 11150 E= 1337.0e-6
0.065381 0.051749 0.710314 0.172556
0.018162 0.704347 0.103613 0.173879
0.215660 0.539814 0.126410 0.118115
0.270705 0.000116 0.615492 0.113687
0.398052 0.441397 0.156513 0.004038
0.168787 0.116200 0.426269 0.288743
0.156047 0.217680 0.054144 0.572130
0.258699 0.190998 0.187342 0.362960
0.042384 0.477395 0.040714 0.439507

MOTIF M154 O154
letter-probability matrix: alength= 4 w= 9 nsites= 11187 E= 1337.0e-6
0.481005 0.242514 0.016179 0.260302
0.205633 0.000268 0.766026 0.028073
0.000000 0.359431 0.352052 0.288517
0.426832 0.291117 0.069139 0.212912
0.245280 0.146520 0.536283 0.071918
0.518132 0.130120 0.316422 0.035325
0.117296 0.643757 0.000189 0.238758
0.088599 0.380294 0.230163 0.300944
0.073606 0.122744 0.185620 0.618030

MOTIF M155 O155
letter-probability matrix: alength= 4 w= 9 nsites= 11187 E= 1337.0e-6
0.277912 0.081791 0.127291 0.513006
0.324271 0.374978 0.249598 0.051154
0.107731 0.244452 0.120705 0.527112
0.365882 0.029893 0.603777 0.000448
0.001255 0.009237 0.288046 0.701462
0.326773 0.399964 0.269998 0.003265
0.814020 0.144897 0.033254 0.007830
0.051511 0.492890 0.257463 0.198135
0.284162 0.204581 0.290035 0.221222

MOTIF M156 O156
letter-probability matrix: alength= 4 w= 9 nsites= 11187 E= 1337.0e-6
0.001251 0.996603 0.000000 0.002145
0.413148 0.000179 0.108229 0.478444
0.229571 0.173633 0.221158 0.375638
0.189056 0.169533 0.448684 0.192728
0.032921 0.636437 0.093201 0.237442
0.442842 0.108096 0.223134 0.225929
0.339321 0.123662 0.262112 0.274905
0.434178 0.082335 0.458970 0.024517
0.187362 0.288838 0.359871 0.163930

MOTIF M157 O157
letter-probability matrix: alength= 4 w= 9 nsites= 11185 E= 1337.0e-6
0.003934 0.061779 0.136701 0.797586
0.666637 0.322305 0.003506 0.007552
0.090569 0.469686 0.190307 0.249439
0.119065 0.181698 0.264260 0.434977
0.288905 0.026636 0.447882 0.236577
0.460407 0.106664 0.017092 0.415837
0.320067 0.396563 0.147672 0.135698
0.689597 0.113182 0.153055 0.044166
0.224180 0.075533 0.637651 0.062637

MOTIF M158 O158
letter-probability matrix: alength= 4 w= 9 nsites= 11104 E= 1337.0e-6
0.840238 0.067093 0.087716 0.004953
0.000363 0.007539 0.156403 0.835695
0.614599 0.209542 0.094084 0.081775
0.295117 0.305040 0.049808 0.350034
0.332612 0.317043 0.078359 0.271987
0.503011 0.191653 0.135235 0.170100
0.186616 0.134485 0.378953 0.299946
0.058114 0.602834 0.054350 0.284702
0.548153 0.257761 0.095287 0.098799

MOTIF M159 O159
letter-probability matrix: alength= 4 w= 9 nsites= 11187 E= 1337.0e-6
0.008404 0.045597 0.613500 0.332499
0.002328 0.027400 0.891923 0.078349
0.516264 0.261675 0.208704 0.013356
0.259242 0.533309 0.012354 0.195095
0.723071 0.066530 0.050224 0.160175
0.259277 0.237239 0.158787 0.344698
0.283860 0.445738 0.023862 0.246540
0.281383 0.106742 0.293588 0.318287
0.356171 0.104630 0.147010 0.392189

MOTIF M160 O160
letter-probability matrix: alength= 4 w= 9 nsites= 11187 E= 1337.0e-6
0.001074 0.001074 0.997046 0.000806
0.538175 0.036980 0.007549 0.417296
0.274079 0.377388 0.184459 0.164073
0.224913 0.304414 0.070918 0.399755
0.114410 0.387870 0.163185 0.334535
0.272140 0.394706 0.156031 0.177123
0.256035 0.247515 0.116330 0.380120
0.089572 0.502046 0.404180 0.004202
0.010905 0.373131 0.003035 0.612929

MOTIF M161 O161
letter-probability matrix: alength= 4 w= 9 nsites= 11187 E= 1337.0e-6
0.000000 0.379039 0.000000 0.620961
0.496323 0.002780 0.500897 0.000000
0.001081 0.380133 0.168768 0.450018
0.359555 0.172933 0.002738 0.464775
0.222785 0.330818 0.032944 0.413454
0.176029 0.216995 0.246269 0.360707
0.332886 0.018323 0.192153 0.456639
0.501449 0.011109 0.274343 0.213099
0.217221 0.047269 0.170933 0.564578

MOTIF M162 O162
letter-probability matrix: alength= 4 w= 9 nsites= 11187 E= 1337.0e-6
0.006257 0.347636 0.005363 0.640744
0.094598 0.001612 0.889994 0.013796
0.184146 0.260067 0.183422 0.372364
0.228848 0.230861 0.399067 0.141224
0.394080 0.091859 0.229972 0.284089
0.079966 0.536382 0.029555 0.354097
0.403892 0.072285 0.456620 0.067204
0.362138 0.321210 0.064882 0.251770
0.262831 0.352842 0.094848 0.289479

MOTIF M163 O163
letter-probability matrix: alength= 4 w= 9 nsites= 11187 E= 1337.0e-6
0.223047 0.089129 0.513588 0.174236
0.128157 0.560245 0.256043 0.055556
0.288971 0.006158 0.007996 0.696875
0.035406 0.447220 0.401766 0.115609
0.214796 0.324460 0.076003 0.384742
0.105564 0.683695 0.041683 0.169058
0.672311 0.012430 0.242635 0.072624
0.049112 0.045957 0.216568 0.688363
0.119536 0.321396 0.423527 0.135541

MOTIF M164 O164
letter-probability matrix: alength= 4 w= 9 nsites= 11187 E= 1337.0e-6
0.061142 0.893627 0.001341 0.043890
0.575027 0.009061 0.070043 0.345868
0.208739 0.023031 0.735184 0.033045
0.311253 0.286483 0.004731 0.397532
0.188995 0.136806 0.287511 0.386688
0.328599 0.024184 0.315931 0.331286
0.200415 0.061142 0.586823 0.151620
0.052389 0.596013 0.210257 0.141340
0.128494 0.270707 0.138732 0.462066

MOTIF M165 O165
letter-probability matrix: alength= 4 w= 9 nsites= 11187 E= 1337.0e-6
0.085282 0.255666 0.112156 0.546896
0.197438 0.057151 0.411866 0.333545
0.252061 0.169071 0.387224 0.191645
0.123588 0.237304 0.569340 0.069767
0.090734 0.055075 0.066993 0.787197
0.333464 0.640780 0.011066 0.014690
0.873940 0.041687 0.043183 0.041189
0.158692 0.181763 0.219480 0.440064
0.213047 0.489804 0.184133 0.113016

MOTIF M166 O166
letter-probability matrix: alength= 4 w= 9 nsites= 11187 E= 1337.0e-6
0.236814 0.282317 0.002056 0.478813
0.250313 0.501075 0.134784 0.113828
0.015351 0.007856 0.350009 0.626783
0.416591 0.377921 0.081960 0.123528
0.486879 0.429856 0.081631 0.001634
0.174568 0.101398 0.152462 0.571572
0.004407 0.017354 0.392067 0.586172
0.459706 0.060488 0.415038 0.064768
0.220238 0.333239 0.218726 0.227797

MOTIF M167 O167
letter-probability matrix: alength= 4 w= 9 nsites= 11187 E= 1337.0e-6
0.018682 0.220077 0.552874 0.208367
0.327848 0.052942 0.008585 0.610624
0.687982 0.124664 0.174439 0.012915
0.270828 0.600378 0.098172 0.030622
0.202656 0.089068 0.678926 0.029349
0.229511 0.265789 0.245489 0.259211
0.155810 0.225670 0.316535 0.301985
0.376294 0.257272 0.293758 0.072675
0.553981 0.187986 0.196967 0.061066

MOTIF M168 O168
letter-probability matrix: alength= 4 w= 9 nsites= 11187 E= 1337.0e-6
0.145615 0.003307 0.144722 0.706356
0.013776 0.540478 0.282583 0.163163
0.408609 0.074047 0.414360 0.102983
0.286460 0.709852 0.002429 0.001260
0.142700 0.039126 0.332846 0.485328
0.253125 0.126007 0.117211 0.503657
0.072158 0.436510 0.232780 0.258551
0.155024 0.113110 0.348325 0.383541
0.135572 0.394426 0.188988 0.281014

MOTIF M169 O169
letter-probability matrix: alength= 4 w= 9 nsites= 11181 E= 1337.0e-6
0.028173 0.715857 0.159914 0.096056
0.010718 0.373214 0.023818 0.592250
0.669218 0.035872 0.168111 0.126798
0.199389 0.037322 0.606964 0.156325
0.565855 0.052926 0.050779 0.330440
0.338150 0.248640 0.103959 0.309251
0.562524 0.021354 0.166603 0.249519
0.122389 0.224282 0.268412 0.384917
0.630097 0.023075 0.215238 0.131589

MOTIF M170 O170
letter-probability matrix: alength= 4 w= 9 nsites= 11187 E= 1337.0e-6
0.981318 0.000089 0.000000 0.018593
0.269509 0.115312 0.577635 0.037544
0.001431 0.205956 0.656323 0.136290
0.070361 0.408379 0.072599 0.448662
0.091839 0.388006 0.274800 0.245354
0.284425 0.133550 0.284425 0.297600
0.224763 0.130140 0.355626 0.289471
0.135211 0.392592 0.202409 0.269788
0.092111 0.318559 0.114820 0.474510

MOTIF M171 O171
letter-probability matrix: alength= 4 w= 9 nsites= 11187 E= 1337.0e-6
0.065177 0.000894 0.931426 0.002503
0.250471 0.446270 0.260257 0.043002
0.249865 0.107601 0.235783 0.406752
0.122403 0.344615 0.130841 0.402141
0.236835 0.109259 0.380987 0.272919
0.059050 0.352833 0.033336 0.554780
0.366334 0.226844 0.335922 0.070900
0.395773 0.253608 0.213481 0.137138
0.153868 0.706475 0.099567 0.040090

MOTIF M172 O172
letter-probability matrix: alength= 4 w= 9 nsites= 11186 E= 1337.0e-6
0.472022 0.057125 0.455380 0.015473
0.447096 0.017967 0.301361 0.233575
0.006720 0.690312 0.253500 0.049468
0.337139 0.353825 0.025566 0.283470
0.114805 0.002282 0.789740 0.093173
0.128179 0.245357 0.621619 0.004845
0.088757 0.404509 0.153744 0.352989
0.099278 0.190093 0.129825 0.580805
0.157635 0.297732 0.210145 0.334489

MOTIF M173 O173
letter-probability matrix: alength= 4 w= 9 nsites= 11187 E= 1337.0e-6
0.008062 0.061005 0.347129 0.583804
0.829585 0.053758 0.043609 0.073048
0.545015 0.245722 0.002232 0.207031
0.174926 0.123500 0.192035 0.509538
0.556998 0.123505 0.174318 0.145179
0.175610 0.445181 0.203809 0.175400
0.198960 0.022906 0.096160 0.681974
0.217006 0.417096 0.328927 0.036971
0.273021 0.011870 0.096808 0.618301

MOTIF M174 O174
letter-probability matrix: alength= 4 w= 9 nsites= 11178 E= 1337.0e-6
0.004205 0.104402 0.074253 0.817141
0.006545 0.022055 0.747445 0.223956
0.636033 0.238672 0.088626 0.036670
0.014639 0.391125 0.218298 0.375938
0.316545 0.086381 0.379780 0.217295
0.072920 0.130956 0.534681 0.261443
0.539076 0.162483 0.175794 0.122647
0.527501 0.093618 0.242047 0.136834
0.499224 0.170029 0.059263 0.271484

MOTIF M175 O175
letter-probability matrix: alength= 4 w= 9 nsites= 11187 E= 1337.0e-6
0.078126 0.336462 0.490838 0.094574
0.230625 0.728029 0.000447 0.040899
0.116858 0.111750 0.218026 0.553366
0.047175 0.627493 0.226828 0.098504
0.406217 0.089813 0.030607 0.473362
0.216589 0.002414 0.353225 0.427771
0.655461 0.164925 0.127169 0.052445
0.129003 0.351417 0.261473 0.258107
0.359561 0.012762 0.074781 0.552895

MOTIF M176 O176
letter-probability matrix: alength= 4 w= 9 nsites= 11187 E= 1337.0e-6
0.369268 0.579959 0.002771 0.048002
0.024709 0.087198 0.388809 0.499284
0.355952 0.549301 0.061312 0.033435
0.136186 0.362318 0.189319 0.312177
0.400583 0.111223 0.155438 0.332756
0.308058 0.203910 0.418874 0.069158
0.147647 0.466611 0.131252 0.254490
0.793602 0.004636 0.145758 0.056004
0.113111 0.018184 0.298023 0.570683

MOTIF M177 O177
letter-probability matrix: alength= 4 w= 9 nsites= 11187 E= 1337.0e-6
0.032717 0.029945 0.699115 0.238223
0.056762 0.671941 0.027532 0.243765
0.387936 0.181312 0.224396 0.206355
0.290233 0.398508 0.030102 0.281157
0.488919 0.103121 0.159475 0.248485
0.047550 0.402590 0.262205 0.287655
0.165252 0.407194 0.176299 0.251255
0.663084 0.001010 0.078442 0.257463
0.013464 0.197436 0.752029 0.037071

MOTIF M178 O178
letter-probability matrix: alength= 4 w= 9 nsites= 11181 E= 1337.0e-6
0.274662 0.037653 0.542885 0.144799
0.098791 0.033923 0.034103 0.833183
0.085071 0.158842 0.133486 0.622600
0.175219 0.285314 0.383747 0.155719
0.491521 0.293826 0.036776 0.177877
0.390312 0.381775 0.197218 0.030695
0.148726 0.382453 0.110374 0.358446
0.340210 0.612419 0.023635 0.023736
0.789925 0.076892 0.099327 0.033857

MOTIF M179 O179
letter-probability matrix: alength= 4 w= 9 nsites= 11186 E= 1337.0e-6
0.310299 0.039067 0.147953 0.502682
0.004380 0.883426 0.030038 0.082156
0.038179 0.347643 0.158720 0.455458
0.226673 0.279120 0.420656 0.073552
0.307429 0.163519 0.503868 0.025184
0.178162 0.337751 0.027500 0.456586
0.273534 0.031046 0.173154 0.522266
0.075956 0.199156 0.310522 0.414366
0.088497 0.130121 0.503516 0.277866

MOTIF M180 O180
letter-probability matrix: alength= 4 w= 9 nsites= 11187 E= 1337.0e-6
0.533009 0.058892 0.195527 0.212572
0.005058 0.007677 0.263548 0.723717
0.902423 0.020759 0.048377 0.028441
0.560666 0.087182 0.224063 0.128089
0.285496 0.096341 0.545550 0.072613
0.424590 0.091944 0.324698 0.158768
0.117754 0.376610 0.308877 0.196759
0.245645 0.145960 0.312802 0.295593
0.065162 0.216567 0.541525 0.176746

MOTIF M181 O181
letter-probability matrix: alength= 4 w= 9 nsites= 11187 E= 1337.0e-6
0.258872 0.003933 0.487262 0.249933
0.038544 0.370417 0.552495 0.038544
0.252309 0.179593 0.014167 0.553932
0.350558 0.014764 0.331203 0.303475
0.079942 0.444022 0.076054 0.399982
0.224456 0.579236 0.109943 0.086364
0.286856 0.553872 0.100946 0.058326
0.605189 0.099029 0.286168 0.009614
0.622201 0.123142 0.064346 0.190310

MOTIF M182 O182
letter-probability matrix: alength= 4 w= 9 nsites= 11187 E= 1337.0e-6
0.041298 0.200679 0.034147 0.723876
0.043918 0.148211 0.476118 0.331753
0.206482 0.090134 0.682108 0.021277
0.009126 0.535285 0.112316 0.343273
0.289618 0.022848 0.243831 0.443703
0.074732 0.296707 0.477525 0.151036
0.640250 0.037923 0.115472 0.206355
0.602677 0.065413 0.056394 0.275515
0.319161 0.270873 0.287899 0.122066

MOTIF M183 O183
letter-probability matrix: alength= 4 w= 9 nsites= 11096 E= 1337.0e-6
0.320476 0.514329 0.060472 0.104722
0.809410 0.015008 0.041156 0.134426
0.204061 0.150566 0.050807 0.594567
0.878423 0.022960 0.079420 0.019196
0.189798 0.054621 0.351857 0.403724
0.201112 0.029859 0.120609 0.648419
0.068945 0.333466 0.276876 0.320713
0.345953 0.221196 0.160870 0.271981
0.215979 0.173159 0.142245 0.468616

MOTIF M184 O184
letter-probability matrix: alength= 4 w= 9 nsites= 11187 E= 1337.0e-6
0.709127 0.175025 0.020649 0.095200
0.334853 0.047734 0.545991 0.071422
0.268579 0.281040 0.274675 0.175706
0.235321 0.252469 0.135213 0.376998
0.050620 0.035156 0.281334 0.632890
0.079021 0.245281 0.026100 0.649598
0.270711 0.006247 0.555727 0.167316
0.030584 0.508304 0.437880 0.023233
0.234280 0.360128 0.064345 0.341247

MOTIF M185 O185
letter-probability matrix: alength= 4 w= 9 nsites= 11187 E= 1337.0e-6
0.470462 0.002238 0.483709 0.043591
0.141226 0.258181 0.509709 0.090885
0.499955 0.104120 0.311182 0.084744
0.457452 0.140042 0.223595 0.178912
0.421226 0.188693 0.360124 0.029957
0.229390 0.115712 0.365527 0.289372
0.268031 0.335669 0.202541 0.193759
0.015949 0.881653 0.031993 0.070404
0.012073 0.121982 0.053313 0.812633

MOTIF M186 O186
letter-probability matrix: alength= 4 w= 9 nsites= 11155 E= 1337.0e-6
0.438010 0.041775 0.492963 0.027252
0.040380 0.085248 0.057520 0.816852
0.810755 0.016719 0.159241 0.013285
0.062301 0.374444 0.154119 0.409136
0.240504 0.020812 0.278115 0.460569
0.133773 0.111917 0.569100 0.185210
0.556768 0.283649 0.102049 0.057534
0.343234 0.256864 0.245042 0.154861
0.206029 0.153104 0.384899 0.255969

MOTIF M187 O187
letter-probability matrix: alength= 4 w= 9 nsites= 11187 E= 1337.0e-6
0.275658 0.036629 0.014150 0.673563
0.065749 0.146519 0.151376 0.636355
0.219890 0.416719 0.058553 0.304837
0.059811 0.021651 0.039152 0.879387
0.544098 0.090638 0.139575 0.225690
0.269147 0.332486 0.123956 0.274410
0.237083 0.273269 0.088402 0.401246
0.332195 0.438435 0.220971 0.008399
0.184474 0.101786 0.418123 0.295617

MOTIF M188 O188
letter-probability matrix: alength= 4 w= 9 nsites= 11187 E= 1337.0e-6
0.214196 0.478491 0.000179 0.307134
0.839295 0.055475 0.099873 0.005357
0.000914 0.012888 0.144516 0.841682
0.500562 0.002155 0.343516 0.153767
0.534163 0.076689 0.088853 0.300295
0.313485 0.097934 0.392420 0.196161
0.229901 0.350393 0.112432 0.307274
0.323688 0.178386 0.084733 0.413192
0.434326 0.193470 0.213294 0.158910

MOTIF M189 O189
letter-probability matrix: alength= 4 w= 9 nsites= 11187 E= 1337.0e-6
0.101904 0.612944 0.112810 0.172343
0.195530 0.459365 0.015914 0.329191
0.614882 0.058560 0.224570 0.101988
0.159555 0.026622 0.607028 0.206795
0.157554 0.050540 0.331745 0.460162
0.231463 0.071622 0.309940 0.386975
0.323178 0.141658 0.428350 0.106814
0.401036 0.020080 0.479967 0.098917
0.104021 0.838604 0.003732 0.053643

MOTIF M190 O190
letter-probability matrix: alength= 4 w= 9 nsites= 11182 E= 1337.0e-6
0.299259 0.673012 0.013270 0.014460
0.412571 0.377883 0.061815 0.147732
0.046223 0.797232 0.126850 0.029694
0.282670 0.106956 0.036490 0.573884
0.046063 0.432438 0.051578 0.469921
0.100732 0.158368 0.138808 0.602092
0.198783 0.404612 0.273513 0.123092
0.625338 0.307526 0.009312 0.057823
0.435540 0.312980 0.036724 0.214756

MOTIF M191 O191
letter-probability matrix: alength= 4 w= 9 nsites= 11187 E= 1337.0e-6
0.169214 0.437740 0.379816 0.013230
0.421851 0.021490 0.496433 0.060226
0.084024 0.112699 0.202640 0.600637
0.092339 0.010053 0.879643 0.017965
0.013034 0.650949 0.149032 0.186985
0.131183 0.333597 0.222497 0.312723
0.486340 0.245078 0.095319 0.173262
0.214177 0.390929 0.056849 0.338045
0.327162 0.144091 0.232439 0.296308

MOTIF M192 O192
letter-probability matrix: alength= 4 w= 9 nsites= 11187 E= 1337.0e-6
0.838652 0.002235 0.016269 0.142844
0.087691 0.502726 0.317422 0.092161
0.121613 0.210766 0.269337 0.398283
0.573562 0.217870 0.047670 0.160898
0.320268 0.057360 0.227293 0.395078
0.189306 0.327292 0.241432 0.241970
0.454529 0.117631 0.284508 0.143332
0.093025 0.172336 0.700893 0.033745
0.044653 0.340973 0.002100 0.612273

MOTIF M193 O193
letter-probability matrix: alength= 4 w= 9 nsites= 11187 E= 1337.0e-6
0.471083 0.347993 0.060785 0.120139
0.109869 0.404255 0.455748 0.030127
0.200969 0.440625 0.349520 0.008886
0.141322 0.002438 0.049846 0.806393
0.043231 0.402455 0.255450 0.298864
0.425294 0.382951 0.130386 0.061369
0.356233 0.071907 0.023308 0.548551
0.023592 0.591419 0.158581 0.226408
0.483587 0.095545 0.234271 0.186596

MOTIF M194 O194
letter-probability matrix: alength= 4 w= 9 nsites= 11187 E= 1337.0e-6
0.006972 0.001341 0.930634 0.061053
0.452255 0.296064 0.035327 0.216354
0.046729 0.464504 0.278577 0.210191
0.222605 0.461434 0.066256 0.249705
0.288379 0.001006 0.266984 0.443632
0.135946 0.377575 0.286700 0.199779
0.255918 0.132275 0.195396 0.416411
0.040116 0.711354 0.245639 0.002892
0.399560 0.158963 0.014068 0.427409

MOTIF M195 O195
letter-probability matrix: alength= 4 w= 9 nsites= 11187 E= 1337.0e-6
0.487173 0.242245 0.198266 0.072316
0.213947 0.003129 0.016540 0.766384
0.008976 0.696827 0.080598 0.213599
0.404489 0.173596 0.007766 0.414149
0.297347 0.240705 0.294442 0.167506
0.091296 0.244016 0.661325 0.003363
0.389592 0.247342 0.065404 0.297661
0.169739 0.092080 0.081368 0.656813
0.024292 0.283972 0.554577 0.137159

MOTIF M196 O196
letter-probability matrix: alength= 4 w= 9 nsites= 11158 E= 1337.0e-6
0.034773 0.028052 0.410916 0.526259
0.103541 0.068667 0.395242 0.432549
0.256415 0.085743 0.415161 0.242682
0.027954 0.315361 0.516374 0.140311
0.166393 0.368599 0.306452 0.158557
0.596909 0.014902 0.252875 0.135314
0.301002 0.137925 0.003063 0.558010
0.046443 0.101116 0.079455 0.772985
0.054683 0.216912 0.580827 0.147577

MOTIF M197 O197
letter-probability matrix: alength= 4 w= 9 nsites= 10964 E= 1337.0e-6
0.451113 0.101240 0.021799 0.425848
0.263477 0.007439 0.050510 0.678575
0.276295 0.254871 0.118201 0.350633
0.205986 0.011027 0.052632 0.730356
0.413607 0.166558 0.385352 0.034483
0.004488 0.059181 0.245419 0.690912
0.506745 0.156090 0.254798 0.082367
0.531334 0.108997 0.128797 0.230873
0.344664 0.406543 0.045817 0.202976

MOTIF M198 O198
letter-probability matrix: alength= 4 w= 9 nsites= 11187 E= 1337.0e-6
0.236614 0.105301 0.172522 0.485564
0.003844 0.278741 0.593778 0.123637
0.495200 0.014895 0.047824 0.442082
0.377580 0.513202 0.000090 0.109129
0.152908 0.192120 0.564540 0.090432
0.517758 0.019656 0.306218 0.156369
0.479083 0.047347 0.084949 0.388621
0.068764 0.529305 0.350156 0.051774
0.257937 0.013428 0.249297 0.479338

MOTIF M199 O199
letter-probability matrix: alength= 4 w= 9 nsites= 11187 E= 1337.0e-6
0.098865 0.034594 0.370519 0.496022
0.078931 0.406901 0.144632 0.369536
0.610192 0.076710 0.221726 0.091372
0.470220 0.198712 0.188786 0.142282
0.010920 0.405299 0.202023 0.381758
0.051598 0.031337 0.853850 0.063215
0.379238 0.194039 0.037641 0.389081
0.406936 0.247862 0.059316 0.285887
0.355828 0.090137 0.484946 0.069089

MOTIF M200 O200
letter-probability matrix: alength= 4 w= 9 nsites= 11187 E= 1337.0e-6
0.269599 0.218200 0.225440 0.286761
0.511129 0.182712 0.303030 0.003129
0.000089 0.080093 0.059980 0.859837
0.946751 0.014050 0.039198 0.000000
0.001886 0.440582 0.303153 0.254379
0.244141 0.212401 0.152796 0.390662
0.192160 0.161849 0.485733 0.160258
0.365148 0.275759 0.169454 0.189639
0.328040 0.334254 0.118256 0.219450

MOTIF M201 O201
letter-probability matrix: alength= 4 w= 9 nsites= 11187 E= 1337.0e-6
0.001877 0.115670 0.882453 0.000000
0.644288 0.000805 0.110674 0.244234
0.085366 0.213325 0.400377 0.300933
0.135477 0.616071 0.002733 0.245718
0.147868 0.049636 0.321736 0.480760
0.317234 0.095448 0.202754 0.384564
0.166715 0.460156 0.268908 0.104221
0.280451 0.174718 0.163057 0.381774
0.288015 0.557652 0.101670 0.052663

MOTIF M202 O202
letter-probability matrix: alength= 4 w= 9 nsites= 11187 E= 1337.0e-6
0.061303 0.004296 0.249150 0.685251
0.907376 0.021382 0.052107 0.019136
0.244794 0.235470 0.110266 0.409469
0.479527 0.041686 0.180608 0.298179
0.322078 0.270870 0.179927 0.227124
0.252188 0.063287 0.425700 0.258825
0.047787 0.050633 0.588166 0.313414
0.224183 0.379685 0.343501 0.052632
0.020101 0.566403 0.194134 0.219362

MOTIF M203 O203
letter-probability matrix: alength= 4 w= 9 nsites= 11186 E= 1337.0e-6
0.250224 0.074521 0.646359 0.028896
0.491898 0.225945 0.018951 0.263206
0.178160 0.152241 0.083653 0.585946
0.223160 0.076370 0.408520 0.291950
0.337829 0.114238 0.214502 0.333431
0.278879 0.052185 0.209431 0.459505
0.195899 0.057635 0.087995 0.658471
0.065768 0.791751 0.128800 0.013681
0.034261 0.192283 0.025300 0.748155

MOTIF M204 O204
letter-probability matrix: alength= 4 w= 9 nsites= 11187 E= 1337.0e-6
0.056187 0.758611 0.087770 0.097432
0.425959 0.308885 0.004271 0.260886
0.202554 0.014191 0.700946 0.082308
0.092000 0.209732 0.691593 0.006675
0.406112 0.086175 0.009531 0.498182
0.480737 0.136685 0.033350 0.349228
0.090256 0.475179 0.186051 0.248513
0.514532 0.257793 0.093302 0.134372
0.293955 0.373383 0.287699 0.044963

MOTIF M205 O205
letter-probability matrix: alength= 4 w= 9 nsites= 11187 E= 1337.0e-6
0.116921 0.673013 0.205238 0.004827
0.314919 0.149102 0.018504 0.517476
0.158963 0.204738 0.215467 0.420831
0.096699 0.008945 0.729046 0.165310
0.137431 0.342322 0.380219 0.140029
0.092378 0.177215 0.087171 0.643235
0.101361 0.358621 0.438385 0.101633
0.677807 0.010926 0.001561 0.309705
0.008687 0.256723 0.466962 0.267628

MOTIF M206 O206
letter-probability matrix: alength= 4 w= 9 nsites= 11186 E= 1337.0e-6
0.724565 0.019379 0.028172 0.227884
0.771811 0.011913 0.102181 0.114095
0.060180 0.481252 0.441039 0.017529
0.012065 0.406820 0.011168 0.569947
0.121450 0.129918 0.169266 0.579366
0.109804 0.156545 0.463381 0.270270
0.165915 0.376905 0.203155 0.254024
0.229914 0.172570 0.525810 0.071706
0.267255 0.246429 0.162905 0.323411

MOTIF M207 O207
letter-probability matrix: alength= 4 w= 9 nsites= 11187 E= 1337.0e-6
0.171618 0.122942 0.216356 0.489084
0.391300 0.044930 0.342880 0.220890
0.025074 0.044237 0.122862 0.807827
0.174427 0.017596 0.744090 0.063887
0.611214 0.196422 0.180468 0.011896
0.067225 0.725461 0.131628 0.075686
0.378458 0.325384 0.101652 0.194507
0.254361 0.458191 0.051434 0.236014
0.380707 0.050397 0.451304 0.117592

MOTIF M208 O208
letter-probability matrix: alength= 4 w= 9 nsites= 11146 E= 1337.0e-6
0.014265 0.009600 0.907949 0.068186
0.120905 0.319062 0.259587 0.300447
0.442876 0.016751 0.140881 0.399492
0.084951 0.481011 0.073397 0.360640
0.395046 0.334426 0.090208 0.180320
0.139042 0.037639 0.108273 0.715046
0.017246 0.023580 0.234434 0.724739
0.102635 0.384388 0.245534 0.267443
0.239636 0.257417 0.315253 0.187694

MOTIF M209 O209
letter-probability matrix: alength= 4 w= 9 nsites= 11154 E= 1337.0e-6
0.388829 0.455890 0.016227 0.139053
0.366075 0.368326 0.054650 0.210948
0.506477 0.244134 0.235619 0.013769
0.463264 0.001362 0.073290 0.462083
0.084093 0.667864 0.043014 0.205029
0.283816 0.164974 0.494067 0.057143
0.020432 0.375794 0.578649 0.025125
0.248922 0.346405 0.020860 0.383813
0.569578 0.089778 0.061620 0.279025

MOTIF M210 O210
letter-probability matrix: alength= 4 w= 9 nsites= 11187 E= 1337.0e-6
0.856351 0.000447 0.025655 0.117547
0.076786 0.198176 0.715741 0.009297
0.479245 0.206388 0.105743 0.208624
0.078300 0.207696 0.088859 0.625145
0.039593 0.397282 0.404571 0.158553
0.405629 0.370132 0.088153 0.136087
0.558915 0.012657 0.375979 0.052449
0.228893 0.200749 0.256031 0.314327
0.165864 0.092929 0.391522 0.349685

MOTIF M211 O211
letter-probability matrix: alength= 4 w= 9 nsites= 11187 E= 1337.0e-6
0.108519 0.320729 0.363458 0.207294
0.403827 0.097738 0.174104 0.324332
0.212650 0.110843 0.495974 0.180533
0.388291 0.050403 0.039272 0.522034
0.076646 0.771357 0.148299 0.003698
0.655849 0.127562 0.132464 0.084126
0.100907 0.081962 0.154452 0.662678
0.103728 0.083266 0.807942 0.005065
0.547010 0.238969 0.040412 0.173608

MOTIF M212 O212
letter-probability matrix: alength= 4 w= 9 nsites= 11168 E= 1337.0e-6
0.128313 0.400878 0.466691 0.004119
0.276740 0.145744 0.432347 0.145169
0.112920 0.648214 0.177282 0.061584
0.452527 0.055160 0.207188 0.285124
0.289165 0.297633 0.368264 0.044938
0.479044 0.438096 0.006166 0.076693
0.037943 0.248714 0.458612 0.254731
0.060911 0.035882 0.411908 0.491298
0.005541 0.525826 0.002870 0.465763

MOTIF M213 O213
letter-probability matrix: alength= 4 w= 9 nsites= 11127 E= 1337.0e-6
0.244900 0.473353 0.121057 0.160690
0.094124 0.625664 0.087105 0.193107
0.140537 0.174991 0.041495 0.642978
0.092002 0.008725 0.156374 0.742899
0.225550 0.418167 0.063974 0.292309
0.249694 0.426039 0.285452 0.038814
0.292566 0.180959 0.028654 0.497820
0.042609 0.258916 0.037559 0.660915
0.097257 0.114496 0.695435 0.092811

MOTIF M214 O214
letter-probability matrix: alength= 4 w= 9 nsites= 11177 E= 1337.0e-6
0.224300 0.342042 0.245594 0.188065
0.635833 0.045397 0.033465 0.285304
0.325755 0.242721 0.222412 0.209112
0.484388 0.026635 0.182399 0.306578
0.011259 0.205008 0.139524 0.644208
0.969208 0.001268 0.018928 0.010596
0.403719 0.342067 0.164071 0.090143
0.235749 0.228493 0.395082 0.140677
0.098631 0.067489 0.466062 0.367817

MOTIF M215 O215
letter-probability matrix: alength= 4 w= 9 nsites= 11187 E= 1337.0e-6
0.149383 0.408368 0.024137 0.418112
0.677068 0.270899 0.030130 0.021904
0.025800 0.267760 0.027770 0.678671
0.321380 0.052703 0.515621 0.110296
0.539805 0.014830 0.289692 0.155673
0.197983 0.114260 0.443925 0.243833
0.316538 0.043135 0.503765 0.136562
0.153897 0.243678 0.262998 0.339426
0.774891 0.105865 0.044692 0.074552

MOTIF M216 O216
letter-probability matrix: alength= 4 w= 9 nsites= 11187 E= 1337.0e-6
0.000805 0.217306 0.779655 0.002235
0.387386 0.060473 0.035388 0.516753
0.191323 0.402317 0.260666 0.145693
0.484398 0.068903 0.300234 0.146465
0.181505 0.086586 0.133412 0.598497
0.099736 0.560470 0.128583 0.211211
0.494185 0.014399 0.330534 0.160882
0.147837 0.633492 0.038127 0.180544
0.110770 0.362520 0.128417 0.398293

MOTIF M217 O217
letter-probability matrix: alength= 4 w= 9 nsites= 11160 E= 1337.0e-6
0.333423 0.055466 0.221237 0.389875
0.277324 0.387519 0.209809 0.125347
0.539939 0.235685 0.038682 0.185694
0.610702 0.193033 0.130813 0.065452
0.002068 0.027158 0.516007 0.454766
0.588838 0.342122 0.012685 0.056356
0.382361 0.032137 0.020177 0.565325
0.023366 0.341122 0.279555 0.355957
0.573395 0.022313 0.326529 0.077763

MOTIF M218 O218
letter-probability matrix: alength= 4 w= 9 nsites= 11187 E= 1337.0e-6
0.636453 0.162689 0.138643 0.062215
0.311969 0.146509 0.422633 0.118888
0.086241 0.340311 0.450617 0.122831
0.041473 0.024633 0.064403 0.869491
0.138561 0.262087 0.340866 0.258486
0.302071 0.099032 0.022429 0.576467
0.399346 0.154999 0.060383 0.385272
0.639231 0.125513 0.221128 0.014128
0.361823 0.124897 0.021138 0.492142

MOTIF M219 O219
letter-probability matrix: alength= 4 w= 9 nsites= 11149 E= 1337.0e-6
0.181003 0.682931 0.012826 0.123240
0.298084 0.525892 0.172895 0.003130
0.040458 0.176482 0.232851 0.550209
0.203327 0.295010 0.001859 0.499804
0.081925 0.154857 0.257239 0.505979
0.064912 0.002194 0.911357 0.021538
0.193637 0.257777 0.272672 0.275914
0.414687 0.173403 0.285303 0.126607
0.083220 0.231260 0.508625 0.176895

MOTIF M220 O220
letter-probability matrix: alength= 4 w= 9 nsites= 11161 E= 1337.0e-6
0.000000 0.999821 0.000000 0.000179
0.289605 0.348071 0.047208 0.315116
0.091149 0.317703 0.109142 0.482007
0.271641 0.003649 0.674633 0.050078
0.149002 0.541278 0.073311 0.236409
0.383359 0.184393 0.162439 0.269809
0.281305 0.282049 0.234080 0.202566
0.148636 0.134805 0.359795 0.356764
0.322491 0.153831 0.450780 0.072898

MOTIF M221 O221
letter-probability matrix: alength= 4 w= 9 nsites= 11187 E= 1337.0e-6
0.599267 0.065076 0.145705 0.189953
0.453845 0.001882 0.040061 0.504212
0.211749 0.679071 0.107386 0.001794
0.070473 0.417427 0.115687 0.396413
0.146264 0.059568 0.744433 0.049734
0.036953 0.067966 0.776497 0.118584
0.411251 0.267971 0.093427 0.227351
0.356266 0.296992 0.059524 0.287218
0.391653 0.232847 0.091226 0.284274

MOTIF M222 O222
letter-probability matrix: alength= 4 w= 9 nsites= 11187 E= 1337.0e-6
0.855135 0.000358 0.105470 0.039037
0.045854 0.260589 0.008435 0.685122
0.140716 0.125914 0.531779 0.201591
0.414699 0.033570 0.523755 0.027975
0.008795 0.440128 0.422538 0.128540
0.677346 0.085365 0.058900 0.178390
0.299244 0.388514 0.197884 0.114358
0.557859 0.203833 0.068535 0.169774
0.211042 0.262775 0.249500 0.276683

MOTIF M223 O223
letter-probability matrix: alength= 4 w= 9 nsites= 11177 E= 1337.0e-6
0.003131 0.101369 0.682741 0.212758
0.010205 0.628646 0.195250 0.165899
0.683479 0.085228 0.015002 0.216291
0.479017 0.249651 0.156695 0.114637
0.001820 0.203218 0.425781 0.369182
0.562025 0.015871 0.418987 0.003116
0.399192 0.252832 0.043435 0.304541
0.071561 0.180753 0.515731 0.231956
0.440537 0.208145 0.172457 0.178860

