MEME version 5.5.1

ALPHABET= ACGT

strands: + -

Background letter frequencies (from uniform background):
A 0.25000 C 0.25000 G 0.25000 T 0.25000

MOTIF M102 O102
letter-probability matrix: alength= 4 w= 9 nsites= 11187 E= 1337.0e-6
0.724156 0.141511 0.073582 0.060750
0.623167 0.020035 0.067936 0.288863
0.017268 0.898672 0.068596 0.015465
0.365397 0.436157 0.053948 0.144499
0.332214 0.013651 0.547835 0.106300
0.067067 0.173150 0.659010 0.100773
0.302809 0.207812 0.054048 0.435332
0.127479 0.280526 0.172521 0.419474
0.188477 0.206697 0.201034 0.403792

MOTIF M105 O105
letter-probability matrix: alength= 4 w= 9 nsites= 11187 E= 1337.0e-6
0.257531 0.698042 0.010816 0.033610
0.113199 0.001271 0.811638 0.073893
0.111872 0.331600 0.100922 0.455607
0.249195 0.322575 0.179586 0.248644
0.309522 0.059591 0.290645 0.340242
0.092288 0.165039 0.654293 0.088380
0.159578 0.504234 0.106887 0.229300
0.456112 0.194117 0.088633 0.261139
0.291326 0.297006 0.146048 0.265620

MOTIF M112 O112
letter-probability matrix: alength= 4 w= 9 nsites= 10258 E= 1337.0e-6
0.338760 0.059661 0.349873 0.251706
0.273443 0.052818 0.385809 0.287931
0.248232 0.072667 0.634041 0.045060
0.262376 0.249137 0.320861 0.167626
0.885363 0.002459 0.094379 0.017799
0.106554 0.014105 0.733910 0.145431
0.006002 0.010044 0.856443 0.127511
0.017676 0.100163 0.464962 0.417199
0.335802 0.116573 0.329545 0.218080

MOTIF M129 O129
letter-probability matrix: alength= 4 w= 9 nsites= 11187 E= 1337.0e-6
0.483061 0.046214 0.090105 0.380620
0.499285 0.090234 0.329816 0.080665
0.649704 0.014693 0.185361 0.150242
0.007473 0.739354 0.227244 0.025930
0.363679 0.428477 0.021443 0.186401
0.176168 0.053423 0.428350 0.342059
0.033962 0.457202 0.486524 0.022312
0.218800 0.068600 0.066700 0.645900
0.155895 0.277616 0.051663 0.514826

MOTIF M133 O133
letter-probability matrix: alength= 4 w= 9 nsites= 11134 E= 1337.0e-6
0.988504 0.002066 0.008443 0.000988
0.155540 0.087153 0.142999 0.614309
0.110787 0.004563 0.829166 0.055485
0.244566 0.103102 0.322868 0.329463
0.462623 0.022048 0.202687 0.312642
0.249976 0.251609 0.333654 0.164761
0.406063 0.141175 0.322574 0.130187
0.141962 0.211500 0.499204 0.147334
0.150364 0.150970 0.322150 0.376516

MOTIF M137 O137
letter-probability matrix: alength= 4 w= 9 nsites= 11179 E= 1337.0e-6
0.112622 0.029967 0.856159 0.001252
0.155276 0.187570 0.008355 0.648798
0.193294 0.283069 0.174481 0.349157
0.458191 0.192902 0.139262 0.209645
0.230871 0.172084 0.100255 0.496791
0.161025 0.105566 0.480502 0.252907
0.536527 0.042398 0.039073 0.382001
0.098376 0.839836 0.034901 0.026887
0.310556 0.471419 0.003614 0.214411

MOTIF M146 O146
letter-probability matrix: alength= 4 w= 9 nsites= 11185 E= 1337.0e-6
0.225715 0.439584 0.133953 0.200747
0.325981 0.333333 0.076280 0.264406
0.554837 0.050356 0.107641 0.287166
0.494391 0.414295 0.006582 0.084732
0.003836 0.009451 0.068775 0.917938
0.268272 0.145984 0.097450 0.488295
0.386930 0.275321 0.097195 0.240553
0.528621 0.379293 0.015331 0.076755
0.041351 0.591931 0.116389 0.250328

MOTIF M159 O159
letter-probability matrix: alength= 4 w= 9 nsites= 11187 E= 1337.0e-6
0.137839 0.246536 0.097077 0.518548
0.181982 0.122346 0.547935 0.147737
0.289097 0.343521 0.269732 0.097651
0.128431 0.112600 0.321874 0.437096
0.028297 0.122495 0.761846 0.087361
0.899600 0.008790 0.038090 0.053521
0.078651 0.779482 0.011278 0.130590
0.261709 0.190466 0.265046 0.282779
0.361064 0.326356 0.091094 0.221487

MOTIF M165 O165
letter-probability matrix: alength= 4 w= 9 nsites= 11187 E= 1337.0e-6
0.085282 0.255666 0.112156 0.546896
0.197438 0.057151 0.411866 0.333545
0.252061 0.169071 0.387224 0.191645
0.123588 0.237304 0.569340 0.069767
0.090734 0.055075 0.066993 0.787197
0.333464 0.640780 0.011066 0.014690
0.873940 0.041687 0.043183 0.041189
0.158692 0.181763 0.219480 0.440064
0.213047 0.489804 0.184133 0.113016

MOTIF M166 O166
letter-probability matrix: alength= 4 w= 9 nsites= 11187 E= 1337.0e-6
0.236814 0.282317 0.002056 0.478813
0.250313 0.501075 0.134784 0.113828
0.015351 0.007856 0.350009 0.626783
0.416591 0.377921 0.081960 0.123528
0.486879 0.429856 0.081631 0.001634
0.174568 0.101398 0.152462 0.571572
0.004407 0.017354 0.392067 0.586172
0.459706 0.060488 0.415038 0.064768
0.220238 0.333239 0.218726 0.227797

MOTIF M172 O172
letter-probability matrix: alength= 4 w= 9 nsites= 11186 E= 1337.0e-6
0.472022 0.057125 0.455380 0.015473
0.447096 0.017967 0.301361 0.233575
0.006720 0.690312 0.253500 0.049468
0.337139 0.353825 0.025566 0.283470
0.114805 0.002282 0.789740 0.093173
0.128179 0.245357 0.621619 0.004845
0.088757 0.404509 0.153744 0.352989
0.099278 0.190093 0.129825 0.580805
0.157635 0.297732 0.210145 0.334489

MOTIF M173 O173
letter-probability matrix: alength= 4 w= 9 nsites= 10865 E= 1337.0e-6
0.181316 0.080718 0.183065 0.554901
0.362653 0.081802 0.048037 0.507509
0.266898 0.575103 0.042621 0.115377
0.007657 0.027912 0.050979 0.913452
0.671659 0.027099 0.020398 0.280844
0.229711 0.230508 0.432403 0.107378
0.655405 0.061732 0.156429 0.126433
0.356071 0.285374 0.210330 0.148225
0.244350 0.316927 0.136245 0.302477

MOTIF M182 O182
letter-probability matrix: alength= 4 w= 9 nsites= 11186 E= 1337.0e-6
0.511884 0.179209 0.057135 0.251771
0.538942 0.002081 0.030213 0.428765
0.023467 0.898407 0.050410 0.027716
0.238679 0.414799 0.058473 0.288049
0.201294 0.010948 0.556233 0.231525
0.077312 0.092463 0.734007 0.096219
0.322000 0.344000 0.030933 0.303067
0.174266 0.145447 0.059397 0.620890
0.167412 0.328116 0.099637 0.404835

MOTIF M185 O185
letter-probability matrix: alength= 4 w= 9 nsites= 11187 E= 1337.0e-6
0.470462 0.002238 0.483709 0.043591
0.141226 0.258181 0.509709 0.090885
0.499955 0.104120 0.311182 0.084744
0.457452 0.140042 0.223595 0.178912
0.421226 0.188693 0.360124 0.029957
0.229390 0.115712 0.365527 0.289372
0.268031 0.335669 0.202541 0.193759
0.015949 0.881653 0.031993 0.070404
0.012073 0.121982 0.053313 0.812633

MOTIF M193 O193
letter-probability matrix: alength= 4 w= 9 nsites= 11187 E= 1337.0e-6
0.168499 0.046840 0.210959 0.573702
0.478666 0.007798 0.449803 0.063733
0.198629 0.483729 0.094790 0.222852
0.127800 0.342248 0.337314 0.192638
0.030312 0.414064 0.004287 0.551337
0.256348 0.719537 0.012430 0.011686
0.831595 0.073229 0.010973 0.084203
0.046824 0.450011 0.195154 0.308011
0.241402 0.464107 0.198998 0.095492

MOTIF M20 O20
letter-probability matrix: alength= 4 w= 9 nsites= 11187 E= 1337.0e-6
0.295012 0.205704 0.416503 0.082782
0.366026 0.429504 0.194367 0.010103
0.255100 0.051807 0.052344 0.640748
0.008070 0.005738 0.805971 0.180221
0.473867 0.212628 0.219481 0.094024
0.023783 0.773968 0.149336 0.052913
0.189447 0.114310 0.165565 0.530678
0.236006 0.387518 0.071339 0.305137
0.396263 0.098871 0.028318 0.476547

MOTIF M23 O23
letter-probability matrix: alength= 4 w= 9 nsites= 11187 E= 1337.0e-6
0.034421 0.217613 0.599285 0.148681
0.613978 0.012699 0.252544 0.120778
0.032554 0.411004 0.522696 0.033746
0.093268 0.095618 0.075493 0.735622
0.094136 0.561194 0.015139 0.329531
0.443249 0.385950 0.108891 0.061910
0.177768 0.350610 0.139483 0.332139
0.129552 0.605931 0.192694 0.071823
0.671594 0.105420 0.144723 0.078263

MOTIF M35 O35
letter-probability matrix: alength= 4 w= 9 nsites= 11184 E= 1337.0e-6
0.149857 0.443401 0.138501 0.268240
0.868830 0.007868 0.057672 0.065629
0.154135 0.288937 0.029896 0.527032
0.014968 0.137601 0.641118 0.206312
0.093628 0.238433 0.406054 0.261885
0.177519 0.083754 0.084764 0.653963
0.076845 0.200278 0.540510 0.182367
0.198687 0.487805 0.162289 0.151220
0.318834 0.561782 0.068003 0.051382

MOTIF M38 O38
letter-probability matrix: alength= 4 w= 9 nsites= 11187 E= 1337.0e-6
0.186483 0.205078 0.165564 0.442875
0.011897 0.033187 0.953663 0.001252
0.507036 0.132025 0.020884 0.340056
0.136364 0.172206 0.158642 0.532788
0.161682 0.017310 0.369404 0.451604
0.335631 0.140428 0.219098 0.304843
0.103378 0.601018 0.222767 0.072837
0.441116 0.316607 0.085565 0.156712
0.101042 0.002746 0.289205 0.607008

MOTIF M3 O3
letter-probability matrix: alength= 4 w= 9 nsites= 11183 E= 1337.0e-6
0.503622 0.232585 0.213628 0.050165
0.321352 0.269989 0.225798 0.182861
0.413986 0.009732 0.324232 0.252050
0.008142 0.442826 0.501538 0.047494
0.440004 0.324525 0.007899 0.227572
0.304050 0.002859 0.410958 0.282134
0.070414 0.051324 0.848810 0.029451
0.404576 0.002824 0.104966 0.487634
0.117100 0.176678 0.016142 0.690080

MOTIF M40 O40
letter-probability matrix: alength= 4 w= 9 nsites= 11104 E= 1337.0e-6
0.531430 0.152648 0.165796 0.150126
0.495643 0.049292 0.304466 0.150599
0.326597 0.067859 0.225827 0.379716
0.000580 0.876849 0.096568 0.026003
0.102755 0.432091 0.001837 0.463317
0.348927 0.013853 0.472806 0.164415
0.029172 0.204893 0.764902 0.001034
0.286328 0.253018 0.025766 0.434889
0.121117 0.322121 0.040995 0.515767

MOTIF M45 O45
letter-probability matrix: alength= 4 w= 9 nsites= 11187 E= 1337.0e-6
0.589826 0.004030 0.131650 0.274494
0.000723 0.880911 0.106158 0.012207
0.152870 0.518989 0.001493 0.326648
0.416898 0.017740 0.445837 0.119525
0.003149 0.177708 0.817793 0.001350
0.337838 0.320316 0.025195 0.316651
0.249884 0.140957 0.209413 0.399746
0.164140 0.350900 0.108598 0.376362
0.304675 0.100061 0.332240 0.263024

MOTIF M50 O50
letter-probability matrix: alength= 4 w= 9 nsites= 11187 E= 1337.0e-6
0.164387 0.260213 0.314472 0.260928
0.248614 0.012069 0.657608 0.081709
0.236367 0.052655 0.002861 0.708117
0.003934 0.669736 0.295843 0.030487
0.405650 0.002332 0.161166 0.430852
0.299307 0.051893 0.235903 0.412897
0.190924 0.321099 0.408425 0.079552
0.563475 0.237474 0.102857 0.096194
0.250391 0.466630 0.259597 0.023382

MOTIF M56 O56
letter-probability matrix: alength= 4 w= 9 nsites= 11187 E= 1337.0e-6
0.718066 0.181908 0.068025 0.032001
0.557608 0.001883 0.279297 0.161212
0.071767 0.568839 0.012829 0.346565
0.112435 0.440600 0.100010 0.346956
0.103765 0.042360 0.751532 0.102342
0.028981 0.092056 0.503239 0.375725
0.380776 0.215804 0.028535 0.374884
0.079471 0.280548 0.246723 0.393258
0.180075 0.102641 0.064769 0.652515

MOTIF M66 O66
letter-probability matrix: alength= 4 w= 9 nsites= 11187 E= 1337.0e-6
0.130913 0.083609 0.305285 0.480193
0.111201 0.201109 0.601091 0.086599
0.116098 0.039001 0.058456 0.786445
0.066320 0.037473 0.792134 0.104072
0.632704 0.166683 0.146938 0.053676
0.066098 0.473669 0.434736 0.025498
0.173125 0.298842 0.157021 0.371012
0.233385 0.379018 0.019742 0.367855
0.529808 0.353697 0.020961 0.095534

MOTIF M69 O69
letter-probability matrix: alength= 4 w= 9 nsites= 11187 E= 1337.0e-6
0.958702 0.000000 0.000000 0.041298
0.000089 0.399964 0.585106 0.014840
0.492338 0.089703 0.129850 0.288108
0.039128 0.254240 0.221305 0.485327
0.185232 0.081169 0.266492 0.467107
0.428857 0.271925 0.093250 0.205968
0.307046 0.350219 0.227181 0.115553
0.369427 0.109109 0.010479 0.510984
0.019577 0.264335 0.290963 0.425125

MOTIF M6 O6
letter-probability matrix: alength= 4 w= 9 nsites= 11187 E= 1337.0e-6
0.198838 0.536343 0.235315 0.029504
0.471752 0.095174 0.008058 0.425016
0.000448 0.161180 0.298592 0.539779
0.891982 0.107747 0.000181 0.000090
0.027955 0.303490 0.193952 0.474603
0.030054 0.036008 0.474057 0.459881
0.192853 0.266265 0.243348 0.297534
0.250999 0.460032 0.044864 0.244105
0.383791 0.247116 0.040318 0.328774

MOTIF M78 O78
letter-probability matrix: alength= 4 w= 9 nsites= 11187 E= 1337.0e-6
0.352641 0.253509 0.024493 0.369357
0.508314 0.036832 0.454497 0.000358
0.131725 0.000000 0.414275 0.453999
0.000000 0.803853 0.010826 0.185321
0.525640 0.088930 0.338955 0.046475
0.115688 0.474899 0.136842 0.272571
0.224268 0.240341 0.415221 0.120170
0.369342 0.114184 0.189046 0.327428
0.036443 0.318332 0.476180 0.169045

MOTIF M81 O81
letter-probability matrix: alength= 4 w= 9 nsites= 11187 E= 1337.0e-6
0.073568 0.189506 0.439528 0.297399
0.333035 0.256683 0.115869 0.294412
0.158757 0.117568 0.596168 0.127507
0.148447 0.001177 0.159315 0.691061
0.020666 0.748224 0.162469 0.068641
0.572806 0.080938 0.048411 0.297844
0.146078 0.084838 0.161364 0.607719
0.176374 0.543780 0.277146 0.002700
0.213809 0.513455 0.235415 0.037321

MOTIF M86 O86
letter-probability matrix: alength= 4 w= 9 nsites= 11187 E= 1337.0e-6
0.019222 0.007510 0.084041 0.889227
0.517889 0.015564 0.280948 0.185599
0.264948 0.333512 0.127909 0.273631
0.318316 0.281253 0.282958 0.117473
0.138585 0.062421 0.083348 0.715646
0.436704 0.418425 0.106130 0.038741
0.649157 0.111418 0.120818 0.118607
0.071269 0.441122 0.133408 0.354202
0.258163 0.454659 0.230298 0.056880

MOTIF M8 O8
letter-probability matrix: alength= 4 w= 9 nsites= 11187 E= 1337.0e-6
0.271995 0.606641 0.106686 0.014678
0.625552 0.190738 0.008740 0.174971
0.202659 0.001477 0.080233 0.715631
0.007108 0.744596 0.244596 0.003700
0.239712 0.280863 0.054589 0.424836
0.353263 0.231651 0.349620 0.065467
0.115834 0.034133 0.650848 0.199185
0.471517 0.031246 0.130739 0.366497
0.220235 0.211234 0.180358 0.388174

MOTIF M98 O98
letter-probability matrix: alength= 4 w= 9 nsites= 11186 E= 1337.0e-6
0.269623 0.000268 0.001073 0.729036
0.027310 0.222332 0.749015 0.001343
0.647064 0.348209 0.001000 0.003727
0.307013 0.232887 0.085565 0.374535
0.167403 0.237282 0.210789 0.384527
0.290599 0.062207 0.569534 0.077659
0.086088 0.262726 0.284831 0.366356
0.080380 0.422874 0.087199 0.409546
0.093816 0.422647 0.049388 0.434149

MOTIF M99 O99
letter-probability matrix: alength= 4 w= 9 nsites= 11187 E= 1337.0e-6
0.701343 0.074396 0.222919 0.001343
0.007097 0.158013 0.044556 0.790334
0.456413 0.023642 0.368234 0.151712
0.342963 0.155185 0.060000 0.441852
0.171291 0.118076 0.204053 0.506581
0.036034 0.004047 0.344831 0.615088
0.434167 0.342354 0.051663 0.171817
0.327699 0.446323 0.054533 0.171446
0.320225 0.083052 0.104045 0.492678