MEME version 5.5.1

ALPHABET= ACGT

strands: + -

Background letter frequencies (from uniform background):
A 0.25000 C 0.25000 G 0.25000 T 0.25000

MOTIF M0 O0
letter-probability matrix: alength= 4 w= 9 nsites= 10986 E= 1337.0e-6
0.208993 0.048425 0.353086 0.389496
0.000742 0.010568 0.988505 0.000185
0.571330 0.173689 0.232654 0.022327
0.020252 0.017735 0.331336 0.630677
0.033527 0.028467 0.414347 0.523659
0.258854 0.154948 0.328516 0.257682
0.124224 0.432871 0.138878 0.304026
0.494918 0.239904 0.126237 0.138941
0.107080 0.225396 0.406254 0.261270

MOTIF M1 O1
letter-probability matrix: alength= 4 w= 9 nsites= 11187 E= 1337.0e-6
0.240617 0.018315 0.016240 0.724829
0.086457 0.354098 0.102444 0.457001
0.353607 0.041721 0.082885 0.521788
0.355866 0.354469 0.060428 0.229236
0.796806 0.179102 0.020824 0.003268
0.018230 0.187747 0.124131 0.669893
0.198658 0.116818 0.176330 0.508194
0.112957 0.425151 0.337405 0.124487
0.246162 0.447172 0.055657 0.251010

MOTIF M2 O2
letter-probability matrix: alength= 4 w= 9 nsites= 11177 E= 1337.0e-6
0.638633 0.000984 0.022278 0.338105
0.185273 0.797685 0.008202 0.008840
0.249045 0.198170 0.090991 0.461794
0.146329 0.126095 0.710367 0.017209
0.022141 0.282997 0.581255 0.113607
0.664464 0.062018 0.115554 0.157964
0.114572 0.265184 0.249722 0.370523
0.165798 0.059669 0.492527 0.282007
0.099988 0.176665 0.563484 0.159863

MOTIF M3 O3
letter-probability matrix: alength= 4 w= 9 nsites= 11131 E= 1337.0e-6
0.714850 0.042943 0.156500 0.085707
0.125462 0.537449 0.218387 0.118702
0.570926 0.298611 0.032500 0.097963
0.021200 0.435504 0.446622 0.096674
0.010852 0.433208 0.012332 0.543607
0.301589 0.082988 0.343892 0.271531
0.058470 0.153815 0.775899 0.011816
0.089967 0.591418 0.041356 0.277260
0.220708 0.234647 0.111717 0.432928

MOTIF M4 O4
letter-probability matrix: alength= 4 w= 9 nsites= 11187 E= 1337.0e-6
0.814606 0.049790 0.058282 0.077322
0.404255 0.101734 0.343286 0.150724
0.196476 0.010106 0.017349 0.776069
0.092304 0.313061 0.400161 0.194474
0.493916 0.078684 0.005768 0.421631
0.149769 0.054634 0.514995 0.280602
0.122952 0.364398 0.495359 0.017292
0.230033 0.366673 0.003128 0.400166
0.439464 0.185698 0.069091 0.305747

MOTIF M5 O5
letter-probability matrix: alength= 4 w= 9 nsites= 11187 E= 1337.0e-6
0.042852 0.459295 0.070048 0.427805
0.036638 0.036912 0.756144 0.170306
0.163352 0.406722 0.030847 0.399079
0.491965 0.153182 0.278402 0.076451
0.579903 0.196950 0.103948 0.119199
0.129621 0.274274 0.159024 0.437080
0.123715 0.121890 0.659783 0.094611
0.344996 0.410575 0.007623 0.236806
0.025408 0.342803 0.250575 0.381214

MOTIF M6 O6
letter-probability matrix: alength= 4 w= 9 nsites= 11186 E= 1337.0e-6
0.265983 0.077961 0.628810 0.027246
0.023501 0.138321 0.129113 0.709065
0.017931 0.006346 0.247104 0.728619
0.457512 0.051091 0.394671 0.096727
0.102072 0.277253 0.288209 0.332466
0.109676 0.527447 0.169692 0.193186
0.245680 0.648249 0.008868 0.097203
0.825477 0.059745 0.058803 0.055975
0.215959 0.280295 0.295279 0.208467

MOTIF M7 O7
letter-probability matrix: alength= 4 w= 9 nsites= 11187 E= 1337.0e-6
0.453115 0.044874 0.000179 0.501832
0.529691 0.215883 0.139331 0.115096
0.263309 0.495303 0.240852 0.000537
0.000090 0.131255 0.258378 0.610278
0.521014 0.068543 0.296447 0.113997
0.052679 0.533424 0.308992 0.104905
0.162187 0.173719 0.280573 0.383521
0.344288 0.517228 0.138202 0.000281
0.292294 0.008157 0.153536 0.546013

MOTIF M8 O8
letter-probability matrix: alength= 4 w= 9 nsites= 11187 E= 1337.0e-6
0.271995 0.606641 0.106686 0.014678
0.625552 0.190738 0.008740 0.174971
0.202659 0.001477 0.080233 0.715631
0.007108 0.744596 0.244596 0.003700
0.239712 0.280863 0.054589 0.424836
0.353263 0.231651 0.349620 0.065467
0.115834 0.034133 0.650848 0.199185
0.471517 0.031246 0.130739 0.366497
0.220235 0.211234 0.180358 0.388174

MOTIF M9 O9
letter-probability matrix: alength= 4 w= 9 nsites= 11100 E= 1337.0e-6
0.048288 0.049820 0.901081 0.000811
0.608716 0.153775 0.000000 0.237509
0.192461 0.261089 0.182182 0.364268
0.206343 0.129949 0.408796 0.254912
0.156025 0.374961 0.315800 0.153213
0.542306 0.098998 0.152813 0.205882
0.153089 0.058314 0.502002 0.286595
0.018386 0.656614 0.321188 0.003812
0.020037 0.536929 0.003961 0.439073

MOTIF M10 O10
letter-probability matrix: alength= 4 w= 9 nsites= 10949 E= 1337.0e-6
0.051968 0.285140 0.082382 0.580510
0.162720 0.425532 0.001665 0.410083
0.201184 0.358673 0.157583 0.282560
0.026105 0.003864 0.004995 0.965036
0.756319 0.184985 0.056329 0.002367
0.294858 0.179243 0.342936 0.182963
0.346674 0.017626 0.321842 0.313857
0.173492 0.159050 0.483581 0.183877
0.263351 0.276886 0.273528 0.186234

MOTIF M11 O11
letter-probability matrix: alength= 4 w= 9 nsites= 11176 E= 1337.0e-6
0.079724 0.093862 0.079635 0.746779
0.004210 0.006181 0.786188 0.203422
0.627103 0.138608 0.022829 0.211460
0.345014 0.063205 0.141455 0.450326
0.124652 0.325599 0.123353 0.426397
0.073953 0.304914 0.588083 0.033049
0.479132 0.104485 0.133476 0.282907
0.026913 0.506630 0.272272 0.194185
0.443673 0.283846 0.131060 0.141420

MOTIF M12 O12
letter-probability matrix: alength= 4 w= 9 nsites= 11080 E= 1337.0e-6
0.295848 0.180144 0.075993 0.448014
0.100493 0.765942 0.024849 0.108716
0.432467 0.132827 0.387282 0.047424
0.026430 0.445759 0.145168 0.382643
0.507857 0.274147 0.014313 0.203683
0.376605 0.506824 0.084723 0.031847
0.077755 0.362410 0.022760 0.537075
0.061637 0.121273 0.515436 0.301654
0.196434 0.621650 0.010783 0.171133

MOTIF M13 O13
letter-probability matrix: alength= 4 w= 9 nsites= 11187 E= 1337.0e-6
0.642978 0.000000 0.000000 0.357022
0.000000 0.027711 0.972289 0.000000
0.297628 0.102409 0.000996 0.598968
0.117021 0.398150 0.184736 0.300093
0.171882 0.103072 0.171308 0.553737
0.166059 0.390820 0.248990 0.194130
0.347305 0.023385 0.159730 0.469580
0.145783 0.524980 0.166966 0.162270
0.178430 0.341888 0.092270 0.387412

MOTIF M14 O14
letter-probability matrix: alength= 4 w= 9 nsites= 11187 E= 1337.0e-6
0.031554 0.002860 0.956914 0.008671
0.051963 0.631934 0.212536 0.103566
0.183445 0.476013 0.119208 0.221334
0.443764 0.157606 0.106533 0.292097
0.271986 0.346189 0.002107 0.379718
0.369505 0.086997 0.284164 0.259334
0.223317 0.373976 0.016944 0.385763
0.030300 0.284134 0.273724 0.411841
0.498776 0.026549 0.241762 0.232913

MOTIF M15 O15
letter-probability matrix: alength= 4 w= 9 nsites= 11185 E= 1337.0e-6
0.638891 0.308628 0.052213 0.000268
0.000447 0.010197 0.226655 0.762701
0.235231 0.715673 0.000360 0.048737
0.511677 0.148969 0.012224 0.327130
0.266451 0.126442 0.263498 0.343609
0.282097 0.035881 0.315268 0.366754
0.288341 0.204076 0.372701 0.134882
0.037564 0.292477 0.138445 0.531513
0.369851 0.270021 0.344091 0.016037

MOTIF M16 O16
letter-probability matrix: alength= 4 w= 9 nsites= 11092 E= 1337.0e-6
0.332221 0.181302 0.032456 0.454021
0.454843 0.055914 0.078878 0.410366
0.011467 0.056607 0.300146 0.631780
0.805995 0.018481 0.134149 0.041376
0.349482 0.274871 0.224297 0.151350
0.278284 0.078303 0.601936 0.041477
0.097395 0.091757 0.616641 0.194207
0.309809 0.112141 0.014553 0.563497
0.279110 0.238417 0.368799 0.113674

MOTIF M17 O17
letter-probability matrix: alength= 4 w= 9 nsites= 11187 E= 1337.0e-6
0.242289 0.329996 0.320876 0.106840
0.141285 0.073372 0.195598 0.589746
0.027282 0.098627 0.563672 0.310419
0.496788 0.447571 0.038542 0.017099
0.011247 0.103420 0.479792 0.405541
0.264276 0.355770 0.371954 0.008000
0.504390 0.040631 0.346908 0.108070
0.596134 0.340405 0.036964 0.026497
0.572097 0.267176 0.115050 0.045676

MOTIF M18 O18
letter-probability matrix: alength= 4 w= 9 nsites= 11187 E= 1337.0e-6
0.000179 0.051310 0.005185 0.943327
0.902723 0.021096 0.076181 0.000000
0.089556 0.502921 0.100237 0.307285
0.260069 0.069333 0.199847 0.470752
0.178792 0.173406 0.490845 0.156957
0.217625 0.323702 0.173976 0.284697
0.159339 0.328832 0.287242 0.224587
0.510411 0.075355 0.111380 0.302853
0.256698 0.095368 0.258061 0.389873

MOTIF M19 O19
letter-probability matrix: alength= 4 w= 9 nsites= 11187 E= 1337.0e-6
0.001341 0.996514 0.000536 0.001609
0.259703 0.006797 0.330889 0.402611
0.053781 0.353647 0.217718 0.374855
0.240620 0.186532 0.135578 0.437271
0.173360 0.084887 0.337755 0.403998
0.298582 0.338058 0.284676 0.078683
0.327962 0.100648 0.142330 0.429060
0.663412 0.193292 0.084531 0.058765
0.288832 0.115880 0.226372 0.368916

MOTIF M20 O20
letter-probability matrix: alength= 4 w= 9 nsites= 11070 E= 1337.0e-6
0.332972 0.001265 0.097380 0.568383
0.008646 0.671726 0.175405 0.144224
0.277097 0.085336 0.061501 0.576067
0.346439 0.048108 0.574138 0.031315
0.007459 0.052909 0.304326 0.635306
0.364630 0.356004 0.004113 0.275253
0.351706 0.032304 0.145064 0.470927
0.058600 0.378079 0.137418 0.425903
0.638652 0.055232 0.047327 0.258789

MOTIF M21 O21
letter-probability matrix: alength= 4 w= 9 nsites= 11187 E= 1337.0e-6
0.000000 0.835345 0.164566 0.000089
0.840541 0.000000 0.001701 0.157758
0.004862 0.502296 0.441703 0.051139
0.518297 0.261669 0.017737 0.202296
0.094730 0.226955 0.088780 0.589535
0.209050 0.310981 0.344990 0.134979
0.237465 0.307146 0.205290 0.250099
0.505693 0.024471 0.101079 0.368757
0.171733 0.318502 0.390779 0.118985

MOTIF M22 O22
letter-probability matrix: alength= 4 w= 9 nsites= 11187 E= 1337.0e-6
0.153585 0.395137 0.048722 0.402557
0.034625 0.480266 0.274309 0.210800
0.138128 0.018905 0.195568 0.647399
0.089396 0.519553 0.216715 0.174336
0.754893 0.069142 0.011524 0.164441
0.006418 0.628862 0.325754 0.038966
0.270219 0.387693 0.074903 0.267185
0.161746 0.006431 0.562311 0.269512
0.179156 0.278015 0.530819 0.012010

MOTIF M23 O23
letter-probability matrix: alength= 4 w= 9 nsites= 11187 E= 1337.0e-6
0.218825 0.389202 0.083132 0.308841
0.480240 0.023873 0.467364 0.028523
0.015122 0.304402 0.006800 0.673676
0.026275 0.000735 0.872026 0.100965
0.252545 0.475688 0.053002 0.218765
0.468491 0.267253 0.130830 0.133427
0.264546 0.159466 0.265059 0.310929
0.129541 0.199767 0.272958 0.397733
0.388301 0.324628 0.265487 0.021584

MOTIF M24 O24
letter-probability matrix: alength= 4 w= 9 nsites= 11187 E= 1337.0e-6
0.386878 0.168052 0.030482 0.414588
0.040404 0.171449 0.708858 0.079288
0.182347 0.000715 0.315239 0.501699
0.006723 0.547687 0.256454 0.189136
0.320455 0.049545 0.570818 0.059182
0.518478 0.214358 0.251866 0.015298
0.567120 0.243623 0.025787 0.163470
0.411503 0.165453 0.101504 0.321540
0.065203 0.127901 0.253973 0.552923

MOTIF M25 O25
letter-probability matrix: alength= 4 w= 9 nsites= 11187 E= 1337.0e-6
0.253777 0.347814 0.301153 0.097256
0.638277 0.007555 0.023114 0.331055
0.316095 0.022485 0.004965 0.656455
0.193522 0.657754 0.148118 0.000605
0.043011 0.669771 0.043122 0.244097
0.258767 0.163346 0.188862 0.389025
0.096651 0.140627 0.513288 0.249434
0.320312 0.082520 0.020752 0.576416
0.004805 0.320192 0.535173 0.139830

MOTIF M26 O26
letter-probability matrix: alength= 4 w= 9 nsites= 11187 E= 1337.0e-6
0.014302 0.700545 0.151515 0.133637
0.110167 0.008674 0.177323 0.703836
0.336198 0.144149 0.403528 0.116125
0.155426 0.212287 0.324126 0.308161
0.352101 0.279005 0.298940 0.069953
0.056541 0.059512 0.484829 0.399118
0.371983 0.516532 0.082339 0.029147
0.839926 0.101012 0.045354 0.013707
0.406079 0.072468 0.198962 0.322491

MOTIF M27 O27
letter-probability matrix: alength= 4 w= 9 nsites= 11142 E= 1337.0e-6
0.812511 0.006462 0.168013 0.013014
0.171731 0.179689 0.552360 0.096220
0.585865 0.124904 0.266058 0.023173
0.031970 0.490171 0.448471 0.029388
0.110324 0.164481 0.242860 0.482336
0.195786 0.221934 0.530308 0.051972
0.066493 0.149935 0.293351 0.490222
0.021249 0.303286 0.181818 0.493647
0.100517 0.669636 0.019905 0.209942

MOTIF M28 O28
letter-probability matrix: alength= 4 w= 9 nsites= 11187 E= 1337.0e-6
0.563690 0.000000 0.135961 0.300349
0.000000 0.823903 0.176097 0.000000
0.219606 0.087914 0.430886 0.261594
0.200305 0.261150 0.007628 0.530916
0.250815 0.302498 0.037111 0.409576
0.108765 0.274713 0.546306 0.070216
0.439301 0.151608 0.152909 0.256181
0.327400 0.048525 0.339485 0.284590
0.341851 0.447757 0.103540 0.106852

MOTIF M29 O29
letter-probability matrix: alength= 4 w= 9 nsites= 11187 E= 1337.0e-6
0.878341 0.082149 0.011352 0.028158
0.160633 0.017699 0.764906 0.056762
0.286738 0.134857 0.064337 0.514068
0.172504 0.405352 0.389009 0.033136
0.187421 0.238462 0.085339 0.488778
0.088297 0.159484 0.488517 0.263702
0.136760 0.431391 0.154016 0.277834
0.441228 0.031536 0.173217 0.354018
0.098626 0.549777 0.278046 0.073551

MOTIF M30 O30
letter-probability matrix: alength= 4 w= 9 nsites= 11187 E= 1337.0e-6
0.067668 0.369447 0.283901 0.278985
0.680433 0.000179 0.101010 0.218378
0.184957 0.683213 0.117431 0.014399
0.139283 0.591130 0.200403 0.069184
0.005539 0.003286 0.514975 0.476199
0.267468 0.560519 0.027110 0.144903
0.374988 0.207681 0.330675 0.086657
0.208579 0.163984 0.211579 0.415858
0.244114 0.323616 0.256651 0.175619

MOTIF M31 O31
letter-probability matrix: alength= 4 w= 9 nsites= 10818 E= 1337.0e-6
0.182381 0.071178 0.170179 0.576262
0.269901 0.003580 0.234668 0.491851
0.556586 0.123877 0.016058 0.303479
0.580630 0.031866 0.228467 0.159038
0.050548 0.006015 0.321044 0.622393
0.484213 0.279521 0.119964 0.116302
0.090093 0.022397 0.173123 0.714387
0.287606 0.334989 0.220463 0.156942
0.376089 0.043141 0.014590 0.566180

MOTIF M32 O32
letter-probability matrix: alength= 4 w= 9 nsites= 11187 E= 1337.0e-6
0.054170 0.098507 0.240815 0.606508
0.000358 0.864084 0.126611 0.008948
0.848394 0.007119 0.006572 0.137915
0.049655 0.708798 0.096914 0.144634
0.185802 0.119194 0.325543 0.369461
0.145765 0.139609 0.328865 0.385761
0.136041 0.099492 0.361421 0.403046
0.186829 0.187663 0.428467 0.197041
0.231552 0.225509 0.185008 0.357930

MOTIF M33 O33
letter-probability matrix: alength= 4 w= 9 nsites= 11187 E= 1337.0e-6
0.152588 0.500134 0.318227 0.029052
0.594165 0.000808 0.035996 0.369031
0.164626 0.110299 0.029633 0.695442
0.181680 0.157907 0.063163 0.597250
0.178554 0.517342 0.170860 0.133244
0.625732 0.255663 0.024688 0.093917
0.114809 0.171827 0.123452 0.589912
0.025331 0.612810 0.153826 0.208033
0.048503 0.163934 0.082509 0.705054

MOTIF M34 O34
letter-probability matrix: alength= 4 w= 9 nsites= 11187 E= 1337.0e-6
0.231519 0.253866 0.357737 0.156879
0.784661 0.001162 0.063913 0.150264
0.186874 0.244993 0.498748 0.069385
0.395986 0.204802 0.188318 0.210894
0.240588 0.182503 0.570993 0.005916
0.028965 0.640640 0.227759 0.102636
0.282399 0.248894 0.000542 0.468166
0.007512 0.378586 0.001629 0.612273
0.087483 0.105273 0.256121 0.551123

MOTIF M35 O35
letter-probability matrix: alength= 4 w= 9 nsites= 11184 E= 1337.0e-6
0.149857 0.443401 0.138501 0.268240
0.868830 0.007868 0.057672 0.065629
0.154135 0.288937 0.029896 0.527032
0.014968 0.137601 0.641118 0.206312
0.093628 0.238433 0.406054 0.261885
0.177519 0.083754 0.084764 0.653963
0.076845 0.200278 0.540510 0.182367
0.198687 0.487805 0.162289 0.151220
0.318834 0.561782 0.068003 0.051382

MOTIF M36 O36
letter-probability matrix: alength= 4 w= 9 nsites= 11186 E= 1337.0e-6
0.307795 0.317093 0.182192 0.192920
0.008850 0.200519 0.004023 0.786608
0.249151 0.103343 0.647238 0.000268
0.000179 0.356932 0.390137 0.252752
0.915403 0.008164 0.000359 0.076074
0.075592 0.327507 0.426885 0.170015
0.179846 0.466285 0.156555 0.197314
0.189595 0.151060 0.325723 0.333622
0.328122 0.076412 0.236271 0.359195

MOTIF M37 O37
letter-probability matrix: alength= 4 w= 9 nsites= 11177 E= 1337.0e-6
0.074707 0.579762 0.211774 0.133757
0.386794 0.046816 0.022641 0.543749
0.243534 0.741183 0.008320 0.006963
0.647511 0.036704 0.296320 0.019464
0.000373 0.213561 0.327280 0.458787
0.602476 0.040537 0.199282 0.157706
0.295485 0.022575 0.275684 0.406256
0.255477 0.251777 0.293545 0.199202
0.166633 0.151804 0.467735 0.213828

MOTIF M38 O38
letter-probability matrix: alength= 4 w= 9 nsites= 11176 E= 1337.0e-6
0.094757 0.657928 0.236668 0.010648
0.450668 0.045345 0.479321 0.024666
0.482596 0.314675 0.102070 0.100659
0.768589 0.054249 0.045239 0.131923
0.053606 0.423571 0.386555 0.136268
0.100668 0.206319 0.016446 0.676567
0.056922 0.332995 0.311649 0.298435
0.075392 0.537438 0.198742 0.188428
0.252544 0.313503 0.270905 0.163047

MOTIF M39 O39
letter-probability matrix: alength= 4 w= 9 nsites= 11182 E= 1337.0e-6
0.011179 0.625559 0.120998 0.242264
0.314429 0.271088 0.253859 0.160625
0.056614 0.495507 0.438893 0.008986
0.288592 0.040376 0.399332 0.271701
0.069881 0.440859 0.475392 0.013867
0.003115 0.382776 0.028951 0.585158
0.031845 0.293198 0.118052 0.556906
0.297720 0.174855 0.064390 0.463035
0.057397 0.365639 0.296164 0.280800

MOTIF M40 O40
letter-probability matrix: alength= 4 w= 9 nsites= 11104 E= 1337.0e-6
0.531430 0.152648 0.165796 0.150126
0.495643 0.049292 0.304466 0.150599
0.326597 0.067859 0.225827 0.379716
0.000580 0.876849 0.096568 0.026003
0.102755 0.432091 0.001837 0.463317
0.348927 0.013853 0.472806 0.164415
0.029172 0.204893 0.764902 0.001034
0.286328 0.253018 0.025766 0.434889
0.121117 0.322121 0.040995 0.515767

MOTIF M41 O41
letter-probability matrix: alength= 4 w= 9 nsites= 11183 E= 1337.0e-6
0.002504 0.660377 0.196369 0.140749
0.141630 0.380782 0.208553 0.269035
0.596975 0.214893 0.006176 0.181957
0.472265 0.007348 0.071153 0.449234
0.065817 0.007183 0.771393 0.155607
0.352590 0.379260 0.072507 0.195642
0.255360 0.253444 0.314296 0.176900
0.054751 0.420100 0.474852 0.050297
0.225062 0.337688 0.001144 0.436105

MOTIF M42 O42
letter-probability matrix: alength= 4 w= 9 nsites= 11128 E= 1337.0e-6
0.146567 0.041697 0.659957 0.151779
0.130451 0.247764 0.587589 0.034197
0.199591 0.029306 0.035829 0.735274
0.215722 0.261761 0.299457 0.223060
0.246558 0.575510 0.070490 0.107442
0.500000 0.155364 0.211132 0.133504
0.168757 0.062292 0.093706 0.675244
0.339412 0.564923 0.021623 0.074042
0.773398 0.078272 0.086377 0.061952

MOTIF M43 O43
letter-probability matrix: alength= 4 w= 9 nsites= 11187 E= 1337.0e-6
0.187807 0.455529 0.064807 0.291857
0.482296 0.030669 0.108637 0.378398
0.081813 0.110604 0.360962 0.446620
0.152539 0.072783 0.494993 0.279685
0.576438 0.276411 0.012255 0.134896
0.655679 0.053655 0.227248 0.063418
0.002341 0.192796 0.238181 0.566682
0.583227 0.327263 0.086505 0.003005
0.298986 0.019263 0.136498 0.545253

MOTIF M44 O44
letter-probability matrix: alength= 4 w= 9 nsites= 11187 E= 1337.0e-6
0.093770 0.445338 0.320640 0.140252
0.468708 0.087187 0.024064 0.420041
0.267872 0.577466 0.031202 0.123460
0.309596 0.296631 0.032594 0.361180
0.305989 0.246188 0.000735 0.447088
0.682124 0.000092 0.311607 0.006177
0.000092 0.076909 0.178499 0.744500
0.356086 0.000000 0.434738 0.209176
0.352047 0.140876 0.213641 0.293436

MOTIF M45 O45
letter-probability matrix: alength= 4 w= 9 nsites= 11187 E= 1337.0e-6
0.589826 0.004030 0.131650 0.274494
0.000723 0.880911 0.106158 0.012207
0.152870 0.518989 0.001493 0.326648
0.416898 0.017740 0.445837 0.119525
0.003149 0.177708 0.817793 0.001350
0.337838 0.320316 0.025195 0.316651
0.249884 0.140957 0.209413 0.399746
0.164140 0.350900 0.108598 0.376362
0.304675 0.100061 0.332240 0.263024

MOTIF M46 O46
letter-probability matrix: alength= 4 w= 9 nsites= 11187 E= 1337.0e-6
0.387950 0.092339 0.100921 0.418790
0.125972 0.025391 0.137684 0.710952
0.060612 0.524011 0.373741 0.041637
0.409078 0.316559 0.006211 0.268152
0.243092 0.119894 0.477463 0.159552
0.082711 0.035777 0.875703 0.005809
0.474848 0.312225 0.006651 0.206276
0.363602 0.310293 0.032383 0.293722
0.095936 0.406247 0.223203 0.274614

MOTIF M47 O47
letter-probability matrix: alength= 4 w= 9 nsites= 11187 E= 1337.0e-6
0.531152 0.000983 0.346563 0.121302
0.070982 0.570266 0.335509 0.023243
0.412696 0.004738 0.010013 0.572553
0.123558 0.486992 0.229325 0.160125
0.378269 0.011018 0.060820 0.549893
0.056029 0.095563 0.501210 0.347199
0.484636 0.112309 0.220036 0.183019
0.610966 0.094869 0.048967 0.245198
0.094319 0.578751 0.264385 0.062546

MOTIF M48 O48
letter-probability matrix: alength= 4 w= 9 nsites= 10794 E= 1337.0e-6
0.162220 0.100982 0.715490 0.021308
0.835633 0.008507 0.034026 0.121834
0.056517 0.096982 0.546617 0.299885
0.374243 0.004667 0.476318 0.144772
0.226872 0.100718 0.544410 0.128000
0.638898 0.023802 0.227894 0.109406
0.342191 0.262470 0.310239 0.085100
0.179254 0.117722 0.312253 0.390770
0.364196 0.005510 0.535545 0.094749

MOTIF M49 O49
letter-probability matrix: alength= 4 w= 9 nsites= 11181 E= 1337.0e-6
0.494321 0.101780 0.247384 0.156516
0.310766 0.030259 0.435216 0.223759
0.004156 0.433823 0.082387 0.479634
0.179789 0.564879 0.041359 0.213972
0.279962 0.001043 0.621571 0.097424
0.120170 0.093524 0.784289 0.002017
0.107062 0.233094 0.010181 0.649662
0.042583 0.262542 0.343049 0.351826
0.173332 0.123619 0.173000 0.530049

MOTIF M50 O50
letter-probability matrix: alength= 4 w= 9 nsites= 11186 E= 1337.0e-6
0.000268 0.000089 0.997497 0.002146
0.050103 0.244520 0.000000 0.705377
0.011484 0.470752 0.306478 0.211287
0.379868 0.172676 0.113400 0.334056
0.240796 0.184165 0.097627 0.477411
0.235037 0.464699 0.114512 0.185752
0.338930 0.179925 0.226535 0.254611
0.541178 0.252057 0.156669 0.050097
0.329282 0.272064 0.316754 0.081900

MOTIF M51 O51
letter-probability matrix: alength= 4 w= 9 nsites= 11187 E= 1337.0e-6
0.006525 0.805757 0.187092 0.000626
0.538650 0.241582 0.007332 0.212437
0.308301 0.089361 0.184060 0.418277
0.060603 0.382202 0.010552 0.546643
0.266460 0.009614 0.567974 0.155953
0.486089 0.017956 0.056926 0.439029
0.512656 0.103656 0.207212 0.176476
0.188941 0.573556 0.159559 0.077943
0.414219 0.078863 0.135909 0.371009

MOTIF M52 O52
letter-probability matrix: alength= 4 w= 9 nsites= 11187 E= 1337.0e-6
0.005363 0.244927 0.745687 0.004023
0.560337 0.373528 0.001359 0.064776
0.365087 0.228531 0.009479 0.396903
0.041957 0.599362 0.191250 0.167431
0.569716 0.191057 0.010260 0.228966
0.371008 0.115988 0.280040 0.232964
0.348351 0.040470 0.238345 0.372834
0.031889 0.734598 0.066979 0.166533
0.055018 0.490393 0.156821 0.297768

MOTIF M53 O53
letter-probability matrix: alength= 4 w= 9 nsites= 11167 E= 1337.0e-6
0.139518 0.531835 0.324707 0.003940
0.022126 0.657455 0.010837 0.309582
0.207672 0.142574 0.295163 0.354592
0.130733 0.085439 0.057500 0.726328
0.346583 0.182065 0.377508 0.093844
0.578149 0.084409 0.234937 0.102504
0.447462 0.134999 0.395023 0.022516
0.243866 0.606597 0.119871 0.029666
0.128652 0.286418 0.478005 0.106925

MOTIF M54 O54
letter-probability matrix: alength= 4 w= 9 nsites= 11187 E= 1337.0e-6
0.333303 0.114766 0.065243 0.486688
0.278517 0.286443 0.173105 0.261935
0.038630 0.127824 0.013302 0.820244
0.493752 0.436833 0.066770 0.002645
0.215234 0.039733 0.035430 0.709604
0.127848 0.310396 0.201550 0.360207
0.212617 0.593375 0.021029 0.172979
0.119939 0.393065 0.039630 0.447366
0.494845 0.065649 0.358491 0.081015

MOTIF M55 O55
letter-probability matrix: alength= 4 w= 9 nsites= 11187 E= 1337.0e-6
0.398266 0.024137 0.419274 0.158323
0.617297 0.292460 0.075754 0.014489
0.335838 0.045089 0.557792 0.061281
0.007100 0.526917 0.383661 0.082322
0.148799 0.362574 0.003987 0.484640
0.250644 0.560430 0.056935 0.131990
0.106619 0.390720 0.003361 0.499300
0.316410 0.145370 0.361761 0.176459
0.535871 0.177447 0.064682 0.222000

MOTIF M56 O56
letter-probability matrix: alength= 4 w= 9 nsites= 11187 E= 1337.0e-6
0.824602 0.007956 0.033166 0.134275
0.017675 0.365333 0.490759 0.126234
0.080987 0.097680 0.156471 0.664863
0.085605 0.622871 0.145622 0.145901
0.387494 0.160493 0.050497 0.401516
0.346722 0.305215 0.183474 0.164590
0.169771 0.535952 0.088698 0.205579
0.563955 0.138862 0.272443 0.024741
0.107280 0.053197 0.088366 0.751158

MOTIF M57 O57
letter-probability matrix: alength= 4 w= 9 nsites= 11187 E= 1337.0e-6
0.213641 0.076786 0.479306 0.230267
0.648002 0.181777 0.121842 0.048378
0.219926 0.006199 0.140149 0.633726
0.281926 0.546503 0.061762 0.109809
0.022041 0.337285 0.173551 0.467124
0.105615 0.120595 0.197004 0.576785
0.026356 0.383485 0.198331 0.391828
0.068533 0.545289 0.340458 0.045720
0.636602 0.116893 0.221456 0.025049

MOTIF M58 O58
letter-probability matrix: alength= 4 w= 9 nsites= 11186 E= 1337.0e-6
0.623820 0.069663 0.195056 0.111461
0.008348 0.924961 0.004174 0.062517
0.589507 0.163065 0.024962 0.222466
0.616804 0.050815 0.295728 0.036654
0.114612 0.503468 0.332279 0.049641
0.381522 0.202092 0.038974 0.377413
0.314559 0.132512 0.032562 0.520367
0.285787 0.201793 0.203713 0.308707
0.769450 0.093981 0.086990 0.049579

MOTIF M59 O59
letter-probability matrix: alength= 4 w= 9 nsites= 11187 E= 1337.0e-6
0.423706 0.162421 0.314204 0.099669
0.119346 0.004023 0.004738 0.871893
0.001255 0.215778 0.545585 0.237382
0.692948 0.297920 0.009132 0.000000
0.040048 0.552603 0.069465 0.337885
0.437412 0.136240 0.030005 0.396343
0.080476 0.161048 0.432857 0.325619
0.267101 0.327333 0.365476 0.040090
0.306394 0.073022 0.297415 0.323170

MOTIF M60 O60
letter-probability matrix: alength= 4 w= 9 nsites= 11184 E= 1337.0e-6
0.590486 0.036660 0.058834 0.314020
0.025134 0.361896 0.368157 0.244812
0.336901 0.381239 0.112060 0.169799
0.383912 0.246562 0.198607 0.170919
0.262929 0.300671 0.089276 0.347124
0.002561 0.016098 0.552547 0.428794
0.374300 0.080771 0.008444 0.536485
0.833426 0.025513 0.137918 0.003143
0.210610 0.061719 0.427652 0.300019

MOTIF M61 O61
letter-probability matrix: alength= 4 w= 9 nsites= 11187 E= 1337.0e-6
0.568568 0.000447 0.127213 0.303773
0.139587 0.057319 0.181883 0.621211
0.393877 0.016700 0.588616 0.000808
0.001537 0.351048 0.620933 0.026482
0.234452 0.416228 0.224101 0.125219
0.012750 0.356913 0.361258 0.269078
0.255886 0.247130 0.262113 0.234871
0.187568 0.028407 0.532812 0.251213
0.043483 0.442206 0.108208 0.406104

MOTIF M62 O62
letter-probability matrix: alength= 4 w= 9 nsites= 11153 E= 1337.0e-6
0.025374 0.739263 0.086972 0.148391
0.636914 0.035960 0.161453 0.165673
0.498886 0.135022 0.130104 0.235987
0.007201 0.441349 0.026151 0.525298
0.192292 0.526087 0.016008 0.265613
0.318173 0.016891 0.264652 0.400285
0.020054 0.371259 0.603491 0.005195
0.369338 0.059761 0.014043 0.556858
0.156537 0.162401 0.272446 0.408616

MOTIF M63 O63
letter-probability matrix: alength= 4 w= 9 nsites= 11187 E= 1337.0e-6
0.063925 0.038623 0.741618 0.155834
0.008000 0.075236 0.146787 0.769978
0.036673 0.514890 0.259559 0.188879
0.156731 0.106377 0.066604 0.670288
0.176873 0.415662 0.340052 0.067412
0.626796 0.118734 0.244014 0.010456
0.376637 0.183887 0.196494 0.242982
0.433367 0.413446 0.116733 0.036454
0.624898 0.233006 0.045045 0.097052

MOTIF M64 O64
letter-probability matrix: alength= 4 w= 9 nsites= 11187 E= 1337.0e-6
0.000090 0.961229 0.032772 0.005910
0.138868 0.721891 0.020477 0.118764
0.494248 0.003834 0.316047 0.185870
0.133031 0.177889 0.687054 0.002026
0.329110 0.117825 0.255823 0.297242
0.157310 0.225445 0.466228 0.151018
0.470122 0.168625 0.218640 0.142613
0.089815 0.412551 0.226749 0.270885
0.347885 0.231470 0.253874 0.166771

MOTIF M65 O65
letter-probability matrix: alength= 4 w= 9 nsites= 11187 E= 1337.0e-6
0.114687 0.371056 0.235362 0.278895
0.566401 0.102982 0.327841 0.002776
0.463710 0.074373 0.352957 0.108961
0.108799 0.260651 0.417257 0.213293
0.008894 0.335639 0.201689 0.453778
0.213733 0.407577 0.029518 0.349172
0.608217 0.004605 0.387178 0.000000
0.012960 0.601504 0.000181 0.385354
0.133156 0.125356 0.253464 0.488024

MOTIF M66 O66
letter-probability matrix: alength= 4 w= 9 nsites= 11185 E= 1337.0e-6
0.869379 0.091909 0.026553 0.012159
0.001701 0.081096 0.077605 0.839599
0.306903 0.277202 0.403520 0.012375
0.380966 0.019354 0.005261 0.594419
0.192129 0.085595 0.319504 0.402772
0.334469 0.377167 0.180415 0.107948
0.127666 0.232858 0.238061 0.401415
0.146078 0.382988 0.198119 0.272815
0.044727 0.346744 0.214975 0.393554

MOTIF M67 O67
letter-probability matrix: alength= 4 w= 9 nsites= 11186 E= 1337.0e-6
0.119077 0.174504 0.597533 0.108886
0.183312 0.009251 0.794144 0.013293
0.278961 0.099615 0.044555 0.576869
0.079107 0.392011 0.471314 0.057568
0.618483 0.035666 0.003252 0.342599
0.096106 0.205771 0.161297 0.536826
0.106659 0.264354 0.220593 0.408394
0.297026 0.327105 0.148456 0.227413
0.738038 0.010954 0.159230 0.091779

MOTIF M68 O68
letter-probability matrix: alength= 4 w= 9 nsites= 11187 E= 1337.0e-6
0.007866 0.280683 0.710557 0.000894
0.334198 0.005637 0.147727 0.512437
0.116433 0.679673 0.040456 0.163437
0.303429 0.137790 0.284924 0.273857
0.208625 0.338550 0.131107 0.321718
0.071468 0.125502 0.082147 0.720884
0.588997 0.081558 0.239438 0.090007
0.049954 0.573821 0.268918 0.107308
0.227073 0.280172 0.278074 0.214681

MOTIF M69 O69
letter-probability matrix: alength= 4 w= 9 nsites= 11183 E= 1337.0e-6
0.411070 0.008406 0.495216 0.085308
0.027477 0.416808 0.542826 0.012888
0.412632 0.025337 0.272555 0.289476
0.028444 0.490367 0.005271 0.475918
0.109248 0.267835 0.336032 0.286884
0.442830 0.366987 0.007122 0.183061
0.581794 0.005030 0.369450 0.043726
0.171290 0.103552 0.229976 0.495182
0.114325 0.479514 0.256886 0.149274

MOTIF M70 O70
letter-probability matrix: alength= 4 w= 9 nsites= 11004 E= 1337.0e-6
0.006997 0.018084 0.966558 0.008361
0.114568 0.397789 0.104054 0.383590
0.400270 0.284704 0.118486 0.196541
0.502323 0.177604 0.143489 0.176584
0.289154 0.094378 0.170244 0.446224
0.378102 0.221603 0.252675 0.147621
0.105815 0.247548 0.374572 0.272064
0.344341 0.003440 0.481825 0.170393
0.899230 0.018614 0.014593 0.067563

MOTIF M71 O71
letter-probability matrix: alength= 4 w= 9 nsites= 11185 E= 1337.0e-6
0.196066 0.227805 0.146267 0.429861
0.778547 0.001618 0.148984 0.070851
0.827382 0.012753 0.130534 0.029331
0.097547 0.574892 0.310990 0.016570
0.325373 0.372422 0.010974 0.291231
0.301570 0.137341 0.475909 0.085180
0.118047 0.433443 0.282429 0.166081
0.126450 0.387007 0.060325 0.426218
0.009467 0.325152 0.089411 0.575970

MOTIF M72 O72
letter-probability matrix: alength= 4 w= 9 nsites= 11159 E= 1337.0e-6
0.463034 0.445470 0.064343 0.027153
0.096192 0.077697 0.235993 0.590118
0.196831 0.103224 0.172193 0.527752
0.168568 0.325819 0.023003 0.482609
0.256422 0.218492 0.034777 0.490309
0.259698 0.569564 0.032730 0.138008
0.332925 0.563767 0.100198 0.003111
0.103972 0.006301 0.123353 0.766374
0.006847 0.264031 0.385921 0.343202

MOTIF M73 O73
letter-probability matrix: alength= 4 w= 9 nsites= 11172 E= 1337.0e-6
0.214912 0.195041 0.306660 0.283387
0.257028 0.167055 0.402596 0.173321
0.729072 0.090877 0.146656 0.033396
0.021189 0.007721 0.404292 0.566798
0.011140 0.014792 0.293919 0.680150
0.768542 0.019965 0.181547 0.029947
0.084666 0.539873 0.215022 0.160439
0.209031 0.266154 0.209323 0.315492
0.081297 0.434667 0.248325 0.235711

MOTIF M74 O74
letter-probability matrix: alength= 4 w= 9 nsites= 11186 E= 1337.0e-6
0.372251 0.092616 0.461559 0.073574
0.200862 0.596480 0.022089 0.180569
0.397785 0.153481 0.229747 0.218987
0.065001 0.183021 0.622767 0.129211
0.486738 0.073341 0.175284 0.264638
0.444653 0.077298 0.034271 0.443777
0.394922 0.009442 0.007146 0.588490
0.174194 0.812731 0.010829 0.002245
0.001230 0.328324 0.023227 0.647220

MOTIF M75 O75
letter-probability matrix: alength= 4 w= 9 nsites= 11187 E= 1337.0e-6
0.055511 0.413516 0.294985 0.235988
0.021016 0.074674 0.123413 0.780898
0.295768 0.331860 0.354687 0.017685
0.411765 0.007103 0.015207 0.565926
0.000745 0.539257 0.255937 0.204061
0.561684 0.068989 0.342622 0.026705
0.261914 0.514357 0.102293 0.121436
0.076190 0.155311 0.152904 0.615594
0.276662 0.260471 0.443977 0.018890

MOTIF M76 O76
letter-probability matrix: alength= 4 w= 9 nsites= 11187 E= 1337.0e-6
0.097280 0.251486 0.201405 0.449829
0.790704 0.024639 0.044765 0.139892
0.019325 0.014426 0.251678 0.714571
0.492847 0.002415 0.310851 0.193887
0.283940 0.271427 0.313388 0.131245
0.275216 0.039608 0.349966 0.335210
0.119913 0.070601 0.730072 0.079414
0.127795 0.178994 0.648184 0.045027
0.188445 0.156325 0.170925 0.484305

MOTIF M77 O77
letter-probability matrix: alength= 4 w= 9 nsites= 11186 E= 1337.0e-6
0.736277 0.104327 0.018863 0.140533
0.022147 0.431453 0.514839 0.031561
0.087815 0.301633 0.193986 0.416567
0.008507 0.140832 0.166163 0.684499
0.518757 0.211634 0.074052 0.195557
0.078565 0.431005 0.334603 0.155827
0.645378 0.214787 0.117258 0.022577
0.085499 0.095813 0.709468 0.109220
0.145173 0.170923 0.315990 0.367914

MOTIF M78 O78
letter-probability matrix: alength= 4 w= 9 nsites= 11187 E= 1337.0e-6
0.352641 0.253509 0.024493 0.369357
0.508314 0.036832 0.454497 0.000358
0.131725 0.000000 0.414275 0.453999
0.000000 0.803853 0.010826 0.185321
0.525640 0.088930 0.338955 0.046475
0.115688 0.474899 0.136842 0.272571
0.224268 0.240341 0.415221 0.120170
0.369342 0.114184 0.189046 0.327428
0.036443 0.318332 0.476180 0.169045

MOTIF M79 O79
letter-probability matrix: alength= 4 w= 9 nsites= 11187 E= 1337.0e-6
0.234736 0.070815 0.089346 0.605103
0.518966 0.184341 0.031895 0.264799
0.540705 0.360349 0.089951 0.008995
0.241521 0.571189 0.180488 0.006802
0.733832 0.137971 0.012168 0.116030
0.009150 0.426210 0.069166 0.495474
0.026606 0.393359 0.425914 0.154121
0.130781 0.149074 0.513010 0.207136
0.458864 0.080649 0.273349 0.187138

MOTIF M80 O80
letter-probability matrix: alength= 4 w= 9 nsites= 11183 E= 1337.0e-6
0.189663 0.010015 0.746669 0.053653
0.235230 0.660294 0.010692 0.093784
0.534680 0.015734 0.274090 0.175496
0.205904 0.152595 0.545412 0.096089
0.295537 0.340931 0.357115 0.006416
0.082914 0.544892 0.088332 0.283862
0.061543 0.165662 0.041193 0.731601
0.226688 0.347879 0.065708 0.359725
0.269833 0.116286 0.297983 0.315897

MOTIF M81 O81
letter-probability matrix: alength= 4 w= 9 nsites= 11118 E= 1337.0e-6
0.027343 0.744918 0.059993 0.167746
0.430694 0.339749 0.012365 0.217192
0.302569 0.067541 0.627058 0.002832
0.331270 0.093624 0.551320 0.023786
0.337045 0.434361 0.101548 0.127046
0.061363 0.168922 0.576062 0.193654
0.101936 0.117160 0.414444 0.366460
0.126603 0.103075 0.697747 0.072576
0.159639 0.601531 0.066893 0.171938

MOTIF M82 O82
letter-probability matrix: alength= 4 w= 9 nsites= 11172 E= 1337.0e-6
0.324075 0.366670 0.250070 0.059185
0.386816 0.277276 0.310889 0.025019
0.120640 0.237251 0.465984 0.176125
0.542751 0.292286 0.075163 0.089800
0.237272 0.055114 0.501401 0.206212
0.008254 0.098573 0.886924 0.006249
0.060077 0.612930 0.256441 0.070551
0.010716 0.776697 0.171942 0.040645
0.204296 0.280985 0.250916 0.263803

MOTIF M83 O83
letter-probability matrix: alength= 4 w= 9 nsites= 11169 E= 1337.0e-6
0.020235 0.331811 0.360372 0.287582
0.091269 0.125127 0.702917 0.080688
0.581558 0.073244 0.002055 0.343143
0.034280 0.263352 0.420360 0.282008
0.226218 0.011111 0.307602 0.455068
0.495291 0.482502 0.016457 0.005750
0.455667 0.268806 0.181846 0.093681
0.030832 0.085700 0.368966 0.514503
0.151969 0.422990 0.381563 0.043478

MOTIF M84 O84
letter-probability matrix: alength= 4 w= 9 nsites= 11187 E= 1337.0e-6
0.302583 0.085009 0.321802 0.290605
0.177591 0.665474 0.044621 0.112313
0.422530 0.079598 0.462374 0.035498
0.458345 0.353139 0.025893 0.162624
0.120319 0.490088 0.307177 0.082416
0.323576 0.017415 0.124502 0.534507
0.333923 0.182554 0.041240 0.442283
0.324932 0.006652 0.406352 0.262063
0.000566 0.294762 0.636715 0.067957

MOTIF M85 O85
letter-probability matrix: alength= 4 w= 9 nsites= 11187 E= 1337.0e-6
0.113000 0.075602 0.801199 0.010200
0.009409 0.127980 0.100576 0.762035
0.154063 0.456928 0.083513 0.305496
0.658862 0.137223 0.151233 0.052682
0.099824 0.325113 0.466236 0.108828
0.604910 0.169069 0.208926 0.017096
0.356718 0.222760 0.395525 0.024997
0.134205 0.295293 0.094979 0.475523
0.064370 0.164155 0.259526 0.511948

MOTIF M86 O86
letter-probability matrix: alength= 4 w= 9 nsites= 11183 E= 1337.0e-6
0.006260 0.004829 0.007243 0.981669
0.052146 0.180987 0.292984 0.473882
0.672234 0.288075 0.013560 0.026131
0.085756 0.449540 0.188662 0.276043
0.026088 0.263249 0.434826 0.275837
0.429747 0.133383 0.376561 0.060309
0.333678 0.220761 0.056364 0.389197
0.451453 0.123280 0.183104 0.242164
0.227685 0.274510 0.273534 0.224271

MOTIF M87 O87
letter-probability matrix: alength= 4 w= 9 nsites= 11187 E= 1337.0e-6
0.000268 0.114597 0.884866 0.000268
0.024053 0.422635 0.112816 0.440495
0.462121 0.076480 0.400054 0.061346
0.054642 0.423952 0.406882 0.114523
0.322657 0.044621 0.077744 0.554978
0.333364 0.168465 0.014176 0.483995
0.345136 0.345044 0.180360 0.129461
0.497245 0.089271 0.152675 0.260809
0.101755 0.263494 0.250070 0.384680

MOTIF M88 O88
letter-probability matrix: alength= 4 w= 9 nsites= 11187 E= 1337.0e-6
0.000000 0.932690 0.067310 0.000000
0.237959 0.028111 0.000358 0.733572
0.237907 0.296778 0.457597 0.007718
0.112449 0.225713 0.578995 0.082843
0.583729 0.210963 0.131977 0.073331
0.262270 0.147234 0.173654 0.416842
0.241317 0.092079 0.420365 0.246238
0.362855 0.294282 0.076106 0.266757
0.391913 0.106618 0.336009 0.165459

MOTIF M89 O89
letter-probability matrix: alength= 4 w= 9 nsites= 11187 E= 1337.0e-6
0.143528 0.002077 0.034324 0.820070
0.073105 0.542000 0.100019 0.284876
0.151947 0.123862 0.421267 0.302925
0.078729 0.525477 0.151589 0.244205
0.391291 0.005727 0.140008 0.462974
0.271773 0.103933 0.356881 0.267413
0.100329 0.075172 0.086852 0.737646
0.677319 0.002412 0.317858 0.002412
0.383171 0.173569 0.213967 0.229294

MOTIF M90 O90
letter-probability matrix: alength= 4 w= 9 nsites= 11187 E= 1337.0e-6
0.587199 0.169661 0.005721 0.237418
0.267096 0.530527 0.077501 0.124877
0.111826 0.069187 0.507196 0.311790
0.286953 0.469284 0.128767 0.114996
0.437237 0.053592 0.122573 0.386597
0.021844 0.465264 0.125783 0.387108
0.252542 0.214215 0.345389 0.187854
0.719491 0.069721 0.010463 0.200325
0.003533 0.168509 0.593133 0.234825

MOTIF M91 O91
letter-probability matrix: alength= 4 w= 9 nsites= 11185 E= 1337.0e-6
0.041986 0.053213 0.902976 0.001825
0.345742 0.078793 0.082072 0.493394
0.091973 0.174720 0.387638 0.345669
0.276535 0.361021 0.171716 0.190728
0.593705 0.071133 0.274695 0.060468
0.402596 0.018588 0.130737 0.448079
0.181608 0.011995 0.556187 0.250210
0.009802 0.513356 0.460254 0.016588
0.038130 0.324723 0.119535 0.517612

MOTIF M92 O92
letter-probability matrix: alength= 4 w= 9 nsites= 11115 E= 1337.0e-6
0.310751 0.461179 0.003959 0.224112
0.612133 0.269284 0.095251 0.023332
0.040198 0.066446 0.006057 0.887298
0.335473 0.037585 0.101126 0.525816
0.204059 0.301132 0.146919 0.347891
0.145972 0.049289 0.435545 0.369194
0.046323 0.063515 0.508883 0.381280
0.261856 0.422655 0.168849 0.146640
0.187326 0.615728 0.067731 0.129215

MOTIF M93 O93
letter-probability matrix: alength= 4 w= 9 nsites= 11187 E= 1337.0e-6
0.064366 0.222331 0.616574 0.096728
0.067580 0.168725 0.012442 0.751253
0.102169 0.231224 0.285356 0.381251
0.350036 0.020511 0.398705 0.230748
0.386608 0.325332 0.003700 0.284361
0.284550 0.158124 0.487774 0.069553
0.409948 0.103671 0.268106 0.218275
0.016987 0.659352 0.244514 0.079148
0.637329 0.350085 0.005448 0.007139

MOTIF M94 O94
letter-probability matrix: alength= 4 w= 9 nsites= 11171 E= 1337.0e-6
0.217796 0.317877 0.006803 0.457524
0.461256 0.278565 0.254709 0.005471
0.292106 0.048789 0.211990 0.447115
0.593564 0.315314 0.084614 0.006509
0.622662 0.307790 0.044035 0.025513
0.001853 0.071627 0.076723 0.849796
0.102508 0.049211 0.398822 0.449458
0.220792 0.202691 0.162811 0.413706
0.145634 0.049729 0.376517 0.428120

MOTIF M95 O95
letter-probability matrix: alength= 4 w= 9 nsites= 11187 E= 1337.0e-6
0.102977 0.085332 0.236540 0.575152
0.278020 0.067121 0.194096 0.460763
0.242394 0.009018 0.524595 0.223993
0.271955 0.010692 0.717079 0.000274
0.011022 0.009185 0.299440 0.680353
0.184965 0.281355 0.528284 0.005396
0.000953 0.486842 0.178394 0.333810
0.205362 0.262326 0.189845 0.342467
0.421136 0.315455 0.068137 0.195272

MOTIF M96 O96
letter-probability matrix: alength= 4 w= 9 nsites= 11187 E= 1337.0e-6
0.048181 0.200679 0.177796 0.573344
0.563243 0.071422 0.070618 0.294717
0.252972 0.311790 0.280504 0.154733
0.134722 0.237082 0.063740 0.564456
0.428329 0.299383 0.075651 0.196638
0.214247 0.307858 0.030070 0.447825
0.392899 0.050121 0.205326 0.351654
0.043763 0.067169 0.615371 0.273697
0.925732 0.030104 0.038306 0.005858

MOTIF M97 O97
letter-probability matrix: alength= 4 w= 9 nsites= 11187 E= 1337.0e-6
0.015375 0.575847 0.261464 0.147314
0.473044 0.238891 0.019580 0.268485
0.148618 0.287579 0.136725 0.427077
0.020134 0.590425 0.236063 0.153378
0.040416 0.285241 0.073394 0.600950
0.098698 0.148451 0.079749 0.673103
0.333484 0.140756 0.295678 0.230082
0.748936 0.002174 0.214202 0.034689
0.176925 0.323575 0.464224 0.035276

MOTIF M98 O98
letter-probability matrix: alength= 4 w= 9 nsites= 11186 E= 1337.0e-6
0.269623 0.000268 0.001073 0.729036
0.027310 0.222332 0.749015 0.001343
0.647064 0.348209 0.001000 0.003727
0.307013 0.232887 0.085565 0.374535
0.167403 0.237282 0.210789 0.384527
0.290599 0.062207 0.569534 0.077659
0.086088 0.262726 0.284831 0.366356
0.080380 0.422874 0.087199 0.409546
0.093816 0.422647 0.049388 0.434149

MOTIF M99 O99
letter-probability matrix: alength= 4 w= 9 nsites= 11187 E= 1337.0e-6
0.025974 0.061800 0.776713 0.135513
0.114691 0.065904 0.025995 0.793410
0.592579 0.146285 0.101646 0.159490
0.180152 0.389767 0.135815 0.294266
0.391267 0.172945 0.102169 0.333619
0.167160 0.236890 0.083962 0.511988
0.294615 0.089327 0.130443 0.485614
0.385859 0.533084 0.035105 0.045952
0.278018 0.058699 0.021912 0.641371

MOTIF M100 O100
letter-probability matrix: alength= 4 w= 9 nsites= 11187 E= 1337.0e-6
0.217772 0.001430 0.687556 0.093242
0.400250 0.487207 0.019324 0.093219
0.253938 0.051736 0.000179 0.694146
0.198039 0.487544 0.313877 0.000540
0.054230 0.276014 0.036337 0.633419
0.327212 0.186422 0.329716 0.156650
0.090257 0.124441 0.480067 0.305235
0.609436 0.110050 0.216697 0.063818
0.110899 0.158060 0.330602 0.400438

MOTIF M101 O101
letter-probability matrix: alength= 4 w= 9 nsites= 11187 E= 1337.0e-6
0.295522 0.001609 0.563332 0.139537
0.000895 0.431971 0.564183 0.002952
0.109128 0.392860 0.009248 0.488764
0.360045 0.178388 0.030541 0.431026
0.314439 0.078280 0.518061 0.089220
0.308381 0.329238 0.102190 0.260190
0.087364 0.200726 0.233512 0.478398
0.081879 0.548269 0.002893 0.366959
0.101665 0.028934 0.447681 0.421720

MOTIF M102 O102
letter-probability matrix: alength= 4 w= 9 nsites= 11187 E= 1337.0e-6
0.815053 0.000894 0.014928 0.169125
0.465736 0.024334 0.111469 0.398461
0.000000 0.741683 0.250405 0.007912
0.020810 0.529417 0.307132 0.142641
0.411684 0.017703 0.194335 0.376279
0.144390 0.177178 0.536148 0.142284
0.250485 0.099642 0.184670 0.465202
0.216560 0.385880 0.179553 0.218007
0.192263 0.363972 0.092864 0.350901

MOTIF M103 O103
letter-probability matrix: alength= 4 w= 9 nsites= 11187 E= 1337.0e-6
0.205596 0.000000 0.101457 0.692947
0.161940 0.372014 0.465241 0.000805
0.279210 0.444814 0.085855 0.190121
0.103890 0.130892 0.763295 0.001922
0.557109 0.313562 0.000282 0.129047
0.231812 0.195631 0.024673 0.547884
0.414279 0.106083 0.161388 0.318250
0.315703 0.304919 0.304200 0.075177
0.405852 0.200000 0.363323 0.030825

MOTIF M104 O104
letter-probability matrix: alength= 4 w= 9 nsites= 11187 E= 1337.0e-6
0.345222 0.360240 0.292393 0.002145
0.502013 0.011542 0.286929 0.199517
0.285509 0.525890 0.166936 0.021665
0.079464 0.143696 0.112406 0.664434
0.023492 0.493241 0.130325 0.352941
0.224340 0.425189 0.335660 0.014811
0.464350 0.093705 0.000190 0.441754
0.273636 0.115872 0.182710 0.427783
0.032608 0.694927 0.245996 0.026470

MOTIF M105 O105
letter-probability matrix: alength= 4 w= 9 nsites= 11187 E= 1337.0e-6
0.257531 0.698042 0.010816 0.033610
0.113199 0.001271 0.811638 0.073893
0.111872 0.331600 0.100922 0.455607
0.249195 0.322575 0.179586 0.248644
0.309522 0.059591 0.290645 0.340242
0.092288 0.165039 0.654293 0.088380
0.159578 0.504234 0.106887 0.229300
0.456112 0.194117 0.088633 0.261139
0.291326 0.297006 0.146048 0.265620

MOTIF M106 O106
letter-probability matrix: alength= 4 w= 9 nsites= 11187 E= 1337.0e-6
0.174488 0.036113 0.653348 0.136051
0.064014 0.623245 0.014931 0.297810
0.127734 0.200520 0.246863 0.424883
0.068306 0.473387 0.083924 0.374383
0.390420 0.037054 0.291369 0.281157
0.164420 0.161071 0.155190 0.519320
0.600907 0.013975 0.325408 0.059710
0.013450 0.373502 0.534175 0.078873
0.559563 0.233449 0.024390 0.182597

MOTIF M107 O107
letter-probability matrix: alength= 4 w= 9 nsites= 11186 E= 1337.0e-6
0.207581 0.207045 0.029591 0.555784
0.453642 0.037856 0.487918 0.020583
0.366283 0.291920 0.063843 0.277954
0.517602 0.093473 0.364647 0.024279
0.127786 0.082066 0.705404 0.084744
0.056600 0.430851 0.282492 0.230058
0.174798 0.073452 0.189984 0.561766
0.075497 0.032810 0.088884 0.802809
0.009200 0.540222 0.166162 0.284416

MOTIF M108 O108
letter-probability matrix: alength= 4 w= 9 nsites= 11187 E= 1337.0e-6
0.169373 0.385830 0.168375 0.276422
0.469611 0.181876 0.185618 0.162895
0.346407 0.233589 0.122417 0.297586
0.540682 0.082743 0.107383 0.269192
0.008718 0.745316 0.229920 0.016045
0.015547 0.530885 0.170597 0.282972
0.453698 0.123184 0.303839 0.119280
0.024310 0.066549 0.900781 0.008360
0.540843 0.002458 0.002458 0.454241

MOTIF M109 O109
letter-probability matrix: alength= 4 w= 9 nsites= 11187 E= 1337.0e-6
0.553678 0.444087 0.001967 0.000268
0.006170 0.500447 0.006348 0.487035
0.533279 0.016258 0.259050 0.191413
0.157663 0.018639 0.478840 0.344859
0.009888 0.165019 0.723306 0.101787
0.328708 0.024352 0.314648 0.332292
0.198638 0.397182 0.209181 0.194999
0.565297 0.255798 0.054855 0.124050
0.093286 0.251756 0.168228 0.486729

MOTIF M110 O110
letter-probability matrix: alength= 4 w= 9 nsites= 11187 E= 1337.0e-6
0.290377 0.034430 0.060544 0.614649
0.056685 0.080057 0.246709 0.616549
0.150593 0.167565 0.160381 0.521462
0.142729 0.307055 0.524838 0.025378
0.050438 0.210142 0.318596 0.420825
0.347129 0.285908 0.364427 0.002536
0.068606 0.225485 0.397091 0.308818
0.527677 0.445433 0.017339 0.009550
0.695644 0.222295 0.008431 0.073630

MOTIF M111 O111
letter-probability matrix: alength= 4 w= 9 nsites= 11187 E= 1337.0e-6
0.086941 0.508318 0.401431 0.003309
0.189746 0.084200 0.653530 0.072523
0.493277 0.059587 0.101308 0.345828
0.477018 0.231111 0.007029 0.284842
0.331656 0.256081 0.056286 0.355978
0.310384 0.107964 0.069506 0.512147
0.226189 0.317758 0.269995 0.186057
0.596714 0.016523 0.101130 0.285633
0.067583 0.728618 0.110825 0.092974

MOTIF M112 O112
letter-probability matrix: alength= 4 w= 9 nsites= 11181 E= 1337.0e-6
0.011001 0.325731 0.490385 0.172883
0.388377 0.147706 0.130736 0.333181
0.512218 0.019107 0.461694 0.006981
0.059441 0.005344 0.511907 0.423308
0.290786 0.033255 0.272007 0.403951
0.048026 0.047629 0.692751 0.211594
0.259366 0.459860 0.237546 0.043228
0.018914 0.407481 0.009877 0.563728
0.520604 0.020550 0.345178 0.113668

MOTIF M113 O113
letter-probability matrix: alength= 4 w= 9 nsites= 11187 E= 1337.0e-6
0.135425 0.457317 0.000000 0.407258
0.457480 0.000089 0.265492 0.276938
0.116826 0.058413 0.538420 0.286340
0.257796 0.353047 0.273477 0.115681
0.277808 0.150161 0.039110 0.532921
0.048206 0.515244 0.221153 0.215397
0.751469 0.000000 0.186896 0.061636
0.000000 0.675127 0.279097 0.045776
0.222501 0.085613 0.091848 0.600037

MOTIF M114 O114
letter-probability matrix: alength= 4 w= 9 nsites= 11187 E= 1337.0e-6
0.376096 0.084988 0.121310 0.417606
0.327758 0.252765 0.284956 0.134520
0.197398 0.159725 0.301653 0.341223
0.418786 0.015021 0.086237 0.479957
0.095359 0.016561 0.294813 0.593267
0.003909 0.905165 0.085435 0.005491
0.236185 0.241041 0.122172 0.400602
0.195740 0.481300 0.099342 0.223618
0.012962 0.020900 0.573151 0.392986

MOTIF M115 O115
letter-probability matrix: alength= 4 w= 9 nsites= 11186 E= 1337.0e-6
0.035317 0.081122 0.755468 0.128093
0.388646 0.029707 0.279570 0.302078
0.102583 0.066236 0.771310 0.059871
0.038159 0.348130 0.244008 0.369703
0.414093 0.457146 0.016924 0.111837
0.188940 0.304147 0.289922 0.216991
0.269960 0.191539 0.528660 0.009841
0.235018 0.668504 0.011332 0.085145
0.269900 0.445585 0.046642 0.237873

MOTIF M116 O116
letter-probability matrix: alength= 4 w= 9 nsites= 11187 E= 1337.0e-6
0.094966 0.251453 0.554234 0.099347
0.001801 0.389805 0.148338 0.460056
0.484345 0.063527 0.119067 0.333061
0.386188 0.022717 0.510768 0.080327
0.628956 0.046918 0.009329 0.314798
0.459712 0.021084 0.003300 0.515904
0.170240 0.248152 0.212015 0.369593
0.231212 0.065332 0.038897 0.664558
0.126999 0.128046 0.460491 0.284463

MOTIF M117 O117
letter-probability matrix: alength= 4 w= 9 nsites= 11155 E= 1337.0e-6
0.305244 0.354550 0.031107 0.309099
0.113253 0.024301 0.225610 0.636836
0.282574 0.140793 0.524587 0.052046
0.544048 0.176010 0.111311 0.168631
0.069155 0.462086 0.460373 0.008385
0.010548 0.610075 0.007184 0.372192
0.317177 0.214670 0.067874 0.400279
0.045723 0.476155 0.003092 0.475030
0.332506 0.440985 0.193850 0.032659

MOTIF M118 O118
letter-probability matrix: alength= 4 w= 9 nsites= 11151 E= 1337.0e-6
0.176666 0.215676 0.031656 0.576002
0.009711 0.179390 0.056200 0.754698
0.388227 0.366482 0.115731 0.129561
0.156782 0.345287 0.167724 0.330207
0.675338 0.051935 0.255416 0.017312
0.045543 0.094804 0.329027 0.530626
0.432742 0.395249 0.142435 0.029575
0.616066 0.108569 0.235540 0.039825
0.000996 0.219920 0.592829 0.186255

MOTIF M119 O119
letter-probability matrix: alength= 4 w= 9 nsites= 11075 E= 1337.0e-6
0.011467 0.014266 0.058420 0.915847
0.233244 0.001428 0.434596 0.330731
0.816386 0.007191 0.091554 0.084869
0.043533 0.772628 0.103351 0.080489
0.198932 0.356851 0.020904 0.423313
0.205444 0.244019 0.314209 0.236328
0.404932 0.225957 0.311356 0.057755
0.183879 0.275620 0.180565 0.359936
0.237993 0.405758 0.229921 0.126329

MOTIF M120 O120
letter-probability matrix: alength= 4 w= 9 nsites= 11187 E= 1337.0e-6
0.900688 0.000089 0.000089 0.099133
0.008509 0.624418 0.364117 0.002956
0.012937 0.422285 0.451275 0.113503
0.167724 0.221154 0.384715 0.226408
0.144370 0.120925 0.003805 0.730900
0.270396 0.078349 0.354025 0.297230
0.348702 0.244661 0.320556 0.086080
0.250252 0.239848 0.254167 0.255733
0.243982 0.407730 0.172223 0.176065

MOTIF M121 O121
letter-probability matrix: alength= 4 w= 9 nsites= 11187 E= 1337.0e-6
0.015822 0.378743 0.103334 0.502101
0.103513 0.750514 0.024225 0.121748
0.253398 0.356223 0.084943 0.305436
0.737459 0.003309 0.204865 0.054368
0.006619 0.190161 0.201431 0.601789
0.266404 0.000985 0.514189 0.218423
0.327766 0.192259 0.406340 0.073635
0.476441 0.134362 0.135815 0.253382
0.407397 0.240547 0.347192 0.004864

MOTIF M122 O122
letter-probability matrix: alength= 4 w= 9 nsites= 11187 E= 1337.0e-6
0.290406 0.205209 0.273671 0.230714
0.114681 0.789034 0.004846 0.091439
0.061876 0.382168 0.177488 0.378468
0.013470 0.370950 0.342596 0.272984
0.055316 0.746045 0.135557 0.063081
0.073832 0.267824 0.118112 0.540232
0.594682 0.033850 0.281790 0.089678
0.024965 0.160293 0.440063 0.374678
0.347200 0.068493 0.479452 0.104855

MOTIF M123 O123
letter-probability matrix: alength= 4 w= 9 nsites= 11187 E= 1337.0e-6
0.085009 0.000000 0.610441 0.304550
0.002324 0.839903 0.031018 0.126754
0.440469 0.124251 0.348242 0.087038
0.174960 0.567389 0.072042 0.185609
0.164104 0.198993 0.406528 0.230375
0.470572 0.147634 0.322848 0.058945
0.388924 0.204264 0.024302 0.382510
0.245097 0.240445 0.378728 0.135729
0.294725 0.100055 0.386297 0.218923

MOTIF M124 O124
letter-probability matrix: alength= 4 w= 9 nsites= 11186 E= 1337.0e-6
0.174504 0.027534 0.053728 0.744234
0.369400 0.325852 0.191451 0.113297
0.041052 0.022091 0.147214 0.789643
0.393779 0.533525 0.053514 0.019183
0.534500 0.181293 0.136917 0.147290
0.566551 0.114985 0.234432 0.084031
0.454612 0.153896 0.244395 0.147097
0.020978 0.254448 0.484548 0.240026
0.283855 0.515566 0.026988 0.173590

MOTIF M125 O125
letter-probability matrix: alength= 4 w= 9 nsites= 11187 E= 1337.0e-6
0.017433 0.145718 0.822367 0.014482
0.321481 0.481812 0.122226 0.074482
0.753231 0.006875 0.103584 0.136309
0.057037 0.270051 0.487033 0.185879
0.050333 0.305709 0.285157 0.358801
0.072753 0.328592 0.038635 0.560019
0.271886 0.037005 0.313662 0.377447
0.494278 0.261543 0.083662 0.160517
0.136850 0.057914 0.323780 0.481456

MOTIF M126 O126
letter-probability matrix: alength= 4 w= 9 nsites= 11184 E= 1337.0e-6
0.472729 0.021906 0.242310 0.263054
0.065709 0.834198 0.038740 0.061353
0.101570 0.723082 0.050390 0.124958
0.411086 0.382830 0.154383 0.051701
0.017256 0.244792 0.658819 0.079132
0.561116 0.020393 0.033154 0.385337
0.446220 0.033841 0.379922 0.140018
0.529540 0.195524 0.075192 0.199744
0.396854 0.218120 0.322761 0.062264

MOTIF M127 O127
letter-probability matrix: alength= 4 w= 9 nsites= 11186 E= 1337.0e-6
0.703931 0.195933 0.020425 0.079711
0.784800 0.027150 0.078362 0.109689
0.271275 0.200511 0.267622 0.260592
0.099825 0.197072 0.262455 0.440648
0.445020 0.039152 0.128749 0.387079
0.177122 0.179077 0.306497 0.337305
0.304185 0.537930 0.133875 0.024010
0.087513 0.125812 0.354098 0.432577
0.806302 0.060087 0.059519 0.074092

MOTIF M128 O128
letter-probability matrix: alength= 4 w= 9 nsites= 11154 E= 1337.0e-6
0.402815 0.076744 0.086337 0.434104
0.413375 0.010862 0.072083 0.503680
0.205724 0.411537 0.248740 0.133999
0.468485 0.054903 0.280838 0.195774
0.094687 0.193531 0.279816 0.431966
0.173070 0.000181 0.141084 0.685665
0.552161 0.422305 0.019880 0.005654
0.000649 0.199814 0.543785 0.255751
0.283910 0.243473 0.065133 0.407484

MOTIF M129 O129
letter-probability matrix: alength= 4 w= 9 nsites= 11187 E= 1337.0e-6
0.483061 0.046214 0.090105 0.380620
0.499285 0.090234 0.329816 0.080665
0.649704 0.014693 0.185361 0.150242
0.007473 0.739354 0.227244 0.025930
0.363679 0.428477 0.021443 0.186401
0.176168 0.053423 0.428350 0.342059
0.033962 0.457202 0.486524 0.022312
0.218800 0.068600 0.066700 0.645900
0.155895 0.277616 0.051663 0.514826

MOTIF M130 O130
letter-probability matrix: alength= 4 w= 9 nsites= 11186 E= 1337.0e-6
0.068480 0.078083 0.731556 0.121881
0.782573 0.021851 0.184876 0.010699
0.244913 0.045023 0.541939 0.168124
0.203868 0.274565 0.252805 0.268762
0.148985 0.333333 0.275769 0.241913
0.341448 0.105085 0.435542 0.117925
0.021119 0.106638 0.144195 0.728048
0.177199 0.553328 0.038106 0.231367
0.159577 0.069630 0.053757 0.717037

MOTIF M131 O131
letter-probability matrix: alength= 4 w= 9 nsites= 11187 E= 1337.0e-6
0.093501 0.496648 0.200322 0.209529
0.284028 0.035951 0.060097 0.619925
0.061660 0.204696 0.066320 0.667324
0.017920 0.319586 0.436740 0.225754
0.028779 0.112483 0.705129 0.153609
0.663748 0.047059 0.053990 0.235203
0.113394 0.347615 0.293211 0.245780
0.655511 0.017201 0.055436 0.271852
0.157805 0.382687 0.333396 0.126112

MOTIF M132 O132
letter-probability matrix: alength= 4 w= 9 nsites= 11176 E= 1337.0e-6
0.223246 0.015838 0.533286 0.227631
0.005754 0.662111 0.253282 0.078853
0.049304 0.472609 0.296379 0.181708
0.455948 0.012533 0.286102 0.245417
0.069130 0.037801 0.877685 0.015383
0.270662 0.484711 0.039004 0.205623
0.132138 0.235961 0.058156 0.573744
0.314432 0.275599 0.142581 0.267388
0.277516 0.321856 0.079949 0.320679

MOTIF M133 O133
letter-probability matrix: alength= 4 w= 9 nsites= 11187 E= 1337.0e-6
0.571799 0.014574 0.390826 0.022800
0.341153 0.040920 0.319126 0.298800
0.000180 0.452162 0.535135 0.012523
0.005940 0.185781 0.303248 0.505030
0.190648 0.013287 0.232774 0.563292
0.526474 0.419400 0.016077 0.038049
0.441276 0.202873 0.087729 0.268122
0.327956 0.209367 0.299366 0.163311
0.055179 0.063643 0.133266 0.747912

MOTIF M134 O134
letter-probability matrix: alength= 4 w= 9 nsites= 11186 E= 1337.0e-6
0.746916 0.006615 0.032183 0.214286
0.013995 0.874944 0.109536 0.001525
0.407328 0.207092 0.189459 0.196121
0.063217 0.144957 0.061305 0.730521
0.128508 0.131271 0.663797 0.076424
0.421214 0.081146 0.071923 0.425716
0.258018 0.489421 0.099443 0.153118
0.249258 0.208875 0.254734 0.287132
0.456208 0.097834 0.191125 0.254833

MOTIF M135 O135
letter-probability matrix: alength= 4 w= 9 nsites= 11186 E= 1337.0e-6
0.149473 0.172448 0.587163 0.090917
0.276978 0.205543 0.471077 0.046401
0.374810 0.011182 0.246891 0.367117
0.321723 0.671383 0.000985 0.005910
0.521208 0.006873 0.159627 0.312291
0.146784 0.208927 0.213735 0.430554
0.056853 0.315934 0.229969 0.397244
0.127953 0.123357 0.648129 0.100561
0.143759 0.428121 0.419397 0.008724

MOTIF M136 O136
letter-probability matrix: alength= 4 w= 9 nsites= 10929 E= 1337.0e-6
0.011803 0.273218 0.000000 0.714978
0.895824 0.000279 0.103711 0.000186
0.025972 0.040933 0.628588 0.304507
0.359900 0.007333 0.002316 0.630452
0.221528 0.113108 0.272710 0.392655
0.322675 0.149586 0.246419 0.281319
0.347862 0.075835 0.291480 0.284823
0.270438 0.138525 0.310946 0.280092
0.333654 0.118765 0.291787 0.255794

MOTIF M137 O137
letter-probability matrix: alength= 4 w= 9 nsites= 11187 E= 1337.0e-6
0.492353 0.364905 0.122619 0.020123
0.134285 0.167924 0.680516 0.017274
0.132498 0.025437 0.057707 0.784358
0.246607 0.645497 0.028336 0.079560
0.634086 0.083204 0.010413 0.272296
0.098618 0.271174 0.117498 0.512710
0.291658 0.392451 0.127922 0.187969
0.196630 0.495568 0.202976 0.104825
0.310588 0.410756 0.012437 0.266218

MOTIF M138 O138
letter-probability matrix: alength= 4 w= 9 nsites= 11187 E= 1337.0e-6
0.013230 0.848753 0.004023 0.133995
0.335070 0.154917 0.138752 0.371262
0.319019 0.318390 0.258647 0.103944
0.209505 0.187854 0.029108 0.573533
0.281360 0.401313 0.207625 0.109702
0.357967 0.079128 0.142934 0.419971
0.545907 0.034102 0.318408 0.101583
0.323166 0.016340 0.544662 0.115832
0.021329 0.144801 0.770893 0.062977

MOTIF M139 O139
letter-probability matrix: alength= 4 w= 9 nsites= 11187 E= 1337.0e-6
0.570803 0.000179 0.331933 0.097086
0.049450 0.340249 0.565322 0.044979
0.093132 0.182309 0.000180 0.724380
0.093191 0.495304 0.339624 0.071880
0.617252 0.176723 0.205933 0.000091
0.324158 0.066286 0.039495 0.570061
0.565776 0.285292 0.013312 0.135620
0.247874 0.267495 0.154723 0.329908
0.355737 0.122825 0.259245 0.262192

MOTIF M140 O140
letter-probability matrix: alength= 4 w= 9 nsites= 11185 E= 1337.0e-6
0.286073 0.013281 0.697775 0.002872
0.271883 0.192529 0.235365 0.300223
0.007502 0.523593 0.457453 0.011451
0.148096 0.601147 0.072696 0.178061
0.413154 0.111651 0.380156 0.095039
0.071104 0.091923 0.757679 0.079295
0.024925 0.457651 0.226864 0.290561
0.089993 0.378369 0.069838 0.461800
0.080028 0.413797 0.090952 0.415222

MOTIF M141 O141
letter-probability matrix: alength= 4 w= 9 nsites= 11172 E= 1337.0e-6
0.393752 0.123165 0.230397 0.252685
0.353816 0.047743 0.459692 0.138750
0.293777 0.013296 0.262753 0.430174
0.002780 0.786932 0.157646 0.052641
0.148477 0.592495 0.008876 0.250151
0.229524 0.005190 0.242292 0.522994
0.020052 0.173264 0.805117 0.001567
0.371022 0.181243 0.003899 0.443836
0.184910 0.253576 0.033379 0.528134

MOTIF M142 O142
letter-probability matrix: alength= 4 w= 9 nsites= 11186 E= 1337.0e-6
0.057572 0.792151 0.039692 0.110585
0.278496 0.016904 0.528727 0.175873
0.256077 0.484413 0.040360 0.219150
0.353918 0.072173 0.203191 0.370718
0.089744 0.433541 0.228601 0.248115
0.341382 0.272364 0.076813 0.309440
0.334514 0.116549 0.301954 0.246983
0.033799 0.134039 0.805681 0.026481
0.319988 0.429646 0.008398 0.241969

MOTIF M143 O143
letter-probability matrix: alength= 4 w= 9 nsites= 11187 E= 1337.0e-6
0.045950 0.155283 0.754604 0.044162
0.105338 0.489314 0.169543 0.235804
0.061834 0.136018 0.020224 0.781924
0.331689 0.217360 0.288558 0.162392
0.338194 0.226393 0.345126 0.090287
0.330388 0.470694 0.076195 0.122723
0.117200 0.025864 0.257370 0.599566
0.558442 0.060545 0.224803 0.156210
0.260697 0.053762 0.091387 0.594153

MOTIF M144 O144
letter-probability matrix: alength= 4 w= 9 nsites= 11179 E= 1337.0e-6
0.011718 0.451203 0.212184 0.324895
0.553835 0.120004 0.199316 0.126846
0.090516 0.415383 0.449248 0.044853
0.656069 0.028804 0.055707 0.259420
0.304905 0.443233 0.015895 0.235967
0.621313 0.035029 0.046737 0.296921
0.068394 0.074730 0.423034 0.433843
0.040824 0.055310 0.128210 0.775656
0.305677 0.052010 0.147838 0.494475

MOTIF M145 O145
letter-probability matrix: alength= 4 w= 9 nsites= 11187 E= 1337.0e-6
0.325018 0.000268 0.003577 0.671137
0.794833 0.129452 0.075715 0.000000
0.002886 0.735817 0.014431 0.246866
0.335225 0.197246 0.061872 0.405657
0.142022 0.235571 0.129668 0.492739
0.111844 0.476912 0.184306 0.226937
0.489670 0.093419 0.020256 0.396654
0.239593 0.191043 0.431858 0.137506
0.151690 0.176569 0.402477 0.269263

MOTIF M146 O146
letter-probability matrix: alength= 4 w= 9 nsites= 11187 E= 1337.0e-6
0.225351 0.041566 0.001251 0.731832
0.000179 0.002414 0.991776 0.005632
0.318125 0.110871 0.350072 0.220932
0.119599 0.582625 0.153589 0.144187
0.265487 0.294225 0.175714 0.264574
0.479672 0.130543 0.015673 0.374113
0.173550 0.341903 0.044455 0.440093
0.236265 0.322051 0.064035 0.377649
0.165861 0.483357 0.053106 0.297677

MOTIF M147 O147
letter-probability matrix: alength= 4 w= 9 nsites= 11187 E= 1337.0e-6
0.001699 0.997854 0.000089 0.000358
0.248009 0.196425 0.062512 0.493054
0.679684 0.131288 0.106741 0.082287
0.088392 0.025828 0.731002 0.154779
0.394381 0.116989 0.210957 0.277673
0.407870 0.047295 0.138290 0.406546
0.182547 0.225358 0.346734 0.245361
0.283904 0.138110 0.388185 0.189801
0.242112 0.122371 0.321400 0.314118

MOTIF M148 O148
letter-probability matrix: alength= 4 w= 9 nsites= 11187 E= 1337.0e-6
0.032270 0.520962 0.026370 0.420399
0.359346 0.451238 0.182444 0.006972
0.120229 0.273711 0.008224 0.597837
0.702396 0.041659 0.247899 0.008046
0.171526 0.115901 0.462082 0.250492
0.093963 0.336618 0.487370 0.082049
0.557531 0.108835 0.330205 0.003429
0.405747 0.094253 0.324671 0.175329
0.221474 0.477273 0.108960 0.192293

MOTIF M149 O149
letter-probability matrix: alength= 4 w= 9 nsites= 11187 E= 1337.0e-6
0.272817 0.044605 0.316260 0.366318
0.009565 0.176276 0.399213 0.414946
0.769107 0.031807 0.017830 0.181256
0.117195 0.625644 0.235746 0.021415
0.013934 0.308900 0.666961 0.010205
0.521551 0.019592 0.064756 0.394102
0.437335 0.252455 0.158484 0.151726
0.334175 0.268306 0.229663 0.167856
0.368286 0.132833 0.273165 0.225716

MOTIF M150 O150
letter-probability matrix: alength= 4 w= 9 nsites= 11187 E= 1337.0e-6
0.019308 0.022884 0.015286 0.942523
0.742982 0.100840 0.056678 0.099499
0.416942 0.172019 0.038912 0.372126
0.100296 0.040818 0.403427 0.455459
0.291964 0.206097 0.307928 0.194011
0.174442 0.143066 0.549122 0.133370
0.179690 0.190041 0.215964 0.414304
0.244093 0.131978 0.289655 0.334275
0.283055 0.365957 0.341393 0.009595

MOTIF M151 O151
letter-probability matrix: alength= 4 w= 9 nsites= 11137 E= 1337.0e-6
0.614798 0.349556 0.035647 0.000000
0.000000 0.111436 0.007588 0.880976
0.261162 0.188335 0.150938 0.399565
0.488866 0.257941 0.028823 0.224370
0.374466 0.186856 0.196657 0.242021
0.314544 0.368519 0.002526 0.314411
0.433925 0.099219 0.015330 0.451526
0.018155 0.513358 0.138745 0.329742
0.191609 0.207933 0.000305 0.600153

MOTIF M152 O152
letter-probability matrix: alength= 4 w= 9 nsites= 11187 E= 1337.0e-6
0.014236 0.115856 0.023368 0.846540
0.128371 0.455592 0.124865 0.291172
0.269304 0.205124 0.291482 0.234091
0.414300 0.115325 0.107068 0.363306
0.071714 0.217324 0.477095 0.233867
0.141928 0.133046 0.126545 0.598480
0.065618 0.149560 0.548357 0.236465
0.279135 0.321898 0.113722 0.285244
0.072077 0.919128 0.005066 0.003728

MOTIF M153 O153
letter-probability matrix: alength= 4 w= 9 nsites= 11187 E= 1337.0e-6
0.295611 0.259498 0.415393 0.029499
0.094858 0.583393 0.096829 0.224919
0.280881 0.355237 0.278093 0.085789
0.667395 0.013498 0.251806 0.067300
0.039093 0.221042 0.202413 0.537452
0.067433 0.052295 0.642387 0.237885
0.472849 0.444799 0.002396 0.079956
0.385166 0.344503 0.211177 0.059154
0.291641 0.018150 0.020950 0.669259

MOTIF M154 O154
letter-probability matrix: alength= 4 w= 9 nsites= 11187 E= 1337.0e-6
0.313578 0.554662 0.092607 0.039153
0.015663 0.132911 0.841829 0.009597
0.148659 0.463341 0.131845 0.256156
0.210714 0.238996 0.054505 0.495786
0.204023 0.413862 0.112308 0.269806
0.460160 0.056010 0.359342 0.124489
0.505051 0.304796 0.030990 0.159164
0.169537 0.454671 0.145685 0.230107
0.489475 0.026992 0.110887 0.372646

MOTIF M155 O155
letter-probability matrix: alength= 4 w= 9 nsites= 11187 E= 1337.0e-6
0.586195 0.009210 0.032815 0.371781
0.139516 0.435125 0.310663 0.114695
0.555094 0.255753 0.174623 0.014529
0.476519 0.118085 0.381324 0.024071
0.005600 0.004131 0.176994 0.813275
0.140679 0.293027 0.541263 0.025031
0.556469 0.131778 0.006790 0.304963
0.071811 0.119263 0.388483 0.420442
0.115548 0.075126 0.304939 0.504387

MOTIF M156 O156
letter-probability matrix: alength= 4 w= 9 nsites= 11187 E= 1337.0e-6
0.396245 0.071793 0.477604 0.054359
0.552048 0.142819 0.270882 0.034251
0.573819 0.111399 0.185755 0.129026
0.129512 0.383968 0.370622 0.115898
0.052731 0.024518 0.001893 0.920858
0.091224 0.098978 0.242930 0.566867
0.051143 0.307777 0.417501 0.223579
0.027757 0.349371 0.363712 0.259160
0.445848 0.330020 0.056474 0.167657

MOTIF M157 O157
letter-probability matrix: alength= 4 w= 9 nsites= 11187 E= 1337.0e-6
0.429326 0.007430 0.239101 0.324143
0.369717 0.038234 0.464810 0.127239
0.175712 0.058392 0.172757 0.593140
0.000358 0.000000 0.663800 0.335842
0.690015 0.309625 0.000090 0.000270
0.000182 0.637873 0.236067 0.125878
0.219084 0.342090 0.224432 0.214393
0.365328 0.191776 0.218491 0.224406
0.340878 0.038209 0.334688 0.286226

MOTIF M158 O158
letter-probability matrix: alength= 4 w= 9 nsites= 11182 E= 1337.0e-6
0.434001 0.261849 0.053747 0.250402
0.019659 0.087612 0.041831 0.850898
0.382548 0.114312 0.155586 0.347553
0.418768 0.263336 0.194150 0.123746
0.094632 0.392690 0.143431 0.369247
0.519081 0.077687 0.269957 0.133275
0.078285 0.027242 0.536094 0.358379
0.177244 0.034545 0.635268 0.152942
0.818265 0.014425 0.028241 0.139069

MOTIF M159 O159
letter-probability matrix: alength= 4 w= 9 nsites= 11187 E= 1337.0e-6
0.658827 0.028349 0.048113 0.264711
0.324085 0.333124 0.052895 0.289895
0.504571 0.114985 0.171446 0.208998
0.538462 0.143626 0.249148 0.068765
0.095029 0.141691 0.101669 0.661612
0.063136 0.079078 0.408898 0.448888
0.247511 0.451493 0.293665 0.007330
0.029853 0.209615 0.080311 0.680220
0.431596 0.489413 0.071810 0.007181

MOTIF M160 O160
letter-probability matrix: alength= 4 w= 9 nsites= 11187 E= 1337.0e-6
0.605619 0.114879 0.144225 0.135278
0.121516 0.394928 0.162828 0.320728
0.089234 0.200547 0.610949 0.099270
0.507572 0.252593 0.067829 0.172006
0.255668 0.024885 0.116866 0.602581
0.104107 0.031334 0.827385 0.037174
0.310775 0.013047 0.149146 0.527032
0.108016 0.663256 0.225886 0.002843
0.521349 0.292697 0.039992 0.145962

MOTIF M161 O161
letter-probability matrix: alength= 4 w= 9 nsites= 11186 E= 1337.0e-6
0.231664 0.385331 0.298658 0.084347
0.379167 0.211943 0.285934 0.122956
0.022670 0.273848 0.361081 0.342401
0.055592 0.202201 0.424845 0.317362
0.342974 0.199791 0.053954 0.403281
0.397769 0.246009 0.254857 0.101366
0.001071 0.153786 0.040685 0.804458
0.202621 0.756874 0.000788 0.039716
0.827683 0.137914 0.024602 0.009801

MOTIF M162 O162
letter-probability matrix: alength= 4 w= 9 nsites= 10581 E= 1337.0e-6
0.128249 0.384935 0.422455 0.064361
0.145622 0.050054 0.736949 0.067375
0.055106 0.329270 0.541361 0.074263
0.140987 0.368930 0.358505 0.131579
0.156609 0.090063 0.470733 0.282595
0.033168 0.867981 0.088535 0.010316
0.398147 0.165189 0.104169 0.332495
0.086812 0.545733 0.325977 0.041478
0.458378 0.399111 0.133890 0.008621

MOTIF M163 O163
letter-probability matrix: alength= 4 w= 9 nsites= 11177 E= 1337.0e-6
0.790552 0.192896 0.001253 0.015299
0.191541 0.371947 0.395025 0.041487
0.209196 0.127771 0.098919 0.564114
0.278831 0.358550 0.043281 0.319338
0.378077 0.313330 0.012912 0.295680
0.357991 0.398766 0.232863 0.010381
0.281575 0.002532 0.170183 0.545710
0.498917 0.300424 0.185304 0.015356
0.000000 0.122760 0.566146 0.311094

MOTIF M164 O164
letter-probability matrix: alength= 4 w= 9 nsites= 11185 E= 1337.0e-6
0.185427 0.296647 0.411444 0.106482
0.355102 0.335931 0.207471 0.101496
0.501703 0.082556 0.349319 0.066422
0.266162 0.599134 0.083671 0.051032
0.083503 0.091575 0.437651 0.387270
0.176107 0.103174 0.199607 0.521112
0.017678 0.249575 0.115806 0.616941
0.015761 0.828255 0.016238 0.139746
0.462247 0.037511 0.231366 0.268877

MOTIF M165 O165
letter-probability matrix: alength= 4 w= 9 nsites= 11186 E= 1337.0e-6
0.573574 0.017701 0.135795 0.272930
0.093775 0.703807 0.180654 0.021764
0.071165 0.456154 0.409003 0.063679
0.435879 0.321523 0.009291 0.233306
0.295355 0.062573 0.072077 0.569995
0.177969 0.679142 0.047369 0.095520
0.215572 0.325508 0.210575 0.248344
0.458879 0.264897 0.131091 0.145133
0.049096 0.068016 0.737037 0.145851

MOTIF M166 O166
letter-probability matrix: alength= 4 w= 9 nsites= 11187 E= 1337.0e-6
0.016810 0.976395 0.005901 0.000894
0.354079 0.266746 0.150210 0.228965
0.087163 0.204842 0.090270 0.617725
0.188268 0.029331 0.462236 0.320165
0.532923 0.123244 0.124897 0.218937
0.311132 0.047102 0.225115 0.416651
0.252452 0.411438 0.141218 0.194892
0.431500 0.131923 0.357311 0.079267
0.163571 0.050300 0.142898 0.643231

MOTIF M167 O167
letter-probability matrix: alength= 4 w= 9 nsites= 11187 E= 1337.0e-6
0.366497 0.195137 0.342362 0.096004
0.001341 0.057845 0.013500 0.927313
0.834335 0.145305 0.020361 0.000000
0.103551 0.377152 0.033068 0.486229
0.077265 0.117269 0.545016 0.260450
0.208233 0.276680 0.235130 0.279958
0.299144 0.276164 0.095006 0.329686
0.289468 0.099364 0.297577 0.313591
0.262278 0.076489 0.332184 0.329049

MOTIF M168 O168
letter-probability matrix: alength= 4 w= 9 nsites= 11187 E= 1337.0e-6
0.241709 0.634665 0.013587 0.110038
0.118888 0.596585 0.271029 0.013498
0.559399 0.045142 0.226781 0.168678
0.437589 0.119814 0.112661 0.329936
0.405171 0.096350 0.472804 0.025675
0.106108 0.190869 0.436810 0.266212
0.030328 0.242982 0.148750 0.577940
0.167751 0.111864 0.087311 0.633074
0.027816 0.324339 0.489662 0.158183

MOTIF M169 O169
letter-probability matrix: alength= 4 w= 9 nsites= 11187 E= 1337.0e-6
0.904174 0.000000 0.000000 0.095826
0.000000 0.361580 0.615357 0.023062
0.049428 0.207437 0.020077 0.723058
0.150423 0.167349 0.282009 0.400218
0.311925 0.271899 0.152098 0.264078
0.316793 0.249229 0.281749 0.152229
0.453055 0.011525 0.149175 0.386244
0.450405 0.139355 0.393457 0.016783
0.507183 0.072879 0.238556 0.181383

MOTIF M170 O170
letter-probability matrix: alength= 4 w= 9 nsites= 11187 E= 1337.0e-6
0.298471 0.596317 0.003844 0.101368
0.002235 0.203272 0.655225 0.139269
0.295459 0.304667 0.394869 0.005006
0.229614 0.360515 0.236230 0.173641
0.316755 0.121388 0.236425 0.325432
0.724758 0.131131 0.002148 0.141962
0.184952 0.336326 0.275274 0.203448
0.116847 0.090719 0.541232 0.251202
0.042144 0.268804 0.343289 0.345763

MOTIF M171 O171
letter-probability matrix: alength= 4 w= 9 nsites= 11185 E= 1337.0e-6
0.117836 0.005990 0.874117 0.002056
0.194802 0.072595 0.155404 0.577200
0.341680 0.383443 0.095445 0.179433
0.335198 0.210570 0.010254 0.443978
0.219054 0.218204 0.156642 0.406100
0.300180 0.265289 0.182422 0.252110
0.236636 0.391466 0.185472 0.186426
0.147495 0.071098 0.125048 0.656358
0.054579 0.895698 0.045159 0.004564

MOTIF M172 O172
letter-probability matrix: alength= 4 w= 9 nsites= 11185 E= 1337.0e-6
0.013858 0.001252 0.967546 0.017345
0.189822 0.554366 0.012356 0.243456
0.323895 0.330386 0.131891 0.213829
0.145531 0.479756 0.081455 0.293258
0.335232 0.240868 0.140122 0.283778
0.442505 0.175345 0.178008 0.204142
0.263231 0.053917 0.475722 0.207129
0.014267 0.793731 0.101979 0.090023
0.191196 0.153333 0.292792 0.362679

MOTIF M173 O173
letter-probability matrix: alength= 4 w= 9 nsites= 10865 E= 1337.0e-6
0.181316 0.080718 0.183065 0.554901
0.362653 0.081802 0.048037 0.507509
0.266898 0.575103 0.042621 0.115377
0.007657 0.027912 0.050979 0.913452
0.671659 0.027099 0.020398 0.280844
0.229711 0.230508 0.432403 0.107378
0.655405 0.061732 0.156429 0.126433
0.356071 0.285374 0.210330 0.148225
0.244350 0.316927 0.136245 0.302477

MOTIF M174 O174
letter-probability matrix: alength= 4 w= 9 nsites= 11187 E= 1337.0e-6
0.121659 0.379190 0.064003 0.435148
0.106472 0.013231 0.533435 0.346862
0.271589 0.165207 0.089576 0.473628
0.110515 0.627414 0.010640 0.251431
0.226388 0.106435 0.598955 0.068223
0.305611 0.005973 0.047873 0.640543
0.058411 0.220066 0.627757 0.093767
0.364577 0.133715 0.352941 0.148767
0.180843 0.337599 0.213022 0.268536

MOTIF M175 O175
letter-probability matrix: alength= 4 w= 9 nsites= 11170 E= 1337.0e-6
0.044942 0.641271 0.153089 0.160698
0.456914 0.063187 0.013881 0.466018
0.000455 0.636893 0.250114 0.112538
0.080891 0.403394 0.290204 0.225511
0.173084 0.272185 0.054730 0.500000
0.164477 0.326188 0.282426 0.226909
0.233651 0.098142 0.369061 0.299146
0.003142 0.249823 0.241613 0.505422
0.906205 0.009932 0.006656 0.077207

MOTIF M176 O176
letter-probability matrix: alength= 4 w= 9 nsites= 11162 E= 1337.0e-6
0.435316 0.421519 0.020785 0.122380
0.005924 0.020375 0.083655 0.890046
0.409670 0.056484 0.032354 0.501491
0.102096 0.260187 0.166894 0.470823
0.115043 0.399120 0.228619 0.257219
0.610209 0.188112 0.068580 0.133100
0.557395 0.071070 0.217860 0.153674
0.367143 0.372883 0.156097 0.103877
0.648054 0.210441 0.065781 0.075724

MOTIF M177 O177
letter-probability matrix: alength= 4 w= 9 nsites= 11187 E= 1337.0e-6
0.168767 0.390900 0.429248 0.011084
0.464970 0.474557 0.016574 0.043899
0.013293 0.320101 0.220855 0.445752
0.413765 0.002902 0.468081 0.115252
0.295166 0.041488 0.027141 0.636206
0.212756 0.420989 0.238416 0.127838
0.158975 0.119137 0.414579 0.307308
0.124892 0.011876 0.218083 0.645149
0.032477 0.354920 0.076006 0.536597

MOTIF M178 O178
letter-probability matrix: alength= 4 w= 9 nsites= 11187 E= 1337.0e-6
0.162510 0.271833 0.007777 0.557880
0.283253 0.334410 0.229133 0.153204
0.612757 0.048609 0.157662 0.180972
0.353048 0.111131 0.428222 0.107599
0.539014 0.020165 0.344718 0.096103
0.000551 0.566526 0.316205 0.116719
0.255613 0.313431 0.047586 0.383370
0.543314 0.030881 0.320322 0.105483
0.018703 0.046758 0.930531 0.004008

MOTIF M179 O179
letter-probability matrix: alength= 4 w= 9 nsites= 11187 E= 1337.0e-6
0.029110 0.474045 0.043619 0.453226
0.657112 0.075744 0.102594 0.164550
0.221012 0.102152 0.351675 0.325161
0.028223 0.513838 0.062728 0.395211
0.550361 0.377367 0.071082 0.001189
0.014473 0.528577 0.022493 0.434458
0.310914 0.108575 0.353457 0.227054
0.010040 0.363516 0.202974 0.423470
0.578411 0.008851 0.042428 0.370310

MOTIF M180 O180
letter-probability matrix: alength= 4 w= 9 nsites= 11087 E= 1337.0e-6
0.493641 0.082078 0.011996 0.412285
0.092663 0.007191 0.075187 0.824959
0.422303 0.002041 0.480657 0.095000
0.103227 0.038309 0.293357 0.565107
0.587840 0.050249 0.352512 0.009398
0.403577 0.181571 0.291407 0.123445
0.296106 0.177281 0.372070 0.154543
0.016519 0.317056 0.146603 0.519822
0.521095 0.247753 0.054351 0.176800

MOTIF M181 O181
letter-probability matrix: alength= 4 w= 9 nsites= 11175 E= 1337.0e-6
0.002506 0.720268 0.270783 0.006443
0.005554 0.361741 0.004917 0.627788
0.371776 0.241215 0.017850 0.369159
0.420160 0.030334 0.063495 0.486010
0.435508 0.495448 0.064966 0.004078
0.334771 0.382102 0.027498 0.255629
0.608835 0.171937 0.208427 0.010801
0.138756 0.302940 0.203417 0.354887
0.214997 0.178737 0.228043 0.378223

MOTIF M182 O182
letter-probability matrix: alength= 4 w= 9 nsites= 11187 E= 1337.0e-6
0.710936 0.005012 0.028369 0.255683
0.227417 0.047658 0.528495 0.196430
0.204348 0.274230 0.261898 0.259523
0.180370 0.218275 0.101721 0.499634
0.002502 0.361438 0.132215 0.503845
0.133784 0.320891 0.359836 0.185488
0.096855 0.356257 0.432529 0.114360
0.556876 0.027061 0.067363 0.348700
0.002523 0.009315 0.924898 0.063264

MOTIF M183 O183
letter-probability matrix: alength= 4 w= 9 nsites= 11186 E= 1337.0e-6
0.199890 0.108614 0.230896 0.460600
0.876036 0.030642 0.005774 0.087548
0.733605 0.038192 0.069560 0.158643
0.246971 0.596200 0.082194 0.074634
0.218417 0.406545 0.060880 0.314158
0.770668 0.056785 0.135804 0.036743
0.176152 0.137078 0.383202 0.303568
0.534644 0.067354 0.096144 0.301858
0.210031 0.084531 0.458977 0.246460

MOTIF M184 O184
letter-probability matrix: alength= 4 w= 9 nsites= 11187 E= 1337.0e-6
0.003085 0.892297 0.008257 0.096361
0.233122 0.266469 0.256342 0.244067
0.307177 0.136443 0.476882 0.079497
0.123141 0.307436 0.551742 0.017681
0.039043 0.464526 0.151134 0.345298
0.047720 0.117547 0.297694 0.537039
0.107356 0.647506 0.129197 0.115940
0.378420 0.272516 0.180680 0.168384
0.252591 0.134708 0.548747 0.063955

MOTIF M185 O185
letter-probability matrix: alength= 4 w= 9 nsites= 11026 E= 1337.0e-6
0.881825 0.016234 0.039724 0.062217
0.073022 0.105436 0.568060 0.253483
0.386130 0.080982 0.195859 0.337028
0.291287 0.174993 0.376024 0.157696
0.423888 0.001950 0.249745 0.324417
0.363985 0.004490 0.391207 0.240318
0.571777 0.014647 0.190686 0.222890
0.602948 0.154682 0.141737 0.100633
0.069229 0.014208 0.276151 0.640412

MOTIF M186 O186
letter-probability matrix: alength= 4 w= 9 nsites= 11187 E= 1337.0e-6
0.830302 0.001613 0.168085 0.000000
0.000000 0.020393 0.481808 0.497799
0.435438 0.001363 0.042526 0.520672
0.224418 0.219454 0.287395 0.268732
0.281519 0.195847 0.117471 0.405163
0.149430 0.245215 0.350995 0.254360
0.116427 0.070481 0.299924 0.513168
0.458054 0.035147 0.181287 0.325512
0.472736 0.471291 0.042582 0.013391

MOTIF M187 O187
letter-probability matrix: alength= 4 w= 9 nsites= 11163 E= 1337.0e-6
0.026606 0.166174 0.227358 0.579862
0.788058 0.101245 0.021085 0.089612
0.238957 0.129672 0.293140 0.338231
0.691957 0.030441 0.004468 0.273133
0.203778 0.688207 0.009632 0.098382
0.708487 0.137017 0.042630 0.111866
0.434200 0.032801 0.332447 0.200552
0.202209 0.102796 0.486914 0.208080
0.093080 0.192432 0.467624 0.246864

MOTIF M188 O188
letter-probability matrix: alength= 4 w= 9 nsites= 11107 E= 1337.0e-6
0.259566 0.365715 0.004682 0.370037
0.902731 0.052105 0.025872 0.019291
0.313896 0.114999 0.137962 0.433143
0.239800 0.024135 0.385792 0.350273
0.209519 0.008604 0.073684 0.708192
0.177640 0.203919 0.395301 0.223140
0.324138 0.068399 0.110723 0.496741
0.231729 0.607623 0.101382 0.059266
0.184739 0.556548 0.073876 0.184836

MOTIF M189 O189
letter-probability matrix: alength= 4 w= 9 nsites= 11137 E= 1337.0e-6
0.405405 0.058903 0.490617 0.045075
0.135378 0.399155 0.283248 0.182219
0.466868 0.230835 0.120427 0.181870
0.416343 0.016760 0.462930 0.103967
0.077479 0.139462 0.666793 0.116266
0.000096 0.539804 0.103779 0.356321
0.015859 0.531524 0.062074 0.390543
0.096324 0.001395 0.383305 0.518976
0.148115 0.523365 0.314180 0.014340

MOTIF M190 O190
letter-probability matrix: alength= 4 w= 9 nsites= 11151 E= 1337.0e-6
0.701551 0.099991 0.000628 0.197830
0.359651 0.377206 0.235128 0.028015
0.100735 0.671468 0.095297 0.132500
0.099430 0.546455 0.000815 0.353301
0.103815 0.533567 0.098494 0.264123
0.309401 0.528932 0.010795 0.150872
0.414505 0.337979 0.176281 0.071235
0.681462 0.035248 0.017624 0.265666
0.004488 0.461457 0.117344 0.416711

MOTIF M191 O191
letter-probability matrix: alength= 4 w= 9 nsites= 11187 E= 1337.0e-6
0.239921 0.458032 0.119961 0.182086
0.224099 0.033610 0.336730 0.405560
0.211942 0.159024 0.276124 0.352910
0.055248 0.001073 0.924996 0.018684
0.005102 0.638349 0.041357 0.315191
0.291012 0.368681 0.112508 0.227799
0.520065 0.112798 0.292661 0.074476
0.387114 0.066885 0.003913 0.542088
0.200549 0.331382 0.285727 0.182342

MOTIF M192 O192
letter-probability matrix: alength= 4 w= 9 nsites= 11187 E= 1337.0e-6
0.514145 0.003760 0.348165 0.133930
0.178418 0.388949 0.371098 0.061536
0.115283 0.113832 0.270295 0.500590
0.359422 0.205890 0.415235 0.019453
0.032252 0.291819 0.364249 0.311680
0.878470 0.015431 0.039171 0.066928
0.206619 0.125709 0.117023 0.550649
0.009353 0.107232 0.207056 0.676359
0.110882 0.049114 0.387759 0.452245

MOTIF M193 O193
letter-probability matrix: alength= 4 w= 9 nsites= 11187 E= 1337.0e-6
0.168499 0.046840 0.210959 0.573702
0.478666 0.007798 0.449803 0.063733
0.198629 0.483729 0.094790 0.222852
0.127800 0.342248 0.337314 0.192638
0.030312 0.414064 0.004287 0.551337
0.256348 0.719537 0.012430 0.011686
0.831595 0.073229 0.010973 0.084203
0.046824 0.450011 0.195154 0.308011
0.241402 0.464107 0.198998 0.095492

MOTIF M194 O194
letter-probability matrix: alength= 4 w= 9 nsites= 11187 E= 1337.0e-6
0.175829 0.002235 0.339054 0.482882
0.000000 0.421726 0.448994 0.129280
0.058529 0.736710 0.010023 0.194738
0.603442 0.002331 0.353980 0.040247
0.371026 0.252111 0.376774 0.000090
0.416719 0.257939 0.002352 0.322989
0.311550 0.335396 0.122964 0.230090
0.383694 0.194565 0.170060 0.251681
0.125140 0.571268 0.269734 0.033857

MOTIF M195 O195
letter-probability matrix: alength= 4 w= 9 nsites= 11187 E= 1337.0e-6
0.263341 0.298024 0.180924 0.257710
0.557075 0.002324 0.046393 0.394208
0.002609 0.813225 0.054791 0.129375
0.086995 0.386856 0.137801 0.388348
0.059605 0.106239 0.834155 0.000000
0.426533 0.113345 0.000899 0.459223
0.358344 0.295025 0.157950 0.188681
0.224325 0.301678 0.433536 0.040462
0.454859 0.091021 0.121238 0.332881

MOTIF M196 O196
letter-probability matrix: alength= 4 w= 9 nsites= 11187 E= 1337.0e-6
0.034147 0.006525 0.916510 0.042818
0.045136 0.677943 0.011576 0.265345
0.112915 0.159329 0.416713 0.311044
0.376329 0.214147 0.041609 0.367915
0.276538 0.314723 0.197834 0.210905
0.187371 0.338994 0.244042 0.229593
0.313889 0.505909 0.049920 0.130283
0.414015 0.041719 0.189945 0.354321
0.072630 0.133495 0.670685 0.123189

MOTIF M197 O197
letter-probability matrix: alength= 4 w= 9 nsites= 11118 E= 1337.0e-6
0.303202 0.243479 0.000000 0.453319
0.396556 0.075273 0.010998 0.517173
0.330084 0.469086 0.026266 0.174564
0.398821 0.013061 0.002993 0.585125
0.525598 0.078021 0.393926 0.002455
0.000000 0.033520 0.522729 0.443751
0.482267 0.008678 0.388229 0.120826
0.287395 0.122095 0.234256 0.356254
0.393964 0.158979 0.256485 0.190572

MOTIF M198 O198
letter-probability matrix: alength= 4 w= 9 nsites= 11187 E= 1337.0e-6
0.006795 0.590344 0.337416 0.065445
0.538882 0.024010 0.024458 0.412650
0.011223 0.501706 0.386874 0.100198
0.358518 0.331729 0.010171 0.299582
0.008864 0.467513 0.110938 0.412684
0.316170 0.019111 0.152704 0.512014
0.068606 0.185359 0.648334 0.097701
0.220641 0.480554 0.173686 0.125119
0.400213 0.058419 0.504553 0.036815

MOTIF M199 O199
letter-probability matrix: alength= 4 w= 9 nsites= 11187 E= 1337.0e-6
0.012336 0.240100 0.744525 0.003039
0.308841 0.276929 0.055868 0.358362
0.300885 0.021543 0.283812 0.393761
0.069813 0.143381 0.257442 0.529364
0.117647 0.639281 0.055248 0.187824
0.668127 0.005633 0.173804 0.152436
0.013686 0.294391 0.541551 0.150371
0.652260 0.042950 0.054475 0.250315
0.222293 0.157423 0.288248 0.332037

MOTIF M200 O200
letter-probability matrix: alength= 4 w= 9 nsites= 11187 E= 1337.0e-6
0.015733 0.006704 0.449629 0.527934
0.901834 0.097808 0.000358 0.000000
0.000000 0.229411 0.197063 0.573527
0.432448 0.072605 0.134918 0.360030
0.270201 0.043209 0.557248 0.129342
0.322815 0.151215 0.209134 0.316837
0.368537 0.062142 0.203494 0.365827
0.219661 0.449011 0.058230 0.273098
0.526366 0.165577 0.058216 0.249842

MOTIF M201 O201
letter-probability matrix: alength= 4 w= 9 nsites= 11187 E= 1337.0e-6
0.000000 0.136766 0.863234 0.000000
0.538303 0.090373 0.000000 0.371324
0.156432 0.277018 0.482524 0.084026
0.455740 0.105240 0.003666 0.435354
0.008598 0.344828 0.341693 0.304881
0.571634 0.120050 0.267819 0.040497
0.096818 0.562285 0.206111 0.134786
0.283091 0.051612 0.318443 0.346853
0.375934 0.197510 0.234302 0.192254

MOTIF M202 O202
letter-probability matrix: alength= 4 w= 9 nsites= 11187 E= 1337.0e-6
0.002684 0.219896 0.761406 0.016014
0.469399 0.139813 0.033095 0.357693
0.088627 0.076584 0.019399 0.815390
0.065209 0.119724 0.253833 0.561234
0.085227 0.087275 0.419113 0.408386
0.155371 0.385553 0.296175 0.162901
0.331554 0.011683 0.159533 0.497230
0.057429 0.581954 0.094012 0.266605
0.339765 0.296830 0.020248 0.343157

MOTIF M203 O203
letter-probability matrix: alength= 4 w= 9 nsites= 11187 E= 1337.0e-6
0.493877 0.161795 0.091356 0.252972
0.412801 0.407884 0.169751 0.009565
0.000000 0.216032 0.249082 0.534886
0.822115 0.005924 0.163256 0.008706
0.178091 0.091755 0.565339 0.164815
0.313612 0.134365 0.073542 0.478481
0.198100 0.457483 0.187669 0.156748
0.441874 0.130820 0.101209 0.326097
0.082521 0.011775 0.154039 0.751665

MOTIF M204 O204
letter-probability matrix: alength= 4 w= 9 nsites= 11176 E= 1337.0e-6
0.016553 0.227452 0.020490 0.735505
0.106000 0.080969 0.286553 0.526477
0.641021 0.146946 0.203737 0.008295
0.014427 0.339827 0.119004 0.526741
0.525326 0.108659 0.085009 0.281006
0.261576 0.160045 0.409317 0.169062
0.793838 0.020155 0.117670 0.068337
0.366615 0.379470 0.190218 0.063696
0.631808 0.115666 0.072093 0.180432

MOTIF M205 O205
letter-probability matrix: alength= 4 w= 9 nsites= 11187 E= 1337.0e-6
0.000000 0.741217 0.258783 0.000000
0.418149 0.010639 0.000000 0.571211
0.156222 0.260161 0.366517 0.217099
0.132681 0.236835 0.568314 0.062169
0.317400 0.075974 0.104870 0.501755
0.105757 0.312759 0.054142 0.527342
0.105302 0.613711 0.098903 0.182084
0.522025 0.000093 0.144734 0.333148
0.243633 0.268080 0.397843 0.090444

MOTIF M206 O206
letter-probability matrix: alength= 4 w= 9 nsites= 11186 E= 1337.0e-6
0.460576 0.022707 0.133292 0.383426
0.081207 0.317575 0.294207 0.307010
0.536646 0.188764 0.193796 0.080794
0.138129 0.055066 0.251970 0.554835
0.209599 0.145991 0.300508 0.343903
0.040504 0.347550 0.012590 0.599356
0.024780 0.360473 0.430464 0.184282
0.034154 0.275642 0.677318 0.012886
0.188199 0.133169 0.678310 0.000322

MOTIF M207 O207
letter-probability matrix: alength= 4 w= 9 nsites= 11174 E= 1337.0e-6
0.323877 0.117773 0.348398 0.209952
0.368803 0.031054 0.564435 0.035708
0.051034 0.254186 0.038947 0.655833
0.714926 0.003046 0.230245 0.051783
0.300682 0.329682 0.011133 0.358502
0.139451 0.271557 0.351890 0.237102
0.308466 0.005394 0.611812 0.074328
0.269082 0.341989 0.082332 0.306598
0.417416 0.105442 0.413725 0.063417

MOTIF M208 O208
letter-probability matrix: alength= 4 w= 9 nsites= 11133 E= 1337.0e-6
0.020210 0.059104 0.910446 0.010240
0.451520 0.116819 0.060787 0.370875
0.149308 0.281241 0.237136 0.332315
0.215465 0.095125 0.091269 0.598141
0.168652 0.176423 0.431470 0.223456
0.386162 0.046944 0.107664 0.459231
0.311088 0.080041 0.274575 0.334296
0.001577 0.795459 0.200336 0.002628
0.072829 0.338806 0.001653 0.586712

MOTIF M209 O209
letter-probability matrix: alength= 4 w= 9 nsites= 11187 E= 1337.0e-6
0.009126 0.771137 0.009573 0.210164
0.171168 0.361861 0.095255 0.371715
0.166851 0.211068 0.439143 0.182938
0.226427 0.010866 0.045396 0.717311
0.105783 0.270972 0.400129 0.223115
0.160560 0.299323 0.506910 0.033207
0.285256 0.126791 0.487557 0.100396
0.080950 0.003705 0.183278 0.732067
0.380087 0.286644 0.247790 0.085478

MOTIF M210 O210
letter-probability matrix: alength= 4 w= 9 nsites= 11187 E= 1337.0e-6
0.110664 0.028426 0.290873 0.570037
0.435501 0.301204 0.140765 0.122530
0.326271 0.085023 0.310630 0.278076
0.010869 0.818300 0.095216 0.075615
0.072207 0.867787 0.018602 0.041404
0.510683 0.117356 0.148405 0.223555
0.275678 0.053812 0.579116 0.091394
0.431852 0.163360 0.003990 0.400798
0.319281 0.061765 0.408388 0.210566

MOTIF M211 O211
letter-probability matrix: alength= 4 w= 9 nsites= 11187 E= 1337.0e-6
0.107267 0.001251 0.832127 0.059355
0.119745 0.003944 0.425921 0.450390
0.358662 0.367297 0.103708 0.170333
0.477430 0.162467 0.004339 0.355765
0.140337 0.696356 0.139368 0.023939
0.478728 0.176928 0.007057 0.337288
0.123558 0.370882 0.058194 0.447366
0.127481 0.082614 0.566868 0.223037
0.424608 0.146288 0.091128 0.337976

MOTIF M212 O212
letter-probability matrix: alength= 4 w= 9 nsites= 11183 E= 1337.0e-6
0.006289 0.453791 0.529712 0.010208
0.103837 0.397043 0.206265 0.292855
0.800520 0.023567 0.152533 0.023381
0.051763 0.046454 0.435722 0.466060
0.173997 0.038171 0.688432 0.099399
0.813193 0.095544 0.033470 0.057793
0.260973 0.184658 0.286872 0.267497
0.067697 0.105103 0.577556 0.249644
0.301525 0.587593 0.007832 0.103050

MOTIF M213 O213
letter-probability matrix: alength= 4 w= 9 nsites= 11187 E= 1337.0e-6
0.065522 0.296415 0.612407 0.025655
0.345043 0.326003 0.135514 0.193439
0.124341 0.485385 0.273800 0.116474
0.595155 0.034236 0.017342 0.353267
0.012068 0.123357 0.113435 0.751140
0.060460 0.516501 0.225740 0.197299
0.146676 0.121109 0.566341 0.165874
0.394190 0.213508 0.001889 0.390413
0.301229 0.280177 0.352458 0.066137

MOTIF M214 O214
letter-probability matrix: alength= 4 w= 9 nsites= 11187 E= 1337.0e-6
0.817824 0.112363 0.001609 0.068204
0.581268 0.069774 0.248591 0.100367
0.000090 0.004483 0.113143 0.882284
0.336105 0.258156 0.374760 0.030979
0.331287 0.135603 0.192150 0.340960
0.197669 0.418267 0.089519 0.294545
0.376392 0.384235 0.114748 0.124625
0.256354 0.103952 0.569897 0.069797
0.203229 0.128860 0.259839 0.408073

MOTIF M215 O215
letter-probability matrix: alength= 4 w= 9 nsites= 11187 E= 1337.0e-6
0.179948 0.329488 0.244433 0.246132
0.141215 0.758983 0.098365 0.001437
0.031199 0.140779 0.002871 0.825151
0.151778 0.009937 0.471505 0.366780
0.452854 0.031068 0.428020 0.088058
0.353564 0.160311 0.180076 0.306049
0.381958 0.030912 0.216385 0.370745
0.157944 0.341433 0.000623 0.500000
0.727185 0.061631 0.093632 0.117552

MOTIF M216 O216
letter-probability matrix: alength= 4 w= 9 nsites= 11177 E= 1337.0e-6
0.000537 0.007336 0.957681 0.034446
0.574709 0.051408 0.056693 0.317190
0.231839 0.156911 0.074232 0.537017
0.067632 0.534953 0.132058 0.265357
0.443746 0.180577 0.033059 0.342619
0.269087 0.334906 0.160158 0.235849
0.354576 0.058371 0.103906 0.483147
0.012432 0.710443 0.115506 0.161618
0.158263 0.329365 0.035714 0.476657

MOTIF M217 O217
letter-probability matrix: alength= 4 w= 9 nsites= 11151 E= 1337.0e-6
0.190387 0.362658 0.179446 0.267510
0.266054 0.128524 0.178600 0.426822
0.397253 0.263419 0.139436 0.199892
0.324679 0.161028 0.243079 0.271214
0.125634 0.298606 0.257060 0.318700
0.206463 0.188812 0.583454 0.021271
0.000000 0.014413 0.128354 0.857234
0.387615 0.595945 0.004293 0.012147
0.844272 0.068494 0.000092 0.087141

MOTIF M218 O218
letter-probability matrix: alength= 4 w= 9 nsites= 11181 E= 1337.0e-6
0.261247 0.333423 0.011895 0.393435
0.030371 0.729362 0.202776 0.037491
0.021636 0.283012 0.262249 0.433104
0.044657 0.011238 0.031644 0.912461
0.568530 0.280077 0.119197 0.032196
0.363506 0.408663 0.015564 0.212267
0.387821 0.216002 0.091811 0.304366
0.136633 0.116070 0.279309 0.467988
0.147823 0.348064 0.322733 0.181380

MOTIF M219 O219
letter-probability matrix: alength= 4 w= 9 nsites= 11144 E= 1337.0e-6
0.046572 0.906766 0.006999 0.039663
0.430069 0.053793 0.082299 0.433839
0.250782 0.036799 0.619227 0.093192
0.254015 0.106609 0.068857 0.570519
0.393075 0.314849 0.052768 0.239308
0.554740 0.081345 0.107809 0.256105
0.355305 0.191643 0.331643 0.121408
0.099422 0.754947 0.107376 0.038254
0.215694 0.312810 0.264155 0.207342

MOTIF M220 O220
letter-probability matrix: alength= 4 w= 9 nsites= 11185 E= 1337.0e-6
0.011093 0.462596 0.504675 0.021635
0.091301 0.635427 0.156621 0.116651
0.053388 0.679001 0.250892 0.016719
0.351159 0.330044 0.177071 0.141726
0.216707 0.120937 0.583945 0.078411
0.015077 0.320594 0.255259 0.409070
0.053605 0.210886 0.367107 0.368402
0.311042 0.039267 0.429676 0.220014
0.205359 0.095169 0.668469 0.031002

MOTIF M221 O221
letter-probability matrix: alength= 4 w= 9 nsites= 11187 E= 1337.0e-6
0.004291 0.784929 0.139269 0.071512
0.795062 0.014491 0.052062 0.138384
0.101408 0.449475 0.357572 0.091545
0.176256 0.136500 0.115802 0.571442
0.195758 0.215315 0.552383 0.036544
0.125254 0.104903 0.099075 0.670768
0.450286 0.241480 0.289269 0.018965
0.557139 0.098330 0.039634 0.304898
0.184263 0.168757 0.097636 0.549344

MOTIF M222 O222
letter-probability matrix: alength= 4 w= 9 nsites= 11157 E= 1337.0e-6
0.273012 0.035762 0.068298 0.622927
0.023062 0.778511 0.027856 0.170571
0.049935 0.636550 0.026881 0.286634
0.101365 0.534600 0.166842 0.197194
0.513069 0.091675 0.387415 0.007841
0.147867 0.188973 0.188681 0.474479
0.284716 0.015746 0.496014 0.203523
0.253790 0.295553 0.223973 0.226684
0.149333 0.502188 0.284910 0.063568

MOTIF M223 O223
letter-probability matrix: alength= 4 w= 9 nsites= 11187 E= 1337.0e-6
0.610709 0.000000 0.000358 0.388934
0.033882 0.854908 0.028875 0.082335
0.459311 0.045230 0.260948 0.234511
0.003604 0.378739 0.406667 0.210991
0.299439 0.206990 0.052608 0.440963
0.556607 0.137423 0.289589 0.016382
0.038384 0.106541 0.443844 0.411231
0.216163 0.232849 0.085291 0.465697
0.168190 0.305098 0.144163 0.382550

