MEME version 5.5.1

ALPHABET= ACGT

strands: + -

Background letter frequencies (from uniform background):
A 0.25000 C 0.25000 G 0.25000 T 0.25000

MOTIF M0 O0
letter-probability matrix: alength= 4 w= 9 nsites= 11185 E= 1337.0e-6
0.233216 0.107146 0.475534 0.184104
0.008381 0.076958 0.884383 0.030278
0.392864 0.204308 0.146612 0.256216
0.060240 0.074096 0.236144 0.629520
0.039551 0.752498 0.165414 0.042538
0.110366 0.366096 0.186626 0.336912
0.311460 0.123093 0.344729 0.220718
0.109295 0.304358 0.501159 0.085188
0.670587 0.074091 0.181701 0.073621

MOTIF M1 O1
letter-probability matrix: alength= 4 w= 9 nsites= 11179 E= 1337.0e-6
0.389838 0.330262 0.218624 0.061276
0.070011 0.834987 0.063154 0.031848
0.400668 0.321222 0.091034 0.187077
0.114576 0.443008 0.330406 0.112010
0.071051 0.466253 0.411466 0.051230
0.049486 0.077984 0.150309 0.722222
0.529582 0.082997 0.194591 0.192830
0.212871 0.209622 0.026203 0.551305
0.334324 0.022614 0.562162 0.080900

MOTIF M2 O2
letter-probability matrix: alength= 4 w= 9 nsites= 11187 E= 1337.0e-6
0.399303 0.004291 0.338875 0.257531
0.000000 0.389118 0.608910 0.001972
0.013221 0.679044 0.000094 0.307642
0.301073 0.010634 0.286537 0.401756
0.090837 0.226402 0.682168 0.000592
0.280463 0.345015 0.083988 0.290534
0.111134 0.147874 0.112955 0.628036
0.265561 0.414312 0.072277 0.247850
0.309486 0.022487 0.235331 0.432695

MOTIF M3 O3
letter-probability matrix: alength= 4 w= 9 nsites= 11187 E= 1337.0e-6
0.190042 0.000000 0.011084 0.798874
0.311125 0.555267 0.037560 0.096047
0.449669 0.068243 0.434892 0.047197
0.002784 0.554827 0.363269 0.079120
0.300941 0.158342 0.068856 0.471860
0.497122 0.246871 0.128278 0.127730
0.115424 0.256818 0.389835 0.237922
0.337817 0.191834 0.171372 0.298977
0.044738 0.606347 0.209349 0.139566

MOTIF M4 O4
letter-probability matrix: alength= 4 w= 9 nsites= 11186 E= 1337.0e-6
0.532272 0.080726 0.087431 0.299571
0.510956 0.200608 0.270995 0.017440
0.076013 0.162693 0.059968 0.701327
0.045221 0.029786 0.393718 0.531275
0.341168 0.120525 0.213902 0.324406
0.148829 0.109049 0.549288 0.192834
0.109207 0.261578 0.411727 0.217488
0.092161 0.748244 0.013300 0.146296
0.269017 0.653382 0.034298 0.043303

MOTIF M5 O5
letter-probability matrix: alength= 4 w= 9 nsites= 11033 E= 1337.0e-6
0.140578 0.720022 0.081302 0.058098
0.263354 0.626087 0.105495 0.005065
0.067573 0.122537 0.014381 0.795508
0.074714 0.064471 0.059450 0.801366
0.390822 0.366707 0.193427 0.049044
0.208286 0.303544 0.284327 0.203843
0.477061 0.338071 0.043683 0.141185
0.136041 0.260658 0.122183 0.481117
0.098425 0.190331 0.382944 0.328300

MOTIF M6 O6
letter-probability matrix: alength= 4 w= 9 nsites= 11187 E= 1337.0e-6
0.173863 0.153750 0.572808 0.099580
0.239586 0.012236 0.145929 0.602249
0.048966 0.253446 0.487124 0.210464
0.785194 0.055223 0.006730 0.152853
0.009192 0.764116 0.018102 0.208591
0.055962 0.456835 0.167174 0.320028
0.123244 0.100681 0.500958 0.275117
0.158284 0.166776 0.579904 0.095036
0.195772 0.221978 0.228254 0.353997

MOTIF M7 O7
letter-probability matrix: alength= 4 w= 9 nsites= 11180 E= 1337.0e-6
0.549106 0.001699 0.418515 0.030680
0.268170 0.068833 0.466881 0.196115
0.144547 0.336948 0.269289 0.249216
0.007808 0.543170 0.443457 0.005565
0.110899 0.094201 0.000000 0.794900
0.488687 0.301416 0.050313 0.159584
0.017560 0.423660 0.168946 0.389834
0.406848 0.315197 0.213133 0.064822
0.475052 0.056606 0.205443 0.262899

MOTIF M8 O8
letter-probability matrix: alength= 4 w= 9 nsites= 11187 E= 1337.0e-6
0.033342 0.256280 0.709037 0.001341
0.436934 0.180995 0.000717 0.381354
0.125171 0.323403 0.068234 0.483192
0.447147 0.213751 0.113096 0.226006
0.211252 0.149197 0.109855 0.529697
0.048310 0.304552 0.568863 0.078275
0.382680 0.005169 0.205773 0.406378
0.006648 0.799266 0.120857 0.073229
0.603366 0.246076 0.013114 0.137443

MOTIF M9 O9
letter-probability matrix: alength= 4 w= 9 nsites= 11184 E= 1337.0e-6
0.331065 0.115950 0.375159 0.177826
0.029604 0.815666 0.033741 0.120989
0.717842 0.124086 0.146414 0.011658
0.209196 0.269805 0.486963 0.034037
0.519641 0.150157 0.322428 0.007775
0.048597 0.303782 0.591297 0.056324
0.033150 0.317932 0.276080 0.372837
0.029050 0.277036 0.048028 0.645886
0.100086 0.401201 0.286526 0.212186

MOTIF M10 O10
letter-probability matrix: alength= 4 w= 9 nsites= 11118 E= 1337.0e-6
0.255172 0.027253 0.102986 0.614589
0.031558 0.264400 0.106248 0.597794
0.188131 0.205061 0.029853 0.576955
0.546488 0.179443 0.033284 0.240785
0.816650 0.177364 0.001013 0.004973
0.007377 0.315529 0.364460 0.312634
0.447651 0.239885 0.063375 0.249089
0.477760 0.368530 0.083153 0.070557
0.242721 0.178505 0.170762 0.408012

MOTIF M11 O11
letter-probability matrix: alength= 4 w= 9 nsites= 11174 E= 1337.0e-6
0.573027 0.271613 0.114731 0.040630
0.017371 0.043428 0.732539 0.206662
0.447981 0.187523 0.034467 0.330029
0.597702 0.207996 0.085018 0.109283
0.133632 0.659948 0.056458 0.149963
0.355549 0.368879 0.035159 0.240413
0.163590 0.447212 0.026858 0.362340
0.232667 0.024076 0.201998 0.541259
0.118769 0.614531 0.116347 0.150353

MOTIF M12 O12
letter-probability matrix: alength= 4 w= 9 nsites= 10241 E= 1337.0e-6
0.426911 0.410116 0.025681 0.137291
0.715820 0.186318 0.090807 0.007056
0.033183 0.890280 0.059409 0.017127
0.051295 0.491245 0.091739 0.365721
0.271969 0.445285 0.065555 0.217191
0.305699 0.563004 0.086870 0.044427
0.110901 0.494334 0.268753 0.126012
0.047430 0.521186 0.158830 0.272553
0.376055 0.363045 0.039585 0.221315

MOTIF M13 O13
letter-probability matrix: alength= 4 w= 9 nsites= 11187 E= 1337.0e-6
0.336373 0.000894 0.131313 0.531420
0.000268 0.745687 0.252972 0.001073
0.146790 0.126868 0.606085 0.120257
0.391950 0.278663 0.011748 0.317640
0.473443 0.275916 0.090751 0.159890
0.169147 0.354561 0.342361 0.133931
0.435393 0.038577 0.338483 0.187547
0.165278 0.115581 0.260318 0.458822
0.194731 0.506031 0.101901 0.197337

MOTIF M14 O14
letter-probability matrix: alength= 4 w= 9 nsites= 11183 E= 1337.0e-6
0.888402 0.017169 0.003845 0.090584
0.229571 0.582923 0.148930 0.038575
0.296683 0.137257 0.033886 0.532174
0.078593 0.325043 0.119834 0.476531
0.426595 0.106763 0.054883 0.411759
0.017973 0.207919 0.339203 0.434906
0.350879 0.009612 0.233980 0.405529
0.324984 0.236025 0.373699 0.065291
0.101636 0.130341 0.087518 0.680505

MOTIF M15 O15
letter-probability matrix: alength= 4 w= 9 nsites= 11187 E= 1337.0e-6
0.219809 0.106195 0.475463 0.198534
0.038802 0.604113 0.337237 0.019848
0.676753 0.188291 0.096525 0.038430
0.167750 0.051435 0.148078 0.632738
0.269929 0.055018 0.416551 0.258502
0.133134 0.083794 0.405018 0.378054
0.362167 0.056939 0.261502 0.319392
0.297794 0.133198 0.037272 0.531735
0.004503 0.797846 0.010279 0.187372

MOTIF M16 O16
letter-probability matrix: alength= 4 w= 9 nsites= 11165 E= 1337.0e-6
0.003224 0.049351 0.196328 0.751097
0.874921 0.078377 0.042473 0.004229
0.137790 0.231767 0.123276 0.507166
0.205505 0.002401 0.462917 0.329177
0.049137 0.222056 0.616467 0.112341
0.359740 0.220743 0.284603 0.134914
0.296705 0.140042 0.371255 0.191998
0.390125 0.100769 0.339235 0.169870
0.647284 0.146405 0.128505 0.077807

MOTIF M17 O17
letter-probability matrix: alength= 4 w= 9 nsites= 11187 E= 1337.0e-6
0.607938 0.272995 0.108966 0.010101
0.479843 0.002950 0.480021 0.037186
0.413716 0.219510 0.168008 0.198766
0.260150 0.185030 0.217135 0.337686
0.171945 0.376812 0.305242 0.146001
0.088791 0.124451 0.781202 0.005555
0.459323 0.182505 0.001080 0.357091
0.227363 0.281854 0.042744 0.448039
0.157952 0.539192 0.022447 0.280409

MOTIF M18 O18
letter-probability matrix: alength= 4 w= 9 nsites= 11187 E= 1337.0e-6
0.000000 0.209350 0.001073 0.789577
0.848962 0.000000 0.150412 0.000626
0.037293 0.041237 0.438189 0.483281
0.479346 0.058483 0.102775 0.359396
0.249614 0.434988 0.170856 0.144542
0.269395 0.274791 0.172279 0.283535
0.076850 0.155787 0.224478 0.542884
0.309661 0.174909 0.386141 0.129289
0.415546 0.130723 0.260082 0.193649

MOTIF M19 O19
letter-probability matrix: alength= 4 w= 9 nsites= 11185 E= 1337.0e-6
0.476352 0.115780 0.031650 0.376218
0.026029 0.012612 0.853131 0.108229
0.302870 0.292168 0.160053 0.244910
0.383459 0.534031 0.052065 0.030444
0.624714 0.195248 0.132120 0.047917
0.069959 0.057739 0.395825 0.476477
0.358783 0.302711 0.304676 0.033830
0.140520 0.709836 0.053901 0.095742
0.055901 0.475755 0.081726 0.386619

MOTIF M20 O20
letter-probability matrix: alength= 4 w= 9 nsites= 11168 E= 1337.0e-6
0.044592 0.024266 0.119359 0.811784
0.050681 0.034178 0.487240 0.427902
0.595965 0.006694 0.022925 0.374415
0.161129 0.481066 0.203174 0.154632
0.023227 0.109991 0.723678 0.143104
0.284386 0.396398 0.116663 0.202553
0.511183 0.080419 0.118036 0.290362
0.257927 0.153368 0.402487 0.186218
0.250795 0.323829 0.349481 0.075896

MOTIF M21 O21
letter-probability matrix: alength= 4 w= 9 nsites= 11186 E= 1337.0e-6
0.175569 0.042212 0.030023 0.752196
0.056067 0.602554 0.016811 0.324568
0.613989 0.343634 0.005886 0.036492
0.081730 0.459388 0.281142 0.177740
0.188264 0.154955 0.088754 0.568028
0.284997 0.152269 0.523011 0.039722
0.090559 0.359370 0.081965 0.468106
0.135407 0.091606 0.335773 0.437214
0.719921 0.118106 0.149523 0.012451

MOTIF M22 O22
letter-probability matrix: alength= 4 w= 9 nsites= 10988 E= 1337.0e-6
0.077721 0.124499 0.052421 0.745359
0.001574 0.116503 0.008242 0.873680
0.013445 0.014197 0.421023 0.551335
0.220217 0.419411 0.137276 0.223097
0.119458 0.247588 0.270584 0.362370
0.112797 0.283716 0.292188 0.311299
0.028829 0.313676 0.488367 0.169128
0.373292 0.070944 0.239645 0.316119
0.031991 0.550537 0.188330 0.229142

MOTIF M23 O23
letter-probability matrix: alength= 4 w= 9 nsites= 11103 E= 1337.0e-6
0.154913 0.043862 0.451139 0.350086
0.392320 0.602194 0.003657 0.001829
0.111822 0.658509 0.015437 0.214232
0.112288 0.002119 0.110169 0.775424
0.132479 0.147436 0.547009 0.173077
0.068376 0.397436 0.356838 0.177350
0.267094 0.651709 0.061966 0.019231
0.773504 0.079060 0.017094 0.130342
0.089744 0.664530 0.155983 0.089744

MOTIF M24 O24
letter-probability matrix: alength= 4 w= 9 nsites= 11187 E= 1337.0e-6
0.414410 0.109413 0.003039 0.473138
0.109618 0.196221 0.564213 0.129948
0.433142 0.068362 0.408167 0.090329
0.004898 0.093060 0.283430 0.618612
0.570413 0.182551 0.161309 0.085728
0.270675 0.581878 0.139342 0.008106
0.510481 0.282480 0.003856 0.203184
0.036781 0.426538 0.403989 0.132692
0.064065 0.706447 0.000307 0.229182

MOTIF M25 O25
letter-probability matrix: alength= 4 w= 9 nsites= 11185 E= 1337.0e-6
0.001699 0.289048 0.708985 0.000268
0.292153 0.000090 0.014006 0.693751
0.014775 0.512872 0.263687 0.208666
0.273122 0.237493 0.317242 0.172143
0.089959 0.074841 0.228257 0.606943
0.155101 0.281602 0.379876 0.183421
0.110365 0.374031 0.492340 0.023265
0.564061 0.364387 0.000384 0.071168
0.257090 0.339136 0.098670 0.305105

MOTIF M26 O26
letter-probability matrix: alength= 4 w= 9 nsites= 11147 E= 1337.0e-6
0.001884 0.831345 0.126402 0.040370
0.332340 0.353292 0.018164 0.296204
0.115214 0.056691 0.486791 0.341304
0.045145 0.304437 0.647208 0.003211
0.039330 0.594283 0.012716 0.353672
0.167683 0.385561 0.060294 0.386461
0.224082 0.374592 0.085714 0.315612
0.420730 0.283605 0.212496 0.083169
0.628094 0.122402 0.180261 0.069243

MOTIF M27 O27
letter-probability matrix: alength= 4 w= 9 nsites= 10630 E= 1337.0e-6
0.002634 0.000094 0.975541 0.021731
0.000511 0.209129 0.561524 0.228837
0.010877 0.416383 0.560843 0.011897
0.319679 0.218715 0.315170 0.146436
0.228816 0.435132 0.179474 0.156579
0.330473 0.313173 0.195205 0.161150
0.133735 0.432432 0.257247 0.176586
0.256594 0.486382 0.113245 0.143779
0.180902 0.501971 0.092422 0.224704

MOTIF M28 O28
letter-probability matrix: alength= 4 w= 9 nsites= 11187 E= 1337.0e-6
0.000000 0.000447 0.998122 0.001431
0.227421 0.373826 0.002258 0.396496
0.221877 0.303506 0.141253 0.333364
0.274136 0.485926 0.021179 0.218759
0.206686 0.216224 0.173998 0.403093
0.238316 0.192600 0.103116 0.465968
0.189028 0.142352 0.569038 0.099582
0.405916 0.085377 0.111964 0.396742
0.208204 0.633663 0.124941 0.033192

MOTIF M29 O29
letter-probability matrix: alength= 4 w= 9 nsites= 11187 E= 1337.0e-6
0.604094 0.204255 0.000000 0.191651
0.006979 0.022369 0.968236 0.002416
0.010058 0.328924 0.141899 0.519119
0.378930 0.193878 0.319636 0.107557
0.135775 0.411238 0.022924 0.430062
0.100599 0.146792 0.250193 0.502416
0.181392 0.212633 0.261740 0.344235
0.597884 0.064564 0.150287 0.187265
0.427646 0.191848 0.265298 0.115208

MOTIF M30 O30
letter-probability matrix: alength= 4 w= 9 nsites= 11186 E= 1337.0e-6
0.081550 0.007699 0.668338 0.242413
0.497713 0.104098 0.009605 0.388584
0.851330 0.006303 0.090648 0.051719
0.200150 0.195928 0.250727 0.353195
0.274613 0.316109 0.235663 0.173615
0.171790 0.196203 0.180631 0.451376
0.240749 0.290125 0.196447 0.272679
0.009008 0.861694 0.025706 0.103592
0.036939 0.399564 0.165539 0.397958

MOTIF M31 O31
letter-probability matrix: alength= 4 w= 9 nsites= 11186 E= 1337.0e-6
0.913258 0.031424 0.052715 0.002603
0.031439 0.234112 0.046919 0.687530
0.401281 0.068382 0.021600 0.508738
0.310156 0.077371 0.125966 0.486508
0.189829 0.040752 0.446302 0.323116
0.277308 0.010363 0.284455 0.427874
0.390967 0.029544 0.202446 0.377043
0.231132 0.043446 0.146475 0.578947
0.296730 0.102893 0.428176 0.172201

MOTIF M32 O32
letter-probability matrix: alength= 4 w= 9 nsites= 11182 E= 1337.0e-6
0.374262 0.086389 0.122608 0.416741
0.157166 0.106096 0.272343 0.464395
0.303669 0.088171 0.599215 0.008945
0.369063 0.056342 0.573012 0.001583
0.000958 0.670435 0.182027 0.146580
0.047720 0.759980 0.061601 0.130699
0.191001 0.397420 0.113069 0.298511
0.374627 0.055922 0.447806 0.121645
0.187260 0.548311 0.052266 0.212163

MOTIF M33 O33
letter-probability matrix: alength= 4 w= 9 nsites= 11187 E= 1337.0e-6
0.711898 0.002145 0.272817 0.013140
0.022707 0.238155 0.676471 0.062668
0.196600 0.018345 0.002237 0.782819
0.155092 0.475621 0.215725 0.153562
0.560357 0.058856 0.031293 0.349495
0.233089 0.117874 0.305041 0.343996
0.365679 0.272326 0.306297 0.055699
0.508642 0.252741 0.115685 0.122933
0.157234 0.332673 0.439351 0.070741

MOTIF M34 O34
letter-probability matrix: alength= 4 w= 9 nsites= 11187 E= 1337.0e-6
0.243676 0.096898 0.161348 0.498078
0.796639 0.011442 0.189238 0.002682
0.029767 0.538035 0.013319 0.418879
0.698167 0.025034 0.158784 0.118015
0.458579 0.100197 0.380837 0.060386
0.004774 0.490002 0.459917 0.045307
0.272037 0.265362 0.053493 0.409108
0.189349 0.357711 0.147374 0.305566
0.207348 0.211716 0.187506 0.393430

MOTIF M35 O35
letter-probability matrix: alength= 4 w= 9 nsites= 11185 E= 1337.0e-6
0.125525 0.636656 0.001073 0.236746
0.687002 0.000179 0.306915 0.005904
0.000448 0.441358 0.104829 0.453364
0.161078 0.230124 0.371282 0.237516
0.571261 0.065605 0.151118 0.212017
0.239946 0.106310 0.016432 0.637313
0.200385 0.301129 0.473530 0.024956
0.315985 0.395725 0.036245 0.252045
0.307083 0.300670 0.075450 0.316797

MOTIF M36 O36
letter-probability matrix: alength= 4 w= 9 nsites= 11184 E= 1337.0e-6
0.531563 0.257690 0.053559 0.157189
0.396208 0.255791 0.125212 0.222789
0.635185 0.115821 0.161703 0.087291
0.493290 0.067812 0.146359 0.292539
0.584206 0.042528 0.155967 0.217298
0.032875 0.605228 0.283841 0.078056
0.073883 0.306335 0.128556 0.491226
0.389780 0.026762 0.517065 0.066393
0.011727 0.138662 0.794258 0.055352

MOTIF M37 O37
letter-probability matrix: alength= 4 w= 9 nsites= 11187 E= 1337.0e-6
0.463973 0.184248 0.150545 0.201234
0.028451 0.307149 0.486714 0.177686
0.535576 0.138437 0.321040 0.004947
0.378202 0.246854 0.086811 0.288133
0.135503 0.469939 0.154348 0.240210
0.095813 0.157488 0.467182 0.279517
0.024240 0.007700 0.012548 0.955513
0.035101 0.274638 0.184089 0.506172
0.082838 0.529188 0.361661 0.026313

MOTIF M38 O38
letter-probability matrix: alength= 4 w= 9 nsites= 11187 E= 1337.0e-6
0.175650 0.757129 0.046304 0.020917
0.159251 0.000360 0.556656 0.283733
0.046116 0.733882 0.001628 0.218374
0.364248 0.088135 0.244031 0.303586
0.277716 0.356546 0.323120 0.042618
0.170902 0.336797 0.006235 0.486065
0.283579 0.051922 0.342585 0.321914
0.180818 0.127457 0.447622 0.244104
0.271035 0.272343 0.322967 0.133655

MOTIF M39 O39
letter-probability matrix: alength= 4 w= 9 nsites= 11187 E= 1337.0e-6
0.194958 0.019398 0.046840 0.738804
0.007152 0.642410 0.263901 0.086537
0.448322 0.080298 0.169119 0.302261
0.286868 0.003231 0.680998 0.028902
0.456545 0.243329 0.297692 0.002434
0.117203 0.482815 0.150391 0.249591
0.202514 0.245402 0.024124 0.527960
0.203249 0.088591 0.382792 0.325368
0.024302 0.549177 0.280520 0.146001

MOTIF M40 O40
letter-probability matrix: alength= 4 w= 9 nsites= 11120 E= 1337.0e-6
0.602068 0.116996 0.207104 0.073831
0.002347 0.059657 0.053971 0.884025
0.892874 0.055892 0.025897 0.025338
0.226798 0.427216 0.086639 0.259347
0.173671 0.150785 0.386430 0.289114
0.182236 0.143051 0.364890 0.309822
0.114261 0.209587 0.191517 0.484635
0.172816 0.106202 0.161714 0.559269
0.408755 0.322683 0.066856 0.201706

MOTIF M41 O41
letter-probability matrix: alength= 4 w= 9 nsites= 11187 E= 1337.0e-6
0.532004 0.195244 0.013320 0.259431
0.183619 0.043911 0.333991 0.438480
0.575288 0.372405 0.037531 0.014777
0.453766 0.030147 0.140223 0.375864
0.218522 0.107016 0.287839 0.386623
0.061271 0.246889 0.488933 0.202907
0.620493 0.090382 0.269116 0.020010
0.185833 0.397753 0.068393 0.348021
0.002599 0.070072 0.020992 0.906337

MOTIF M42 O42
letter-probability matrix: alength= 4 w= 9 nsites= 10906 E= 1337.0e-6
0.105722 0.020631 0.868054 0.005593
0.163298 0.015628 0.402396 0.418679
0.086483 0.105333 0.327555 0.480629
0.064299 0.042706 0.532342 0.360653
0.022763 0.113911 0.539494 0.323833
0.229181 0.234589 0.270868 0.265362
0.501481 0.342843 0.071866 0.083810
0.291480 0.065670 0.181365 0.461485
0.196687 0.002811 0.159839 0.640663

MOTIF M43 O43
letter-probability matrix: alength= 4 w= 9 nsites= 11187 E= 1337.0e-6
0.084667 0.886008 0.001252 0.028073
0.354279 0.048184 0.008181 0.589356
0.524316 0.017651 0.329161 0.128872
0.000632 0.014905 0.484011 0.500452
0.502410 0.138881 0.051660 0.307049
0.196143 0.100448 0.217439 0.485970
0.099652 0.479721 0.188764 0.231862
0.135127 0.259026 0.354467 0.251379
0.149876 0.270193 0.303510 0.276421

MOTIF M44 O44
letter-probability matrix: alength= 4 w= 9 nsites= 11187 E= 1337.0e-6
0.529364 0.014034 0.010369 0.446232
0.255519 0.325705 0.179566 0.239211
0.037064 0.555505 0.327019 0.080412
0.095299 0.136716 0.613995 0.153990
0.107564 0.143015 0.104442 0.644979
0.764974 0.102591 0.082383 0.050052
0.265486 0.366209 0.289802 0.078503
0.305691 0.346883 0.281084 0.066341
0.036281 0.411116 0.103441 0.449162

MOTIF M45 O45
letter-probability matrix: alength= 4 w= 9 nsites= 11187 E= 1337.0e-6
0.705462 0.001251 0.001609 0.291678
0.000000 0.646107 0.353804 0.000089
0.014471 0.563635 0.216700 0.205195
0.267598 0.123367 0.152667 0.456368
0.271275 0.081172 0.039627 0.607925
0.284333 0.314544 0.378650 0.022474
0.433806 0.073012 0.155024 0.338158
0.403331 0.150477 0.408478 0.037713
0.276737 0.069303 0.334442 0.319517

MOTIF M46 O46
letter-probability matrix: alength= 4 w= 9 nsites= 11187 E= 1337.0e-6
0.742826 0.044695 0.011531 0.200948
0.002056 0.056315 0.506481 0.435148
0.544828 0.226825 0.048855 0.179492
0.365004 0.360795 0.008149 0.266052
0.090097 0.373657 0.211790 0.324456
0.192191 0.195582 0.573825 0.038402
0.311115 0.056130 0.122415 0.510340
0.273581 0.167364 0.556919 0.002137
0.531667 0.033076 0.264518 0.170739

MOTIF M47 O47
letter-probability matrix: alength= 4 w= 9 nsites= 11187 E= 1337.0e-6
0.846588 0.021315 0.055794 0.076303
0.719415 0.036801 0.124405 0.119379
0.543975 0.191720 0.162343 0.101961
0.090509 0.342207 0.289150 0.278135
0.318001 0.338728 0.061802 0.281469
0.082246 0.209245 0.372460 0.336049
0.097960 0.709736 0.161459 0.030845
0.222541 0.248975 0.220492 0.307992
0.693370 0.182699 0.086298 0.037633

MOTIF M48 O48
letter-probability matrix: alength= 4 w= 9 nsites= 11121 E= 1337.0e-6
0.000090 0.000000 0.174715 0.825196
0.581789 0.034542 0.336197 0.047473
0.267697 0.465879 0.169923 0.096502
0.317114 0.162132 0.417216 0.103538
0.104894 0.057172 0.197530 0.640404
0.624917 0.013440 0.189400 0.172243
0.236034 0.216644 0.272701 0.274621
0.186459 0.008814 0.257361 0.547365
0.393523 0.134544 0.184985 0.286948

MOTIF M49 O49
letter-probability matrix: alength= 4 w= 9 nsites= 11185 E= 1337.0e-6
0.161645 0.155029 0.665802 0.017523
0.522541 0.013692 0.086345 0.377422
0.173615 0.014131 0.601999 0.210255
0.242250 0.621918 0.004027 0.131804
0.204243 0.354998 0.249365 0.191394
0.025197 0.022950 0.186326 0.765527
0.273353 0.557292 0.010249 0.159106
0.578893 0.390512 0.012719 0.017876
0.029407 0.370733 0.251182 0.348678

MOTIF M50 O50
letter-probability matrix: alength= 4 w= 9 nsites= 11186 E= 1337.0e-6
0.061416 0.286161 0.411050 0.241373
0.551424 0.250134 0.190736 0.007705
0.057612 0.033141 0.192613 0.716634
0.069167 0.011345 0.754620 0.164867
0.492671 0.018766 0.319111 0.169452
0.301196 0.382262 0.086150 0.230393
0.081335 0.031528 0.624275 0.262863
0.543149 0.318736 0.038641 0.099475
0.407165 0.075878 0.217168 0.299789

MOTIF M51 O51
letter-probability matrix: alength= 4 w= 9 nsites= 11187 E= 1337.0e-6
0.356792 0.183582 0.200036 0.259590
0.147277 0.601717 0.169811 0.081195
0.392633 0.358221 0.029200 0.219946
0.357266 0.301293 0.190071 0.151370
0.358213 0.315173 0.113230 0.213384
0.144564 0.022333 0.773366 0.059737
0.011179 0.029439 0.009968 0.949413
0.149046 0.566088 0.181635 0.103230
0.539774 0.350760 0.005885 0.103580

MOTIF M52 O52
letter-probability matrix: alength= 4 w= 9 nsites= 11186 E= 1337.0e-6
0.044252 0.393885 0.011979 0.549884
0.045845 0.379388 0.111927 0.462840
0.213289 0.171874 0.202395 0.412443
0.856936 0.059249 0.030257 0.053559
0.106641 0.104467 0.463351 0.325541
0.214719 0.141125 0.567990 0.076167
0.204030 0.374101 0.383371 0.038498
0.167563 0.051872 0.243329 0.537236
0.042145 0.275226 0.608285 0.074344

MOTIF M53 O53
letter-probability matrix: alength= 4 w= 9 nsites= 11187 E= 1337.0e-6
0.689852 0.032454 0.172374 0.105320
0.169201 0.616616 0.006171 0.208013
0.187236 0.057164 0.718208 0.037391
0.489928 0.058533 0.002376 0.449164
0.074081 0.246035 0.412476 0.267408
0.294414 0.192783 0.325952 0.186851
0.237799 0.212045 0.134983 0.415172
0.339846 0.234562 0.219174 0.206418
0.021016 0.439502 0.526933 0.012548

MOTIF M54 O54
letter-probability matrix: alength= 4 w= 9 nsites= 11187 E= 1337.0e-6
0.079145 0.197997 0.116079 0.606779
0.188222 0.038575 0.383872 0.389331
0.007257 0.484411 0.017739 0.490593
0.039317 0.244396 0.521602 0.194685
0.408147 0.358666 0.214416 0.018772
0.422881 0.154330 0.393587 0.029202
0.284033 0.441091 0.015416 0.259460
0.559639 0.369446 0.032530 0.038384
0.601733 0.043924 0.178353 0.175990

MOTIF M55 O55
letter-probability matrix: alength= 4 w= 9 nsites= 11187 E= 1337.0e-6
0.426055 0.259031 0.017257 0.297657
0.279587 0.446030 0.144100 0.130283
0.099639 0.320469 0.006943 0.572949
0.359648 0.393003 0.151364 0.095985
0.851842 0.006747 0.047958 0.093454
0.231667 0.483459 0.026190 0.258684
0.215390 0.191437 0.409940 0.183233
0.010968 0.175968 0.753761 0.059303
0.032612 0.230196 0.192954 0.544238

MOTIF M56 O56
letter-probability matrix: alength= 4 w= 9 nsites= 11136 E= 1337.0e-6
0.359824 0.249910 0.354346 0.035920
0.158866 0.118619 0.688267 0.034247
0.645293 0.124550 0.045463 0.184694
0.513886 0.307317 0.167114 0.011684
0.368981 0.060266 0.159527 0.411226
0.115984 0.079720 0.777922 0.026374
0.489340 0.090634 0.010407 0.409619
0.311643 0.011766 0.395948 0.280643
0.172492 0.575355 0.240950 0.011202

MOTIF M57 O57
letter-probability matrix: alength= 4 w= 9 nsites= 11187 E= 1337.0e-6
0.235184 0.355234 0.102530 0.307053
0.185566 0.049723 0.724468 0.040243
0.522684 0.003953 0.148864 0.324499
0.037705 0.379488 0.040141 0.542666
0.058054 0.762388 0.006583 0.172975
0.260196 0.041531 0.196547 0.501727
0.196251 0.494845 0.184067 0.124836
0.083971 0.273637 0.234155 0.408237
0.242661 0.241327 0.397064 0.118948

MOTIF M58 O58
letter-probability matrix: alength= 4 w= 9 nsites= 11187 E= 1337.0e-6
0.127329 0.723910 0.107976 0.040785
0.047884 0.215476 0.104865 0.631776
0.082612 0.016834 0.056242 0.844313
0.338899 0.580898 0.066388 0.013814
0.284541 0.249468 0.032742 0.433249
0.288621 0.489009 0.012780 0.209590
0.534777 0.006247 0.160454 0.298521
0.417143 0.193367 0.140072 0.249417
0.329386 0.203983 0.258450 0.208181

MOTIF M59 O59
letter-probability matrix: alength= 4 w= 9 nsites= 11184 E= 1337.0e-6
0.572872 0.067239 0.042740 0.317149
0.027877 0.002510 0.004572 0.965041
0.006670 0.093478 0.640726 0.259125
0.510275 0.280077 0.151954 0.057694
0.036564 0.690844 0.138426 0.134166
0.340586 0.314704 0.134976 0.209734
0.131904 0.267221 0.407869 0.193005
0.505818 0.144457 0.222283 0.127442
0.221951 0.394568 0.120067 0.263415

MOTIF M60 O60
letter-probability matrix: alength= 4 w= 9 nsites= 11178 E= 1337.0e-6
0.781356 0.006620 0.091251 0.120773
0.088359 0.563223 0.329868 0.018550
0.275897 0.168813 0.418859 0.136431
0.014312 0.152230 0.014312 0.819145
0.351843 0.499571 0.119821 0.028765
0.395183 0.257898 0.069910 0.277009
0.160122 0.086114 0.206968 0.546797
0.279845 0.162251 0.486454 0.071450
0.481362 0.071126 0.136510 0.311001

MOTIF M61 O61
letter-probability matrix: alength= 4 w= 9 nsites= 11186 E= 1337.0e-6
0.119166 0.108694 0.637086 0.135055
0.271269 0.133572 0.231481 0.363678
0.651993 0.010797 0.326966 0.010244
0.015709 0.286949 0.652259 0.045083
0.049834 0.385871 0.562732 0.001563
0.055416 0.168463 0.003829 0.772292
0.139620 0.053540 0.302526 0.504314
0.243548 0.256930 0.288263 0.211259
0.289584 0.162723 0.230061 0.317632

MOTIF M62 O62
letter-probability matrix: alength= 4 w= 9 nsites= 11187 E= 1337.0e-6
0.060964 0.818986 0.043443 0.076607
0.605866 0.017525 0.285318 0.091291
0.125660 0.676415 0.146767 0.051158
0.172435 0.325182 0.025353 0.477030
0.606885 0.121702 0.176635 0.094778
0.410405 0.076679 0.240914 0.272002
0.047267 0.246647 0.575417 0.130669
0.211083 0.056154 0.405045 0.327718
0.140987 0.125093 0.433901 0.300019

MOTIF M63 O63
letter-probability matrix: alength= 4 w= 9 nsites= 11180 E= 1337.0e-6
0.684436 0.000894 0.270394 0.044275
0.452029 0.009854 0.519663 0.018454
0.002652 0.722727 0.219129 0.055492
0.104711 0.350344 0.006882 0.538062
0.182106 0.107256 0.342390 0.368249
0.295344 0.229490 0.471619 0.003548
0.223793 0.447585 0.000223 0.328400
0.178671 0.347261 0.053097 0.420970
0.066765 0.236857 0.197570 0.498808

MOTIF M64 O64
letter-probability matrix: alength= 4 w= 9 nsites= 11187 E= 1337.0e-6
0.118452 0.814321 0.000447 0.066780
0.265302 0.390658 0.290539 0.053501
0.275726 0.359151 0.122014 0.243109
0.324645 0.341776 0.158593 0.174986
0.472417 0.016697 0.427675 0.083210
0.368202 0.089900 0.513504 0.028394
0.004281 0.120439 0.140637 0.734643
0.003686 0.518760 0.367546 0.110009
0.295525 0.213638 0.192323 0.298515

MOTIF M65 O65
letter-probability matrix: alength= 4 w= 9 nsites= 11186 E= 1337.0e-6
0.002356 0.520573 0.121987 0.355084
0.224444 0.223464 0.167206 0.384887
0.021965 0.567562 0.401255 0.009217
0.003669 0.228061 0.041943 0.726326
0.384615 0.369431 0.226374 0.019580
0.031659 0.446474 0.195028 0.326839
0.860265 0.002590 0.006940 0.130205
0.459499 0.095248 0.304669 0.140584
0.215457 0.143531 0.446350 0.194662

MOTIF M66 O66
letter-probability matrix: alength= 4 w= 9 nsites= 11187 E= 1337.0e-6
0.130913 0.083609 0.305285 0.480193
0.111201 0.201109 0.601091 0.086599
0.116098 0.039001 0.058456 0.786445
0.066320 0.037473 0.792134 0.104072
0.632704 0.166683 0.146938 0.053676
0.066098 0.473669 0.434736 0.025498
0.173125 0.298842 0.157021 0.371012
0.233385 0.379018 0.019742 0.367855
0.529808 0.353697 0.020961 0.095534

MOTIF M67 O67
letter-probability matrix: alength= 4 w= 9 nsites= 11187 E= 1337.0e-6
0.033074 0.033879 0.359524 0.573523
0.100250 0.193794 0.105884 0.600072
0.025675 0.237699 0.055556 0.681070
0.045250 0.633776 0.183965 0.137008
0.494421 0.089721 0.409326 0.006532
0.111719 0.288136 0.318936 0.281210
0.610314 0.179537 0.042195 0.167954
0.248538 0.428001 0.285674 0.037787
0.509574 0.112699 0.045537 0.332190

MOTIF M68 O68
letter-probability matrix: alength= 4 w= 9 nsites= 11187 E= 1337.0e-6
0.217216 0.025744 0.749263 0.007777
0.633288 0.009357 0.051732 0.305623
0.154006 0.596694 0.025924 0.223376
0.129349 0.289268 0.336730 0.244653
0.193474 0.423380 0.154074 0.229072
0.351626 0.526134 0.041461 0.080779
0.322541 0.062594 0.205049 0.409816
0.168933 0.474032 0.317941 0.039093
0.045336 0.555203 0.057657 0.341804

MOTIF M69 O69
letter-probability matrix: alength= 4 w= 9 nsites= 11187 E= 1337.0e-6
0.958702 0.000000 0.000000 0.041298
0.000089 0.399964 0.585106 0.014840
0.492338 0.089703 0.129850 0.288108
0.039128 0.254240 0.221305 0.485327
0.185232 0.081169 0.266492 0.467107
0.428857 0.271925 0.093250 0.205968
0.307046 0.350219 0.227181 0.115553
0.369427 0.109109 0.010479 0.510984
0.019577 0.264335 0.290963 0.425125

MOTIF M70 O70
letter-probability matrix: alength= 4 w= 9 nsites= 11186 E= 1337.0e-6
0.311338 0.009567 0.268419 0.410676
0.093812 0.200090 0.480897 0.225202
0.025592 0.339211 0.453337 0.181859
0.438497 0.036838 0.003283 0.521382
0.000092 0.174574 0.074528 0.750806
0.021873 0.301228 0.414812 0.262087
0.056924 0.568947 0.311414 0.062715
0.497004 0.052626 0.044737 0.405632
0.058634 0.161671 0.650116 0.129579

MOTIF M71 O71
letter-probability matrix: alength= 4 w= 9 nsites= 11184 E= 1337.0e-6
0.679095 0.015916 0.126609 0.178380
0.552366 0.054915 0.301583 0.091137
0.000449 0.339828 0.093194 0.566529
0.423336 0.270747 0.275547 0.030370
0.497591 0.136042 0.125461 0.240907
0.099316 0.518543 0.146036 0.236104
0.370338 0.003141 0.279250 0.347271
0.017488 0.561605 0.259757 0.161150
0.350346 0.049919 0.589569 0.010167

MOTIF M72 O72
letter-probability matrix: alength= 4 w= 9 nsites= 11183 E= 1337.0e-6
0.257713 0.193508 0.376285 0.172494
0.601646 0.090958 0.306144 0.001252
0.000716 0.015122 0.105225 0.878937
0.794652 0.131240 0.071370 0.002738
0.002980 0.460521 0.324767 0.211732
0.158835 0.159036 0.446486 0.235643
0.122789 0.113789 0.317265 0.446157
0.243423 0.336626 0.202083 0.217867
0.346846 0.227566 0.160595 0.264993

MOTIF M73 O73
letter-probability matrix: alength= 4 w= 9 nsites= 11169 E= 1337.0e-6
0.708121 0.143612 0.120602 0.027666
0.138717 0.000987 0.846119 0.014177
0.492889 0.441707 0.056074 0.009331
0.314596 0.153059 0.337634 0.194711
0.600433 0.178860 0.092627 0.128080
0.193396 0.374722 0.155450 0.276431
0.502649 0.096233 0.149892 0.251226
0.354051 0.043182 0.362747 0.240020
0.006886 0.536128 0.317166 0.139820

MOTIF M74 O74
letter-probability matrix: alength= 4 w= 9 nsites= 11183 E= 1337.0e-6
0.000000 0.000000 0.998212 0.001788
0.146916 0.422015 0.000000 0.431068
0.089278 0.580984 0.249977 0.079761
0.313198 0.220006 0.424771 0.042025
0.453689 0.145882 0.014831 0.385598
0.341555 0.236706 0.313983 0.107756
0.207620 0.125366 0.218304 0.448709
0.290759 0.396219 0.225506 0.087516
0.326250 0.214251 0.132859 0.326640

MOTIF M75 O75
letter-probability matrix: alength= 4 w= 9 nsites= 11187 E= 1337.0e-6
0.017431 0.948780 0.022347 0.011442
0.382545 0.116516 0.263167 0.237772
0.091617 0.523754 0.323969 0.060660
0.506681 0.002601 0.006636 0.484082
0.072453 0.110620 0.135072 0.681855
0.231148 0.188789 0.408800 0.171262
0.214744 0.280190 0.361439 0.143627
0.547825 0.160704 0.086330 0.205140
0.242158 0.257699 0.153971 0.346172

MOTIF M76 O76
letter-probability matrix: alength= 4 w= 9 nsites= 11086 E= 1337.0e-6
0.087768 0.049702 0.000992 0.861537
0.385922 0.525518 0.079430 0.009130
0.057161 0.077145 0.002974 0.862720
0.439354 0.078594 0.168241 0.313811
0.096636 0.208234 0.571143 0.123987
0.211094 0.169737 0.359957 0.259212
0.393234 0.071244 0.264279 0.271244
0.379963 0.136632 0.189371 0.294034
0.495797 0.267703 0.214646 0.021853

MOTIF M77 O77
letter-probability matrix: alength= 4 w= 9 nsites= 11187 E= 1337.0e-6
0.343434 0.054706 0.137660 0.464200
0.195852 0.526593 0.187360 0.090194
0.381782 0.140073 0.056941 0.421203
0.465266 0.242199 0.070273 0.222262
0.387855 0.000894 0.458862 0.152388
0.002148 0.540451 0.239753 0.217648
0.079882 0.396181 0.353864 0.170074
0.326401 0.008318 0.654430 0.010850
0.425775 0.399799 0.000000 0.174426

MOTIF M78 O78
letter-probability matrix: alength= 4 w= 9 nsites= 11180 E= 1337.0e-6
0.678086 0.057603 0.256887 0.007424
0.588203 0.117605 0.040224 0.253968
0.366304 0.000646 0.156486 0.476564
0.040818 0.829043 0.001345 0.128794
0.032131 0.279035 0.133006 0.555828
0.155949 0.346209 0.400111 0.097731
0.331933 0.134227 0.366455 0.167386
0.260955 0.053364 0.111673 0.574008
0.126698 0.208106 0.249565 0.415631

MOTIF M79 O79
letter-probability matrix: alength= 4 w= 9 nsites= 11187 E= 1337.0e-6
0.097792 0.537141 0.089747 0.275320
0.698245 0.019725 0.222313 0.059718
0.149304 0.343830 0.102893 0.403973
0.179982 0.629037 0.137586 0.053395
0.718469 0.001864 0.224611 0.055056
0.337619 0.093650 0.530041 0.038689
0.234903 0.143842 0.540300 0.080956
0.003198 0.241574 0.719434 0.035793
0.128582 0.326126 0.340711 0.204580

MOTIF M80 O80
letter-probability matrix: alength= 4 w= 9 nsites= 11187 E= 1337.0e-6
0.137123 0.005274 0.564048 0.293555
0.000447 0.991687 0.006615 0.001251
0.617705 0.251611 0.023093 0.107590
0.252396 0.239588 0.103090 0.404926
0.188146 0.027431 0.596457 0.187967
0.254282 0.282315 0.141969 0.321435
0.239174 0.119859 0.363834 0.277134
0.400952 0.126385 0.233080 0.239582
0.327529 0.050852 0.162468 0.459152

MOTIF M81 O81
letter-probability matrix: alength= 4 w= 9 nsites= 11185 E= 1337.0e-6
0.035294 0.161652 0.445083 0.357970
0.228753 0.544800 0.017533 0.208914
0.428074 0.059366 0.345752 0.166808
0.101300 0.142574 0.733321 0.022804
0.169095 0.659317 0.006423 0.165165
0.016572 0.439267 0.246929 0.297231
0.553587 0.051658 0.188323 0.206432
0.277145 0.108478 0.574785 0.039592
0.034708 0.453119 0.226258 0.285915

MOTIF M82 O82
letter-probability matrix: alength= 4 w= 9 nsites= 11098 E= 1337.0e-6
0.024239 0.269328 0.662101 0.044332
0.027233 0.484217 0.306891 0.181659
0.035595 0.067294 0.583793 0.313318
0.076787 0.760345 0.075349 0.087519
0.251390 0.007037 0.023153 0.718420
0.406046 0.162144 0.393565 0.038246
0.396298 0.302487 0.123771 0.177444
0.134146 0.172256 0.103072 0.590525
0.069535 0.256032 0.271603 0.402829

MOTIF M83 O83
letter-probability matrix: alength= 4 w= 9 nsites= 11137 E= 1337.0e-6
0.308970 0.247374 0.105774 0.337883
0.311291 0.002789 0.003059 0.682861
0.216390 0.556483 0.207121 0.020006
0.153990 0.052330 0.128763 0.664916
0.144116 0.610764 0.025962 0.219159
0.452429 0.391912 0.144021 0.011638
0.438470 0.477821 0.071793 0.011915
0.267936 0.077097 0.099228 0.555739
0.046387 0.218681 0.625118 0.109814

MOTIF M84 O84
letter-probability matrix: alength= 4 w= 9 nsites= 11187 E= 1337.0e-6
0.200054 0.114329 0.058550 0.627067
0.024408 0.386679 0.563433 0.025481
0.331596 0.078652 0.441079 0.148674
0.044799 0.909050 0.001352 0.044799
0.370036 0.077582 0.240394 0.311987
0.303389 0.083504 0.212530 0.400577
0.344598 0.097625 0.226227 0.331550
0.523985 0.104344 0.116336 0.255335
0.022647 0.196974 0.466743 0.313636

MOTIF M85 O85
letter-probability matrix: alength= 4 w= 9 nsites= 11187 E= 1337.0e-6
0.026549 0.075981 0.877179 0.020291
0.023609 0.030943 0.215883 0.729565
0.002598 0.281491 0.185630 0.530281
0.575747 0.044392 0.176487 0.203375
0.330610 0.303377 0.285403 0.080610
0.124213 0.399836 0.210824 0.265127
0.162985 0.499908 0.088533 0.248574
0.497755 0.012161 0.178017 0.312067
0.117925 0.184460 0.452584 0.245031

MOTIF M86 O86
letter-probability matrix: alength= 4 w= 9 nsites= 10961 E= 1337.0e-6
0.311559 0.098896 0.243865 0.345680
0.017098 0.009509 0.723782 0.249611
0.795654 0.127614 0.024513 0.052220
0.357388 0.235974 0.264133 0.142505
0.379914 0.029198 0.039423 0.551466
0.572261 0.395455 0.025291 0.006993
0.618624 0.008185 0.259193 0.113998
0.021302 0.244136 0.194710 0.539852
0.284398 0.415444 0.205479 0.094678

MOTIF M87 O87
letter-probability matrix: alength= 4 w= 9 nsites= 11179 E= 1337.0e-6
0.105650 0.549660 0.288746 0.055943
0.202661 0.164698 0.523913 0.108728
0.017660 0.342242 0.541441 0.098658
0.274766 0.165747 0.521828 0.037659
0.110464 0.608764 0.207939 0.072833
0.319484 0.377527 0.113977 0.189012
0.129937 0.222013 0.566667 0.081384
0.119526 0.437882 0.202266 0.240326
0.163307 0.814354 0.000770 0.021569

MOTIF M88 O88
letter-probability matrix: alength= 4 w= 9 nsites= 11187 E= 1337.0e-6
0.000447 0.415035 0.404487 0.180030
0.517800 0.050447 0.280501 0.151252
0.145415 0.501880 0.340168 0.012536
0.303861 0.313154 0.016871 0.366113
0.165851 0.635762 0.059181 0.139206
0.676264 0.106697 0.009567 0.207472
0.301700 0.077711 0.496526 0.124063
0.346260 0.078016 0.001834 0.573891
0.271679 0.000461 0.129151 0.598708

MOTIF M89 O89
letter-probability matrix: alength= 4 w= 9 nsites= 11181 E= 1337.0e-6
0.064395 0.005008 0.217601 0.712995
0.281009 0.257674 0.110124 0.351194
0.492858 0.024346 0.152547 0.330249
0.285946 0.096664 0.191979 0.425411
0.367582 0.249347 0.034849 0.348222
0.183707 0.621839 0.192558 0.001897
0.110693 0.673056 0.010730 0.205521
0.815471 0.015937 0.153774 0.014818
0.229808 0.106311 0.352836 0.311044

MOTIF M90 O90
letter-probability matrix: alength= 4 w= 9 nsites= 11187 E= 1337.0e-6
0.342362 0.069903 0.383034 0.204702
0.459365 0.395709 0.099598 0.045329
0.190945 0.008769 0.090999 0.709288
0.517678 0.362617 0.118360 0.001346
0.606898 0.026747 0.061149 0.305205
0.006052 0.248238 0.578320 0.167389
0.196573 0.135788 0.151918 0.515720
0.281005 0.030384 0.306141 0.382469
0.061215 0.518692 0.007570 0.412523

MOTIF M91 O91
letter-probability matrix: alength= 4 w= 9 nsites= 11185 E= 1337.0e-6
0.309660 0.002147 0.564937 0.123256
0.003393 0.890427 0.073354 0.032826
0.068624 0.554698 0.004809 0.371869
0.198719 0.064759 0.593163 0.143359
0.390450 0.195486 0.411765 0.002299
0.404637 0.138061 0.116030 0.341272
0.126197 0.273655 0.300600 0.299547
0.206458 0.250508 0.118144 0.424890
0.215710 0.267064 0.025460 0.491766

MOTIF M92 O92
letter-probability matrix: alength= 4 w= 9 nsites= 11187 E= 1337.0e-6
0.002503 0.008313 0.931706 0.057477
0.481042 0.347529 0.070889 0.100539
0.278610 0.294134 0.230144 0.197112
0.043045 0.357046 0.047304 0.552605
0.147962 0.187169 0.326997 0.337872
0.364543 0.307432 0.148545 0.179480
0.240911 0.303617 0.168564 0.286908
0.022177 0.587191 0.218091 0.172541
0.641794 0.008932 0.295311 0.053964

MOTIF M93 O93
letter-probability matrix: alength= 4 w= 9 nsites= 11180 E= 1337.0e-6
0.028891 0.519589 0.260465 0.191055
0.528036 0.044966 0.359729 0.067269
0.383404 0.162338 0.204959 0.249299
0.271787 0.075723 0.335540 0.316949
0.002003 0.650278 0.207594 0.140126
0.132917 0.365872 0.026453 0.474758
0.366450 0.158905 0.453759 0.020886
0.001514 0.477290 0.516654 0.004542
0.651755 0.136494 0.000858 0.210893

MOTIF M94 O94
letter-probability matrix: alength= 4 w= 9 nsites= 11187 E= 1337.0e-6
0.722617 0.150811 0.013122 0.113450
0.556523 0.003756 0.310370 0.129351
0.016192 0.014619 0.566155 0.403035
0.678040 0.074364 0.025259 0.222337
0.437303 0.101936 0.108515 0.352246
0.317836 0.368908 0.052437 0.260819
0.470366 0.071478 0.134617 0.323538
0.354552 0.067653 0.466374 0.111422
0.309230 0.018885 0.170774 0.501111

MOTIF M95 O95
letter-probability matrix: alength= 4 w= 9 nsites= 11184 E= 1337.0e-6
0.422300 0.153344 0.084227 0.340129
0.129918 0.041488 0.202164 0.626431
0.410470 0.020403 0.340850 0.228277
0.427561 0.356913 0.215258 0.000269
0.001793 0.407461 0.254573 0.336173
0.403746 0.133802 0.462453 0.000000
0.000907 0.187154 0.139526 0.672412
0.506107 0.217008 0.004867 0.272018
0.547463 0.086884 0.331824 0.033829

MOTIF M96 O96
letter-probability matrix: alength= 4 w= 9 nsites= 11187 E= 1337.0e-6
0.021139 0.217216 0.052759 0.708886
0.254152 0.223718 0.158722 0.363408
0.433711 0.289530 0.006206 0.270552
0.241283 0.153167 0.028561 0.576989
0.702185 0.212660 0.082987 0.002167
0.013920 0.214812 0.235101 0.536166
0.425475 0.007318 0.447985 0.119222
0.390726 0.087681 0.259110 0.262482
0.616047 0.084537 0.239552 0.059864

MOTIF M97 O97
letter-probability matrix: alength= 4 w= 9 nsites= 11187 E= 1337.0e-6
0.081030 0.560326 0.267686 0.090958
0.232301 0.318439 0.007268 0.441992
0.238644 0.461635 0.214356 0.085365
0.538475 0.260296 0.032063 0.169165
0.523435 0.047231 0.199330 0.230004
0.813836 0.107298 0.057135 0.021731
0.008285 0.107247 0.436180 0.448288
0.393181 0.062003 0.189152 0.355664
0.663380 0.042911 0.216620 0.077089

MOTIF M98 O98
letter-probability matrix: alength= 4 w= 9 nsites= 11187 E= 1337.0e-6
0.513989 0.000000 0.355055 0.130956
0.022437 0.742022 0.000000 0.235541
0.156610 0.005363 0.543935 0.294091
0.125526 0.564373 0.229042 0.081059
0.293907 0.176613 0.006362 0.523118
0.035409 0.375303 0.448189 0.141098
0.263220 0.152500 0.122270 0.462010
0.403504 0.084604 0.390977 0.120915
0.330507 0.292305 0.187728 0.189460

MOTIF M99 O99
letter-probability matrix: alength= 4 w= 9 nsites= 11187 E= 1337.0e-6
0.240365 0.018510 0.739158 0.001967
0.002795 0.028135 0.267002 0.702068
0.683906 0.121176 0.020429 0.174489
0.341976 0.501837 0.148530 0.007656
0.243571 0.461980 0.143803 0.150646
0.503924 0.320368 0.086319 0.089389
0.455924 0.122785 0.032649 0.388643
0.194919 0.317843 0.163376 0.323862
0.136336 0.070983 0.125688 0.666993

MOTIF M100 O100
letter-probability matrix: alength= 4 w= 9 nsites= 11187 E= 1337.0e-6
0.098418 0.003933 0.873425 0.024225
0.045634 0.720293 0.029259 0.204814
0.333575 0.137531 0.397260 0.131634
0.457646 0.244734 0.069116 0.228504
0.045893 0.608352 0.149059 0.196696
0.405420 0.062558 0.318730 0.213291
0.225494 0.336750 0.037551 0.400205
0.276273 0.161806 0.328158 0.233763
0.304281 0.155390 0.359518 0.180810

MOTIF M101 O101
letter-probability matrix: alength= 4 w= 9 nsites= 11187 E= 1337.0e-6
0.532225 0.120318 0.103692 0.243765
0.000000 0.630273 0.362562 0.007165
0.066718 0.816166 0.000768 0.116348
0.613779 0.000994 0.272592 0.112635
0.000100 0.447920 0.550376 0.001604
0.433426 0.044314 0.056399 0.465861
0.149131 0.166719 0.244042 0.440108
0.253535 0.280004 0.126714 0.339747
0.347736 0.195417 0.226623 0.230224

MOTIF M102 O102
letter-probability matrix: alength= 4 w= 9 nsites= 11187 E= 1337.0e-6
0.830249 0.027979 0.128900 0.012872
0.269380 0.555055 0.072117 0.103448
0.066819 0.350079 0.522240 0.060862
0.136246 0.039431 0.026772 0.797551
0.171567 0.114378 0.672159 0.041896
0.007380 0.439785 0.121995 0.430840
0.354102 0.241606 0.130380 0.273913
0.234839 0.232727 0.332317 0.200117
0.402476 0.214758 0.037135 0.345632

MOTIF M103 O103
letter-probability matrix: alength= 4 w= 9 nsites= 11187 E= 1337.0e-6
0.882989 0.000000 0.021811 0.095200
0.018538 0.775658 0.190758 0.015046
0.138620 0.165906 0.064841 0.630633
0.114421 0.380598 0.473547 0.031434
0.234984 0.191627 0.570406 0.002983
0.253393 0.066336 0.184829 0.495443
0.355072 0.229537 0.168912 0.246479
0.277011 0.119749 0.198746 0.404493
0.380408 0.169258 0.159632 0.290701

MOTIF M104 O104
letter-probability matrix: alength= 4 w= 9 nsites= 11187 E= 1337.0e-6
0.219809 0.000179 0.023599 0.756414
0.034378 0.725962 0.223277 0.016383
0.515809 0.006158 0.030882 0.447151
0.171638 0.088839 0.481461 0.258062
0.279358 0.243552 0.371658 0.105432
0.595763 0.092314 0.248081 0.063842
0.282486 0.064625 0.317871 0.335018
0.156128 0.532129 0.211250 0.100493
0.281753 0.127439 0.571825 0.018983

MOTIF M105 O105
letter-probability matrix: alength= 4 w= 9 nsites= 11187 E= 1337.0e-6
0.255028 0.427639 0.003576 0.313757
0.172395 0.001343 0.450680 0.375582
0.417131 0.460813 0.004764 0.117293
0.024676 0.417383 0.531347 0.026595
0.161407 0.064321 0.115331 0.658941
0.203956 0.429869 0.082150 0.284024
0.403271 0.128811 0.231782 0.236137
0.015770 0.251053 0.694779 0.038397
0.306202 0.257603 0.086861 0.349334

MOTIF M106 O106
letter-probability matrix: alength= 4 w= 9 nsites= 11187 E= 1337.0e-6
0.798695 0.025387 0.024225 0.151694
0.043458 0.513890 0.437792 0.004859
0.082001 0.663424 0.021774 0.232801
0.536822 0.029738 0.390810 0.042629
0.031859 0.174697 0.438784 0.354660
0.161155 0.164085 0.011999 0.662760
0.052944 0.226034 0.129041 0.591981
0.133149 0.209567 0.536970 0.120315
0.487918 0.168109 0.192273 0.151700

MOTIF M107 O107
letter-probability matrix: alength= 4 w= 9 nsites= 11187 E= 1337.0e-6
0.007063 0.630845 0.343853 0.018239
0.561829 0.383769 0.005458 0.048944
0.299140 0.292689 0.112704 0.295467
0.303750 0.007014 0.386386 0.302850
0.054578 0.726748 0.024808 0.193866
0.147806 0.304203 0.349838 0.198152
0.328821 0.027542 0.139669 0.503968
0.221616 0.137921 0.621540 0.018923
0.322019 0.337136 0.091272 0.249572

MOTIF M108 O108
letter-probability matrix: alength= 4 w= 9 nsites= 11187 E= 1337.0e-6
0.568796 0.006710 0.000179 0.424316
0.000448 0.492968 0.479979 0.026606
0.228919 0.349099 0.001892 0.420090
0.092631 0.299556 0.135231 0.472582
0.203382 0.280439 0.008867 0.507313
0.084200 0.119012 0.111214 0.685574
0.450640 0.171663 0.217241 0.160456
0.436230 0.385252 0.168924 0.009594
0.037459 0.431979 0.075493 0.455068

MOTIF M109 O109
letter-probability matrix: alength= 4 w= 9 nsites= 11187 E= 1337.0e-6
0.756213 0.212945 0.028339 0.002503
0.037561 0.010088 0.022609 0.929742
0.226269 0.008850 0.634187 0.130694
0.353443 0.024938 0.514099 0.107520
0.167226 0.195343 0.390785 0.246646
0.256095 0.158371 0.402072 0.183462
0.318144 0.454326 0.145002 0.082528
0.345867 0.203683 0.356391 0.094058
0.109600 0.293790 0.109600 0.487011

MOTIF M110 O110
letter-probability matrix: alength= 4 w= 9 nsites= 11182 E= 1337.0e-6
0.262386 0.057771 0.237703 0.442139
0.017902 0.045918 0.751253 0.184927
0.035421 0.176561 0.516400 0.271618
0.220421 0.352015 0.054121 0.373443
0.251445 0.320623 0.379359 0.048574
0.480885 0.004862 0.244637 0.269616
0.309409 0.653743 0.034924 0.001924
0.888607 0.011803 0.033554 0.066036
0.159452 0.132729 0.312691 0.395129

MOTIF M111 O111
letter-probability matrix: alength= 4 w= 9 nsites= 11187 E= 1337.0e-6
0.022973 0.328059 0.647895 0.001073
0.294055 0.424676 0.280107 0.001162
0.698927 0.079428 0.030054 0.191592
0.472252 0.183136 0.071429 0.273183
0.563863 0.072525 0.235078 0.128534
0.282691 0.306196 0.009906 0.401207
0.310929 0.060929 0.537705 0.090437
0.268288 0.105583 0.038511 0.587617
0.090918 0.428719 0.246227 0.234136

MOTIF M112 O112
letter-probability matrix: alength= 4 w= 9 nsites= 11164 E= 1337.0e-6
0.182999 0.109817 0.408456 0.298728
0.233106 0.434307 0.003406 0.329181
0.180915 0.111603 0.339418 0.368064
0.385173 0.011057 0.240711 0.363060
0.015886 0.002269 0.406772 0.575073
0.721640 0.014579 0.220319 0.043462
0.695313 0.131707 0.162983 0.009997
0.014776 0.194520 0.403442 0.387263
0.239534 0.057839 0.474064 0.228563

MOTIF M113 O113
letter-probability matrix: alength= 4 w= 9 nsites= 11185 E= 1337.0e-6
0.406080 0.101386 0.071167 0.421368
0.168723 0.072514 0.355597 0.403165
0.213129 0.115821 0.159288 0.511761
0.374251 0.001432 0.257046 0.367272
0.151971 0.724642 0.113172 0.010215
0.068966 0.095694 0.215837 0.619504
0.666728 0.246399 0.078892 0.007981
0.017917 0.101095 0.525808 0.355180
0.169622 0.419077 0.224329 0.186973

MOTIF M114 O114
letter-probability matrix: alength= 4 w= 9 nsites= 11180 E= 1337.0e-6
0.461002 0.098211 0.289893 0.150894
0.072678 0.467564 0.363661 0.096097
0.330099 0.179469 0.212116 0.278317
0.513197 0.417234 0.025760 0.043810
0.262794 0.256329 0.367875 0.113003
0.009512 0.402085 0.265618 0.322784
0.105946 0.324650 0.026418 0.542986
0.012513 0.022152 0.016684 0.948651
0.392296 0.343773 0.256077 0.007853

MOTIF M115 O115
letter-probability matrix: alength= 4 w= 9 nsites= 11187 E= 1337.0e-6
0.962635 0.000089 0.000000 0.037275
0.047713 0.245636 0.558231 0.148420
0.008273 0.431312 0.339758 0.220656
0.191923 0.374954 0.008985 0.424139
0.168374 0.176342 0.461772 0.193512
0.378936 0.176340 0.301037 0.143688
0.417806 0.350351 0.151113 0.080730
0.057233 0.274978 0.586692 0.081097
0.134783 0.431084 0.172088 0.262045

MOTIF M116 O116
letter-probability matrix: alength= 4 w= 9 nsites= 11187 E= 1337.0e-6
0.064450 0.448288 0.370341 0.116921
0.491106 0.120139 0.356575 0.032180
0.444444 0.229105 0.309019 0.017431
0.586768 0.131694 0.097273 0.184265
0.373669 0.175512 0.203347 0.247472
0.245940 0.090085 0.022073 0.641902
0.017868 0.327137 0.125259 0.529736
0.047307 0.505822 0.083424 0.363446
0.058650 0.136820 0.596078 0.208452

MOTIF M117 O117
letter-probability matrix: alength= 4 w= 9 nsites= 11021 E= 1337.0e-6
0.089919 0.421922 0.004990 0.483168
0.028566 0.531573 0.180041 0.259820
0.004806 0.198529 0.315645 0.481020
0.491360 0.130756 0.005394 0.372490
0.060429 0.382516 0.539027 0.018028
0.082877 0.494471 0.017257 0.405394
0.294478 0.081618 0.208742 0.415162
0.048146 0.273186 0.245137 0.433530
0.067184 0.733703 0.037029 0.162084

MOTIF M118 O118
letter-probability matrix: alength= 4 w= 9 nsites= 11187 E= 1337.0e-6
0.383123 0.125145 0.000805 0.490927
0.069998 0.033792 0.422761 0.473449
0.349095 0.648755 0.000896 0.001254
0.005341 0.580120 0.050516 0.364023
0.491238 0.107729 0.317930 0.083103
0.164479 0.001117 0.457693 0.376710
0.049259 0.247617 0.467585 0.235538
0.563130 0.054441 0.294863 0.087566
0.198841 0.325609 0.290161 0.185389

MOTIF M119 O119
letter-probability matrix: alength= 4 w= 9 nsites= 11187 E= 1337.0e-6
0.670277 0.074286 0.001790 0.253647
0.020606 0.032879 0.939169 0.007346
0.158319 0.671419 0.165633 0.004629
0.316729 0.244553 0.010558 0.428160
0.048304 0.517457 0.288137 0.146102
0.277749 0.118318 0.226174 0.377759
0.074797 0.233252 0.631923 0.060027
0.311716 0.264831 0.093451 0.330002
0.143674 0.350281 0.287457 0.218588

MOTIF M120 O120
letter-probability matrix: alength= 4 w= 9 nsites= 11187 E= 1337.0e-6
0.521008 0.145986 0.101019 0.231986
0.276149 0.084123 0.389594 0.250134
0.529264 0.096653 0.256578 0.117505
0.553832 0.081219 0.356970 0.007978
0.017604 0.464656 0.506545 0.011194
0.246208 0.370052 0.072974 0.310766
0.199270 0.514828 0.235756 0.050145
0.006825 0.460000 0.027678 0.505498
0.081138 0.669967 0.169871 0.079023

MOTIF M121 O121
letter-probability matrix: alength= 4 w= 9 nsites= 11187 E= 1337.0e-6
0.001073 0.997497 0.000358 0.001073
0.495351 0.000626 0.164431 0.339592
0.038723 0.407083 0.303792 0.250402
0.405741 0.258183 0.108210 0.227866
0.307396 0.203560 0.068241 0.420803
0.293191 0.003310 0.640780 0.062718
0.419343 0.166966 0.241880 0.171811
0.321297 0.308780 0.159118 0.210806
0.222586 0.028938 0.282009 0.466466

MOTIF M122 O122
letter-probability matrix: alength= 4 w= 9 nsites= 11181 E= 1337.0e-6
0.210446 0.247563 0.196852 0.345139
0.469678 0.164401 0.335957 0.029964
0.048319 0.432452 0.135276 0.383953
0.298636 0.397364 0.148091 0.155909
0.005168 0.744070 0.107337 0.143424
0.061815 0.076034 0.394984 0.467167
0.377946 0.014083 0.497403 0.110567
0.008563 0.058628 0.588798 0.344011
0.729309 0.009923 0.114783 0.145985

MOTIF M123 O123
letter-probability matrix: alength= 4 w= 9 nsites= 11187 E= 1337.0e-6
0.124016 0.070866 0.134843 0.670276
0.748814 0.019883 0.025629 0.205673
0.276017 0.554558 0.113043 0.056381
0.079748 0.254083 0.622825 0.043344
0.294218 0.113379 0.284580 0.307823
0.152179 0.023696 0.485354 0.338771
0.544696 0.089268 0.042206 0.323830
0.366658 0.254470 0.125535 0.253337
0.345455 0.528041 0.008195 0.118310

MOTIF M124 O124
letter-probability matrix: alength= 4 w= 9 nsites= 11184 E= 1337.0e-6
0.069921 0.165683 0.047747 0.716649
0.097762 0.498478 0.402328 0.001432
0.002624 0.376075 0.002353 0.618949
0.583303 0.066992 0.305013 0.044692
0.368923 0.097231 0.414946 0.118900
0.494441 0.157905 0.327492 0.020162
0.283659 0.182373 0.321868 0.212101
0.317140 0.009440 0.550005 0.123414
0.101420 0.554080 0.155347 0.189153

MOTIF M125 O125
letter-probability matrix: alength= 4 w= 9 nsites= 11187 E= 1337.0e-6
0.596388 0.043723 0.266720 0.093169
0.367654 0.064585 0.408444 0.159317
0.221257 0.278474 0.335870 0.164398
0.031821 0.089369 0.357834 0.520975
0.003790 0.702698 0.254624 0.038888
0.767531 0.012558 0.197360 0.022550
0.099972 0.232256 0.458161 0.209611
0.056052 0.321322 0.031099 0.591527
0.056524 0.389637 0.216392 0.337447

MOTIF M126 O126
letter-probability matrix: alength= 4 w= 9 nsites= 11187 E= 1337.0e-6
0.355770 0.086708 0.539019 0.018504
0.173863 0.648789 0.012425 0.164924
0.200268 0.038087 0.270362 0.491283
0.025572 0.220851 0.108906 0.644671
0.427855 0.237648 0.085661 0.248836
0.356157 0.002151 0.472307 0.169385
0.083288 0.239634 0.670077 0.007001
0.335183 0.413338 0.192612 0.058866
0.193847 0.199036 0.315882 0.291234

MOTIF M127 O127
letter-probability matrix: alength= 4 w= 9 nsites= 11001 E= 1337.0e-6
0.279520 0.186165 0.200800 0.333515
0.252159 0.128625 0.507408 0.111808
0.127070 0.138954 0.453261 0.280715
0.453640 0.061877 0.007950 0.476533
0.345456 0.109303 0.045682 0.499559
0.055887 0.905234 0.005670 0.033208
0.134958 0.559428 0.002860 0.302754
0.332469 0.176496 0.255131 0.235904
0.035573 0.023166 0.733970 0.207290

MOTIF M128 O128
letter-probability matrix: alength= 4 w= 9 nsites= 11187 E= 1337.0e-6
0.773040 0.001609 0.063735 0.161616
0.040046 0.393135 0.263073 0.303745
0.565797 0.068925 0.347399 0.017879
0.399875 0.376542 0.096907 0.126676
0.036404 0.027281 0.394007 0.542308
0.133674 0.374630 0.260885 0.230811
0.495943 0.381085 0.004327 0.118644
0.272190 0.276555 0.358949 0.092306
0.178997 0.008973 0.185497 0.626534

MOTIF M129 O129
letter-probability matrix: alength= 4 w= 9 nsites= 11185 E= 1337.0e-6
0.031918 0.356191 0.569692 0.042199
0.002067 0.534292 0.035865 0.427775
0.547468 0.009348 0.380378 0.062806
0.009595 0.488440 0.445399 0.056566
0.084389 0.434892 0.071256 0.409463
0.480975 0.087910 0.013308 0.417807
0.306697 0.383300 0.138755 0.171248
0.279392 0.147489 0.136329 0.436790
0.334718 0.029261 0.308740 0.327282

MOTIF M130 O130
letter-probability matrix: alength= 4 w= 9 nsites= 11143 E= 1337.0e-6
0.180472 0.102306 0.694876 0.022346
0.722463 0.026724 0.223185 0.027627
0.400673 0.011739 0.367367 0.220220
0.024164 0.716137 0.041941 0.217758
0.289884 0.223658 0.089004 0.397454
0.068949 0.035776 0.467985 0.427290
0.087058 0.155849 0.442188 0.314905
0.005460 0.468656 0.248903 0.276982
0.189614 0.167880 0.382868 0.259638

MOTIF M131 O131
letter-probability matrix: alength= 4 w= 9 nsites= 11187 E= 1337.0e-6
0.085456 0.359971 0.299455 0.255118
0.446947 0.048717 0.128810 0.375525
0.291965 0.361399 0.224141 0.122495
0.020982 0.308780 0.371454 0.298784
0.009021 0.001276 0.818024 0.171679
0.797646 0.148869 0.000278 0.053207
0.079437 0.660055 0.096911 0.163597
0.329114 0.159847 0.204102 0.306937
0.150981 0.322187 0.412895 0.113937

MOTIF M132 O132
letter-probability matrix: alength= 4 w= 9 nsites= 11187 E= 1337.0e-6
0.212389 0.000179 0.662555 0.124877
0.003312 0.727175 0.240602 0.028912
0.199709 0.171997 0.191350 0.436943
0.064798 0.386422 0.350564 0.198216
0.333669 0.344285 0.289192 0.032854
0.427576 0.271085 0.000183 0.301155
0.588003 0.052545 0.217803 0.141650
0.342738 0.099352 0.057077 0.500833
0.024408 0.520621 0.333209 0.121762

MOTIF M133 O133
letter-probability matrix: alength= 4 w= 9 nsites= 11187 E= 1337.0e-6
0.793868 0.024493 0.008134 0.173505
0.213157 0.000090 0.020463 0.766290
0.000371 0.493740 0.505889 0.000000
0.136557 0.146544 0.002274 0.714625
0.198954 0.160517 0.447929 0.192599
0.138930 0.314231 0.403362 0.143476
0.275621 0.313464 0.264683 0.146232
0.071810 0.421632 0.129057 0.377501
0.252304 0.195737 0.252304 0.299654

MOTIF M134 O134
letter-probability matrix: alength= 4 w= 9 nsites= 11187 E= 1337.0e-6
0.203200 0.093689 0.361970 0.341141
0.056231 0.059002 0.628911 0.255856
0.291078 0.026998 0.296621 0.385303
0.334555 0.531247 0.062494 0.071703
0.479617 0.105188 0.393692 0.021503
0.736662 0.006018 0.017514 0.239806
0.054554 0.681966 0.073399 0.190081
0.256567 0.132260 0.391417 0.219756
0.165541 0.150816 0.450478 0.233165

MOTIF M135 O135
letter-probability matrix: alength= 4 w= 9 nsites= 11187 E= 1337.0e-6
0.010637 0.056941 0.895772 0.036650
0.112345 0.761512 0.013618 0.112525
0.182468 0.029037 0.335165 0.453330
0.088535 0.556029 0.037229 0.318207
0.393066 0.037975 0.110901 0.458058
0.333239 0.250830 0.324798 0.091133
0.332888 0.164295 0.132391 0.370427
0.172024 0.443189 0.233710 0.151076
0.387036 0.192289 0.188158 0.232517

MOTIF M136 O136
letter-probability matrix: alength= 4 w= 9 nsites= 11187 E= 1337.0e-6
0.027621 0.150979 0.036739 0.784661
0.332409 0.128421 0.033715 0.505455
0.012277 0.608119 0.104579 0.275025
0.506524 0.155763 0.314154 0.023559
0.071889 0.328638 0.415160 0.184313
0.575177 0.194294 0.215118 0.015411
0.220945 0.105005 0.615014 0.059036
0.160248 0.211159 0.145876 0.482717
0.334199 0.184127 0.435402 0.046272

MOTIF M137 O137
letter-probability matrix: alength= 4 w= 9 nsites= 11186 E= 1337.0e-6
0.363132 0.293492 0.339710 0.003665
0.145147 0.368990 0.087430 0.398433
0.429223 0.056714 0.476346 0.037717
0.714744 0.140929 0.000000 0.144327
0.305492 0.065469 0.506366 0.122672
0.016033 0.005664 0.517857 0.460445
0.025498 0.338629 0.000981 0.634893
0.494928 0.254293 0.161494 0.089284
0.365314 0.180832 0.100406 0.353448

MOTIF M138 O138
letter-probability matrix: alength= 4 w= 9 nsites= 11184 E= 1337.0e-6
0.162643 0.214771 0.191345 0.431241
0.028702 0.261356 0.126878 0.583065
0.229908 0.397545 0.181077 0.191470
0.248242 0.309176 0.199748 0.242834
0.573248 0.120936 0.284592 0.021225
0.005426 0.013928 0.468029 0.512616
0.415483 0.577645 0.000092 0.006780
0.893637 0.012745 0.057539 0.036079
0.109767 0.233826 0.376465 0.279943

MOTIF M139 O139
letter-probability matrix: alength= 4 w= 9 nsites= 11165 E= 1337.0e-6
0.169100 0.399015 0.158083 0.273802
0.305416 0.569584 0.036854 0.088146
0.274417 0.404063 0.101312 0.220208
0.605168 0.011721 0.031103 0.352007
0.018838 0.687388 0.261938 0.031836
0.207039 0.436749 0.033230 0.322981
0.332222 0.197418 0.433782 0.036579
0.091385 0.121995 0.757792 0.028829
0.222999 0.046501 0.030123 0.700378

MOTIF M140 O140
letter-probability matrix: alength= 4 w= 9 nsites= 11177 E= 1337.0e-6
0.015836 0.077302 0.865348 0.041514
0.153686 0.315946 0.007220 0.523148
0.235886 0.201208 0.259402 0.303504
0.273852 0.298236 0.221853 0.206059
0.226396 0.104114 0.481408 0.188082
0.579890 0.078753 0.186315 0.155042
0.566852 0.005738 0.313791 0.113619
0.020522 0.600353 0.371760 0.007364
0.140289 0.475103 0.000413 0.384194

MOTIF M141 O141
letter-probability matrix: alength= 4 w= 9 nsites= 11187 E= 1337.0e-6
0.208438 0.168936 0.309925 0.312702
0.519796 0.079541 0.370208 0.030455
0.599534 0.080756 0.227301 0.092408
0.003319 0.647143 0.167997 0.181541
0.310938 0.272651 0.250813 0.165598
0.662233 0.002904 0.240821 0.094043
0.026049 0.369663 0.604006 0.000282
0.439677 0.051353 0.001044 0.507926
0.143062 0.098110 0.192689 0.566139

MOTIF M142 O142
letter-probability matrix: alength= 4 w= 9 nsites= 11187 E= 1337.0e-6
0.139626 0.150621 0.617860 0.091892
0.190864 0.010013 0.062489 0.736635
0.024779 0.518562 0.317739 0.138921
0.573656 0.101882 0.223477 0.100986
0.136755 0.670406 0.022344 0.170495
0.431295 0.062969 0.294787 0.210949
0.285079 0.421578 0.080374 0.212969
0.118275 0.092063 0.301941 0.487722
0.188774 0.087406 0.645350 0.078470

MOTIF M143 O143
letter-probability matrix: alength= 4 w= 9 nsites= 11187 E= 1337.0e-6
0.194243 0.313310 0.062662 0.429785
0.000358 0.000715 0.994994 0.003933
0.230260 0.134043 0.004292 0.631405
0.313764 0.052264 0.143279 0.490693
0.132371 0.133985 0.310808 0.422836
0.144774 0.375529 0.364725 0.114973
0.188078 0.572658 0.127741 0.111524
0.349219 0.217723 0.177961 0.255096
0.269141 0.331121 0.087501 0.312237

MOTIF M144 O144
letter-probability matrix: alength= 4 w= 9 nsites= 11187 E= 1337.0e-6
0.390006 0.393939 0.000179 0.215876
0.023252 0.000000 0.933822 0.042926
0.166697 0.084158 0.027903 0.721242
0.059271 0.338590 0.562262 0.039877
0.391823 0.347910 0.120095 0.140172
0.261201 0.279048 0.299870 0.159881
0.383376 0.188923 0.173461 0.254240
0.366066 0.205308 0.081517 0.347109
0.130885 0.147186 0.220635 0.501294

MOTIF M145 O145
letter-probability matrix: alength= 4 w= 9 nsites= 11187 E= 1337.0e-6
0.218688 0.455346 0.039802 0.286164
0.132535 0.193276 0.078481 0.595709
0.037041 0.088803 0.013128 0.861028
0.774870 0.030137 0.191403 0.003590
0.189462 0.110044 0.225604 0.474891
0.145250 0.001636 0.442969 0.410145
0.156278 0.527057 0.076328 0.240337
0.196755 0.206041 0.266150 0.331054
0.277679 0.335703 0.132462 0.254156

MOTIF M146 O146
letter-probability matrix: alength= 4 w= 9 nsites= 11187 E= 1337.0e-6
0.002504 0.017975 0.319442 0.660079
0.791887 0.204621 0.003492 0.000000
0.001983 0.095925 0.363866 0.538226
0.430867 0.264709 0.036391 0.268034
0.454631 0.220700 0.201088 0.123581
0.364579 0.106992 0.164906 0.363523
0.439548 0.191595 0.232644 0.136213
0.035056 0.456823 0.208061 0.300059
0.130680 0.052621 0.267515 0.549185

MOTIF M147 O147
letter-probability matrix: alength= 4 w= 9 nsites= 11187 E= 1337.0e-6
0.060170 0.935449 0.004381 0.000000
0.012570 0.140510 0.000000 0.846920
0.535753 0.026068 0.348660 0.089518
0.307643 0.073140 0.362681 0.256537
0.181298 0.192733 0.313169 0.312800
0.425696 0.137333 0.188391 0.248579
0.243879 0.079981 0.399040 0.277100
0.440264 0.007879 0.301684 0.250172
0.165221 0.172799 0.158640 0.503340

MOTIF M148 O148
letter-probability matrix: alength= 4 w= 9 nsites= 11187 E= 1337.0e-6
0.040404 0.786896 0.128274 0.044427
0.120329 0.334078 0.203826 0.341766
0.584659 0.060164 0.244860 0.110316
0.089763 0.119535 0.418775 0.371927
0.281893 0.158705 0.503400 0.056003
0.399086 0.145008 0.023839 0.432067
0.251036 0.539106 0.127591 0.082267
0.510969 0.215265 0.202285 0.071481
0.055417 0.140293 0.030010 0.774280

MOTIF M149 O149
letter-probability matrix: alength= 4 w= 9 nsites= 11187 E= 1337.0e-6
0.638802 0.135896 0.127224 0.098078
0.050622 0.471961 0.027278 0.450139
0.089913 0.494027 0.110931 0.305129
0.527179 0.426846 0.043090 0.002885
0.028442 0.300543 0.209330 0.461685
0.169558 0.243030 0.096358 0.491054
0.357546 0.022968 0.541196 0.078290
0.182243 0.198202 0.427038 0.192516
0.654231 0.051102 0.272727 0.021940

MOTIF M150 O150
letter-probability matrix: alength= 4 w= 9 nsites= 11187 E= 1337.0e-6
0.014302 0.082685 0.013230 0.889783
0.589971 0.376687 0.013766 0.019576
0.404077 0.146433 0.188897 0.260594
0.187729 0.424023 0.059029 0.329219
0.104603 0.193176 0.232581 0.469640
0.418079 0.073088 0.271186 0.237647
0.095910 0.025079 0.617258 0.261753
0.297082 0.206124 0.477373 0.019420
0.151629 0.223554 0.407668 0.217149

MOTIF M151 O151
letter-probability matrix: alength= 4 w= 9 nsites= 11142 E= 1337.0e-6
0.182104 0.000269 0.807754 0.009873
0.000816 0.051587 0.315956 0.631641
0.874504 0.067497 0.051176 0.006823
0.081041 0.187727 0.282570 0.448662
0.382756 0.235266 0.115351 0.266628
0.334942 0.330313 0.066772 0.267973
0.392311 0.120773 0.244968 0.241948
0.265588 0.049964 0.355688 0.328760
0.527149 0.105285 0.151205 0.216362

MOTIF M152 O152
letter-probability matrix: alength= 4 w= 9 nsites= 11183 E= 1337.0e-6
0.378342 0.019852 0.003845 0.597961
0.378136 0.229928 0.035932 0.356004
0.049011 0.450719 0.250000 0.250270
0.380641 0.035231 0.073277 0.510851
0.004679 0.488899 0.452110 0.054312
0.338722 0.583349 0.017328 0.060600
0.389443 0.070586 0.422193 0.117779
0.121040 0.104991 0.106337 0.667633
0.010011 0.381701 0.464263 0.144026

MOTIF M153 O153
letter-probability matrix: alength= 4 w= 9 nsites= 11182 E= 1337.0e-6
0.192989 0.004829 0.726078 0.076104
0.002470 0.710849 0.268112 0.018569
0.189147 0.108140 0.144574 0.558140
0.208063 0.110423 0.169912 0.511603
0.104136 0.202990 0.044943 0.647932
0.456784 0.130452 0.178291 0.234472
0.205565 0.611957 0.016937 0.165541
0.364838 0.359983 0.203181 0.071997
0.600398 0.190316 0.029658 0.179627

MOTIF M154 O154
letter-probability matrix: alength= 4 w= 9 nsites= 11187 E= 1337.0e-6
0.058461 0.408420 0.008403 0.524716
0.014573 0.040590 0.831560 0.113277
0.082998 0.071716 0.300385 0.544901
0.048894 0.057882 0.319612 0.573611
0.334929 0.181646 0.385512 0.097913
0.520729 0.165285 0.210661 0.103326
0.387470 0.481260 0.058699 0.072570
0.387969 0.070540 0.118627 0.422865
0.174402 0.386067 0.347089 0.092443

MOTIF M155 O155
letter-probability matrix: alength= 4 w= 9 nsites= 11187 E= 1337.0e-6
0.155462 0.017433 0.092795 0.734311
0.305024 0.147416 0.414357 0.133202
0.222510 0.239138 0.223672 0.314679
0.218725 0.190825 0.575785 0.014665
0.000537 0.128288 0.236804 0.634371
0.324295 0.371072 0.297181 0.007452
0.880492 0.045833 0.002531 0.071144
0.012761 0.474797 0.220399 0.292043
0.330345 0.305976 0.237815 0.125864

MOTIF M156 O156
letter-probability matrix: alength= 4 w= 9 nsites= 11032 E= 1337.0e-6
0.010334 0.958031 0.020939 0.010696
0.267612 0.158110 0.252388 0.321890
0.248509 0.082020 0.623882 0.045590
0.119695 0.135691 0.679434 0.065180
0.186136 0.400154 0.292815 0.120895
0.142011 0.342905 0.271285 0.243799
0.108332 0.493143 0.196035 0.202489
0.272514 0.078079 0.270635 0.378772
0.097342 0.139161 0.722977 0.040520

MOTIF M157 O157
letter-probability matrix: alength= 4 w= 9 nsites= 11067 E= 1337.0e-6
0.483690 0.247764 0.087467 0.181079
0.580004 0.069788 0.116163 0.234044
0.251666 0.189004 0.549148 0.010181
0.071875 0.177008 0.448923 0.302194
0.134204 0.026616 0.796145 0.043035
0.191590 0.039115 0.319945 0.449350
0.161539 0.287598 0.434666 0.116197
0.124522 0.196130 0.655078 0.024270
0.201086 0.650787 0.139154 0.008974

MOTIF M158 O158
letter-probability matrix: alength= 4 w= 9 nsites= 11103 E= 1337.0e-6
0.253805 0.425921 0.169053 0.151220
0.011049 0.074696 0.044288 0.869966
0.100601 0.033064 0.020571 0.845764
0.587660 0.120238 0.244794 0.047308
0.126659 0.285812 0.203942 0.383587
0.452324 0.292710 0.012118 0.242849
0.219716 0.065854 0.059712 0.654718
0.224938 0.115641 0.438748 0.220674
0.239783 0.197856 0.272689 0.289672

MOTIF M159 O159
letter-probability matrix: alength= 4 w= 9 nsites= 11187 E= 1337.0e-6
0.864742 0.000268 0.005811 0.129179
0.003674 0.116150 0.583169 0.297007
0.181365 0.121679 0.102675 0.594280
0.166291 0.135323 0.658127 0.040259
0.326511 0.127534 0.419386 0.126569
0.407159 0.360221 0.023666 0.208954
0.150493 0.129392 0.027371 0.692744
0.171697 0.354405 0.124796 0.349103
0.311056 0.204517 0.016399 0.468028

MOTIF M160 O160
letter-probability matrix: alength= 4 w= 9 nsites= 11187 E= 1337.0e-6
0.390682 0.261289 0.168112 0.179916
0.097450 0.624430 0.077584 0.200537
0.140343 0.256760 0.353103 0.249794
0.482784 0.046552 0.469287 0.001377
0.084932 0.096459 0.226577 0.592032
0.063865 0.275634 0.527470 0.133030
0.355869 0.494930 0.048075 0.101127
0.010588 0.425257 0.429974 0.134180
0.270072 0.007130 0.001270 0.721528

MOTIF M161 O161
letter-probability matrix: alength= 4 w= 9 nsites= 11174 E= 1337.0e-6
0.000268 0.163773 0.259084 0.576875
0.914432 0.076570 0.008908 0.000090
0.016906 0.228140 0.641429 0.113525
0.405830 0.037195 0.000473 0.556502
0.342871 0.125665 0.165491 0.365974
0.236429 0.103869 0.249425 0.410277
0.387010 0.107974 0.219257 0.285759
0.141071 0.475203 0.101792 0.281934
0.331835 0.043874 0.275869 0.348422

MOTIF M162 O162
letter-probability matrix: alength= 4 w= 9 nsites= 11187 E= 1337.0e-6
0.008230 0.121567 0.471599 0.398605
0.331913 0.162919 0.463735 0.041432
0.394322 0.299451 0.199817 0.106410
0.622780 0.130739 0.227988 0.018493
0.247023 0.006513 0.100670 0.645795
0.111016 0.652480 0.201276 0.035228
0.466261 0.034621 0.282071 0.217046
0.241417 0.300853 0.168783 0.288946
0.100616 0.808364 0.022629 0.068391

MOTIF M163 O163
letter-probability matrix: alength= 4 w= 9 nsites= 11187 E= 1337.0e-6
0.509730 0.122949 0.007174 0.360147
0.235092 0.618811 0.144832 0.001265
0.017105 0.588560 0.012599 0.381736
0.178744 0.697874 0.036467 0.086915
0.464905 0.163287 0.002047 0.369760
0.143514 0.492449 0.314231 0.049805
0.546079 0.053921 0.295336 0.104664
0.482074 0.234127 0.204094 0.079705
0.353635 0.273065 0.337798 0.035502

MOTIF M164 O164
letter-probability matrix: alength= 4 w= 9 nsites= 11187 E= 1337.0e-6
0.220275 0.385661 0.277669 0.116395
0.571211 0.014591 0.226658 0.187539
0.330105 0.038382 0.231549 0.399964
0.028255 0.670926 0.248898 0.051921
0.039040 0.688879 0.185325 0.086756
0.342471 0.003755 0.220428 0.433346
0.172928 0.095054 0.670568 0.061450
0.729905 0.074095 0.033810 0.162190
0.134450 0.451005 0.213589 0.200957

MOTIF M165 O165
letter-probability matrix: alength= 4 w= 9 nsites= 11187 E= 1337.0e-6
0.009028 0.752391 0.151336 0.087244
0.078610 0.737331 0.026840 0.157220
0.585894 0.040746 0.277351 0.096010
0.175723 0.118184 0.692156 0.013937
0.378654 0.108160 0.019613 0.493573
0.201765 0.189197 0.196776 0.412261
0.156302 0.182059 0.469690 0.191950
0.481946 0.104514 0.169709 0.243831
0.576690 0.045207 0.232089 0.146014

MOTIF M166 O166
letter-probability matrix: alength= 4 w= 9 nsites= 11128 E= 1337.0e-6
0.497394 0.049694 0.115205 0.337707
0.072888 0.172501 0.247548 0.507064
0.291629 0.043839 0.148746 0.515786
0.292522 0.142780 0.274618 0.290080
0.754799 0.171315 0.063926 0.009960
0.415274 0.069651 0.355158 0.159916
0.001647 0.213704 0.303815 0.480834
0.334886 0.026828 0.622357 0.015929
0.019103 0.575176 0.013876 0.391846

MOTIF M167 O167
letter-probability matrix: alength= 4 w= 9 nsites= 11187 E= 1337.0e-6
0.466511 0.115330 0.009312 0.408847
0.277598 0.082750 0.009244 0.630407
0.174157 0.040239 0.300841 0.484764
0.402290 0.158971 0.131703 0.307035
0.340664 0.387571 0.128308 0.143457
0.469775 0.003686 0.290914 0.235625
0.343564 0.286272 0.341611 0.028553
0.004248 0.507977 0.059096 0.428679
0.854860 0.014256 0.123995 0.006889

MOTIF M168 O168
letter-probability matrix: alength= 4 w= 9 nsites= 11187 E= 1337.0e-6
0.137302 0.123089 0.011621 0.727988
0.012095 0.073822 0.878516 0.035567
0.326516 0.078993 0.580674 0.013817
0.273379 0.541246 0.105457 0.079919
0.364287 0.252091 0.004369 0.379253
0.080378 0.137395 0.592296 0.189931
0.352605 0.394801 0.028325 0.224270
0.306892 0.089535 0.191439 0.412134
0.393537 0.189730 0.258128 0.158604

MOTIF M169 O169
letter-probability matrix: alength= 4 w= 9 nsites= 11187 E= 1337.0e-6
0.467239 0.012068 0.000089 0.520604
0.013412 0.257600 0.319474 0.409514
0.151111 0.263794 0.553207 0.031888
0.020650 0.145089 0.346382 0.487879
0.627529 0.096369 0.033327 0.242775
0.090280 0.453129 0.294980 0.161611
0.300028 0.194114 0.069922 0.435936
0.463698 0.039989 0.275950 0.220363
0.208868 0.062440 0.720647 0.008044

MOTIF M170 O170
letter-probability matrix: alength= 4 w= 9 nsites= 11187 E= 1337.0e-6
0.963618 0.012246 0.000536 0.023599
0.198605 0.301082 0.423679 0.076634
0.032443 0.442284 0.372020 0.153253
0.048646 0.640794 0.271029 0.039531
0.636870 0.000914 0.031624 0.330591
0.344929 0.149857 0.449571 0.055643
0.333613 0.178492 0.168250 0.319646
0.353556 0.191992 0.297221 0.157230
0.084058 0.354189 0.341484 0.220269

MOTIF M171 O171
letter-probability matrix: alength= 4 w= 9 nsites= 11187 E= 1337.0e-6
0.028694 0.128900 0.841423 0.000983
0.611447 0.155205 0.182515 0.050834
0.049955 0.337353 0.315866 0.296827
0.218267 0.133551 0.021715 0.626468
0.095432 0.278052 0.252464 0.374052
0.232627 0.307942 0.142898 0.316533
0.415475 0.242488 0.115388 0.226649
0.117969 0.048745 0.271801 0.561484
0.000097 0.776195 0.209848 0.013861

MOTIF M172 O172
letter-probability matrix: alength= 4 w= 9 nsites= 11186 E= 1337.0e-6
0.902378 0.049437 0.044252 0.003933
0.702309 0.011052 0.054183 0.232456
0.050650 0.490841 0.416285 0.042224
0.259131 0.285948 0.045367 0.409554
0.153119 0.097251 0.470588 0.279042
0.077348 0.439205 0.421950 0.061497
0.073508 0.407656 0.115353 0.403482
0.014778 0.233785 0.272475 0.478961
0.373336 0.175749 0.181884 0.269031

MOTIF M173 O173
letter-probability matrix: alength= 4 w= 9 nsites= 11017 E= 1337.0e-6
0.002632 0.109558 0.003994 0.883816
0.423777 0.517837 0.054248 0.004138
0.160856 0.181886 0.013740 0.643518
0.196684 0.136807 0.064519 0.601990
0.105258 0.249833 0.008207 0.636702
0.274863 0.313183 0.130168 0.281786
0.327602 0.313885 0.143723 0.214790
0.217149 0.109131 0.158737 0.514983
0.368285 0.282128 0.271694 0.077893

MOTIF M174 O174
letter-probability matrix: alength= 4 w= 9 nsites= 11182 E= 1337.0e-6
0.013772 0.186013 0.006886 0.793329
0.446186 0.000448 0.442156 0.111211
0.264592 0.350383 0.214795 0.170230
0.084701 0.538567 0.180981 0.195751
0.115189 0.183230 0.203568 0.498012
0.138276 0.371167 0.094708 0.395849
0.338406 0.045751 0.612629 0.003214
0.152515 0.139964 0.047922 0.659599
0.408495 0.130322 0.139183 0.322000

MOTIF M175 O175
letter-probability matrix: alength= 4 w= 9 nsites= 11187 E= 1337.0e-6
0.008610 0.870583 0.110942 0.009865
0.071376 0.719908 0.014587 0.194128
0.156106 0.498920 0.042242 0.302732
0.099390 0.300839 0.039966 0.559805
0.332658 0.158372 0.375096 0.133873
0.206406 0.072673 0.229534 0.491388
0.325012 0.128133 0.344125 0.202730
0.019375 0.218268 0.556346 0.206010
0.347599 0.064245 0.435345 0.152812

MOTIF M176 O176
letter-probability matrix: alength= 4 w= 9 nsites= 11184 E= 1337.0e-6
0.008584 0.195637 0.307940 0.487840
0.046184 0.856874 0.021343 0.075599
0.131843 0.497993 0.045255 0.324909
0.445869 0.305515 0.067134 0.181483
0.045159 0.686675 0.191879 0.076287
0.368158 0.009421 0.370042 0.252379
0.294056 0.097577 0.404978 0.203388
0.378272 0.080736 0.409052 0.131940
0.153801 0.360074 0.447821 0.038304

MOTIF M177 O177
letter-probability matrix: alength= 4 w= 9 nsites= 11155 E= 1337.0e-6
0.531779 0.163604 0.003317 0.301300
0.356279 0.442121 0.130581 0.071019
0.150697 0.750753 0.019767 0.078784
0.094350 0.284775 0.096075 0.524801
0.478761 0.463221 0.007828 0.050190
0.789887 0.062772 0.030141 0.117200
0.248849 0.189130 0.506522 0.055499
0.155303 0.360387 0.325566 0.158745
0.110344 0.623809 0.020715 0.245132

MOTIF M178 O178
letter-probability matrix: alength= 4 w= 9 nsites= 11187 E= 1337.0e-6
0.116028 0.437472 0.249575 0.196925
0.242191 0.032400 0.019064 0.706346
0.200892 0.286026 0.011893 0.501189
0.005466 0.126541 0.720284 0.147709
0.064197 0.065766 0.319899 0.550139
0.134081 0.010117 0.502438 0.353364
0.148608 0.031436 0.643390 0.176566
0.490166 0.232184 0.095658 0.181992
0.719276 0.089651 0.037387 0.153687

MOTIF M179 O179
letter-probability matrix: alength= 4 w= 9 nsites= 11187 E= 1337.0e-6
0.150577 0.122394 0.039367 0.687662
0.679753 0.059335 0.255176 0.005736
0.335102 0.045418 0.316935 0.302545
0.140210 0.243988 0.551076 0.064726
0.525263 0.325994 0.141526 0.007218
0.009956 0.560622 0.130734 0.298688
0.601246 0.022233 0.104073 0.272448
0.033012 0.061680 0.506564 0.398745
0.361432 0.191766 0.025523 0.421279

MOTIF M180 O180
letter-probability matrix: alength= 4 w= 9 nsites= 11177 E= 1337.0e-6
0.000487 0.012557 0.413316 0.573640
0.003845 0.003296 0.915193 0.077667
0.640348 0.052396 0.184716 0.122540
0.298109 0.373482 0.181295 0.147114
0.022811 0.066667 0.501697 0.408826
0.004674 0.005405 0.700993 0.288928
0.156566 0.154148 0.549645 0.139640
0.059069 0.338642 0.370187 0.232101
0.280289 0.286723 0.129002 0.303986

MOTIF M181 O181
letter-probability matrix: alength= 4 w= 9 nsites= 11187 E= 1337.0e-6
0.009833 0.071333 0.763565 0.155270
0.150581 0.039020 0.207353 0.603046
0.050172 0.721518 0.013766 0.214544
0.688029 0.029882 0.146010 0.136079
0.465327 0.326174 0.005925 0.202574
0.144265 0.415149 0.355266 0.085320
0.345328 0.113296 0.346569 0.194808
0.134153 0.455637 0.135800 0.274409
0.132586 0.236531 0.306229 0.324655

MOTIF M182 O182
letter-probability matrix: alength= 4 w= 9 nsites= 11186 E= 1337.0e-6
0.511884 0.179209 0.057135 0.251771
0.538942 0.002081 0.030213 0.428765
0.023467 0.898407 0.050410 0.027716
0.238679 0.414799 0.058473 0.288049
0.201294 0.010948 0.556233 0.231525
0.077312 0.092463 0.734007 0.096219
0.322000 0.344000 0.030933 0.303067
0.174266 0.145447 0.059397 0.620890
0.167412 0.328116 0.099637 0.404835

MOTIF M183 O183
letter-probability matrix: alength= 4 w= 9 nsites= 11161 E= 1337.0e-6
0.248275 0.000986 0.001434 0.749306
0.149407 0.647249 0.016900 0.186444
0.230373 0.149692 0.003527 0.616407
0.834847 0.018703 0.139550 0.006900
0.120142 0.126802 0.246853 0.506203
0.375417 0.242857 0.081354 0.300371
0.164573 0.318186 0.220123 0.297119
0.132918 0.186481 0.157624 0.522977
0.308555 0.240950 0.303049 0.147446

MOTIF M184 O184
letter-probability matrix: alength= 4 w= 9 nsites= 11187 E= 1337.0e-6
0.000626 0.997140 0.000000 0.002235
0.270249 0.000179 0.221259 0.508314
0.263233 0.204757 0.256527 0.275483
0.192775 0.125089 0.425519 0.256617
0.208658 0.101422 0.550487 0.139433
0.092422 0.371209 0.084996 0.451373
0.352624 0.058950 0.344190 0.244235
0.458929 0.100855 0.395951 0.044265
0.357602 0.337499 0.239609 0.065290

MOTIF M185 O185
letter-probability matrix: alength= 4 w= 9 nsites= 11185 E= 1337.0e-6
0.157625 0.091806 0.725910 0.024659
0.288570 0.014823 0.368929 0.327677
0.018297 0.059935 0.772822 0.148947
0.588461 0.018996 0.211074 0.181469
0.804656 0.120188 0.048198 0.026958
0.499433 0.036381 0.281356 0.182830
0.166249 0.140560 0.320384 0.372807
0.147022 0.084601 0.238699 0.529679
0.419030 0.048485 0.390560 0.141924

MOTIF M186 O186
letter-probability matrix: alength= 4 w= 9 nsites= 11183 E= 1337.0e-6
0.628364 0.127247 0.218904 0.025485
0.035171 0.008770 0.040093 0.915966
0.646007 0.182305 0.166243 0.005445
0.001007 0.485448 0.154677 0.358869
0.220222 0.063513 0.201658 0.514606
0.334032 0.334603 0.131822 0.199543
0.282988 0.265167 0.121336 0.330509
0.250644 0.414569 0.266303 0.068484
0.388446 0.062103 0.423430 0.126021

MOTIF M187 O187
letter-probability matrix: alength= 4 w= 9 nsites= 11186 E= 1337.0e-6
0.151535 0.307375 0.009253 0.531837
0.436147 0.012308 0.008421 0.543124
0.236609 0.200186 0.322776 0.240429
0.548883 0.018202 0.069338 0.363577
0.521535 0.035452 0.082942 0.360071
0.626760 0.321175 0.035529 0.016536
0.039089 0.078564 0.160699 0.721648
0.389598 0.103140 0.285672 0.221590
0.218906 0.115392 0.439309 0.226392

MOTIF M188 O188
letter-probability matrix: alength= 4 w= 9 nsites= 11187 E= 1337.0e-6
0.336736 0.185620 0.000994 0.476651
0.754445 0.021884 0.175982 0.047689
0.000645 0.000553 0.100636 0.898166
0.691698 0.058374 0.181618 0.068310
0.505801 0.182217 0.154529 0.157453
0.356756 0.259487 0.243326 0.140432
0.311416 0.149058 0.251303 0.288222
0.297178 0.247795 0.036376 0.418651
0.364560 0.291077 0.084436 0.259927

MOTIF M189 O189
letter-probability matrix: alength= 4 w= 9 nsites= 11187 E= 1337.0e-6
0.057477 0.873961 0.006078 0.062483
0.537065 0.071090 0.087633 0.304212
0.348269 0.151060 0.269833 0.230838
0.079173 0.456522 0.107533 0.356772
0.178607 0.155384 0.366448 0.299561
0.287419 0.022254 0.322954 0.367373
0.055451 0.159780 0.071654 0.713115
0.251630 0.024448 0.690782 0.033140
0.104292 0.362192 0.350959 0.182557

MOTIF M190 O190
letter-probability matrix: alength= 4 w= 9 nsites= 11180 E= 1337.0e-6
0.268766 0.652417 0.054925 0.023892
0.212276 0.054422 0.075979 0.657322
0.113964 0.518977 0.066949 0.300111
0.652571 0.018048 0.189927 0.139454
0.009368 0.356735 0.011629 0.622268
0.102786 0.385901 0.020011 0.491302
0.010774 0.675941 0.121478 0.191807
0.146609 0.299938 0.131549 0.421904
0.126784 0.419497 0.202046 0.251673

MOTIF M191 O191
letter-probability matrix: alength= 4 w= 9 nsites= 11181 E= 1337.0e-6
0.056614 0.009212 0.925051 0.009123
0.183964 0.393153 0.386577 0.036306
0.437352 0.240407 0.103655 0.218585
0.101938 0.203236 0.314774 0.380051
0.112853 0.150101 0.062327 0.674719
0.015642 0.273602 0.094595 0.616161
0.105904 0.229010 0.070293 0.594793
0.105505 0.434469 0.250609 0.209418
0.191082 0.178450 0.157051 0.473416

MOTIF M192 O192
letter-probability matrix: alength= 4 w= 9 nsites= 11165 E= 1337.0e-6
0.231438 0.282490 0.097268 0.388804
0.190126 0.563838 0.138249 0.107786
0.489492 0.150799 0.099335 0.260374
0.240568 0.090550 0.623608 0.045275
0.001978 0.022302 0.357374 0.618345
0.721230 0.262446 0.000631 0.015693
0.609235 0.007877 0.069896 0.312992
0.558432 0.279996 0.082989 0.078583
0.331069 0.214724 0.177494 0.276713

MOTIF M193 O193
letter-probability matrix: alength= 4 w= 9 nsites= 11187 E= 1337.0e-6
0.289264 0.119067 0.014570 0.577098
0.061460 0.362498 0.565844 0.010199
0.484265 0.229815 0.229095 0.056824
0.526733 0.022142 0.011071 0.440054
0.289450 0.170557 0.463174 0.076819
0.055458 0.023123 0.825058 0.096361
0.244753 0.351366 0.056431 0.347449
0.084233 0.507485 0.317984 0.090298
0.319938 0.171035 0.134343 0.374685

MOTIF M194 O194
letter-probability matrix: alength= 4 w= 9 nsites= 11187 E= 1337.0e-6
0.246500 0.324659 0.184943 0.243898
0.221106 0.436199 0.215183 0.127513
0.119395 0.493427 0.159013 0.228165
0.174706 0.635411 0.029178 0.160705
0.886619 0.036213 0.048527 0.028642
0.036772 0.126914 0.058964 0.777350
0.128815 0.240922 0.344535 0.285728
0.076374 0.181853 0.658265 0.083508
0.590546 0.125049 0.122222 0.162183

MOTIF M195 O195
letter-probability matrix: alength= 4 w= 9 nsites= 11184 E= 1337.0e-6
0.000447 0.912464 0.086373 0.000715
0.583100 0.074098 0.042251 0.300552
0.123164 0.466290 0.321139 0.089408
0.496278 0.016018 0.019316 0.468388
0.260590 0.366302 0.208549 0.164558
0.707709 0.070288 0.197062 0.024941
0.345268 0.144538 0.392535 0.117659
0.059821 0.539742 0.144299 0.256138
0.216057 0.547570 0.181431 0.054943

MOTIF M196 O196
letter-probability matrix: alength= 4 w= 9 nsites= 11187 E= 1337.0e-6
0.053017 0.021457 0.605633 0.319893
0.005030 0.557212 0.005658 0.432100
0.084634 0.428401 0.152010 0.334955
0.432107 0.008991 0.376958 0.181945
0.089694 0.166963 0.727646 0.015697
0.401187 0.183583 0.028273 0.386957
0.422864 0.226354 0.071987 0.278795
0.040752 0.352469 0.289479 0.317300
0.135693 0.293053 0.505747 0.065507

MOTIF M197 O197
letter-probability matrix: alength= 4 w= 9 nsites= 11136 E= 1337.0e-6
0.150862 0.827856 0.001167 0.020115
0.332366 0.120528 0.080633 0.466473
0.149182 0.022185 0.374788 0.453845
0.426092 0.000094 0.006980 0.566833
0.440795 0.068812 0.468434 0.021959
0.001995 0.156784 0.166382 0.674838
0.522029 0.115845 0.300097 0.062029
0.323570 0.259600 0.167124 0.249706
0.149959 0.372317 0.193196 0.284528

MOTIF M198 O198
letter-probability matrix: alength= 4 w= 9 nsites= 11187 E= 1337.0e-6
0.389838 0.070668 0.500134 0.039360
0.057343 0.132067 0.690082 0.120509
0.230421 0.162165 0.229605 0.377810
0.251341 0.243794 0.124125 0.380740
0.218716 0.212787 0.290679 0.277818
0.264303 0.116341 0.207275 0.412082
0.271148 0.004938 0.152629 0.571285
0.542886 0.003394 0.204018 0.249702
0.005901 0.943015 0.019272 0.031812

MOTIF M199 O199
letter-probability matrix: alength= 4 w= 9 nsites= 11187 E= 1337.0e-6
0.000536 0.193171 0.806114 0.000179
0.048807 0.494145 0.011084 0.445964
0.171002 0.118173 0.399839 0.310986
0.230714 0.215965 0.129078 0.424242
0.405401 0.219063 0.213072 0.162464
0.401645 0.076270 0.280758 0.241327
0.068784 0.565027 0.120751 0.245438
0.415328 0.000269 0.114422 0.469981
0.076583 0.125203 0.749233 0.048981

MOTIF M200 O200
letter-probability matrix: alength= 4 w= 9 nsites= 11166 E= 1337.0e-6
0.011642 0.003045 0.470267 0.515046
0.846061 0.096038 0.009093 0.048808
0.152921 0.335669 0.261528 0.249882
0.271315 0.172510 0.060956 0.495219
0.395233 0.161765 0.218154 0.224848
0.638846 0.076249 0.082020 0.202885
0.499529 0.065879 0.092649 0.341943
0.212239 0.663472 0.037287 0.087002
0.088957 0.423199 0.027036 0.460809

MOTIF M201 O201
letter-probability matrix: alength= 4 w= 9 nsites= 11187 E= 1337.0e-6
0.020113 0.561276 0.362921 0.055690
0.266876 0.208719 0.136539 0.387865
0.386403 0.273120 0.157947 0.182530
0.151206 0.017433 0.038569 0.792792
0.045651 0.222365 0.557386 0.174597
0.743103 0.039933 0.032264 0.184700
0.138098 0.673216 0.103075 0.085611
0.077213 0.549906 0.077708 0.295173
0.469809 0.095605 0.024543 0.410043

MOTIF M202 O202
letter-probability matrix: alength= 4 w= 9 nsites= 11170 E= 1337.0e-6
0.006446 0.000537 0.992480 0.000537
0.210713 0.220444 0.020917 0.547927
0.396706 0.096715 0.191773 0.314806
0.124410 0.247988 0.005735 0.621867
0.148330 0.225239 0.554536 0.071895
0.311717 0.370158 0.160880 0.157245
0.243947 0.412938 0.241236 0.101879
0.233679 0.548741 0.083654 0.133926
0.484503 0.105704 0.126704 0.283089

MOTIF M203 O203
letter-probability matrix: alength= 4 w= 9 nsites= 11187 E= 1337.0e-6
0.086404 0.055725 0.855456 0.002415
0.209514 0.309325 0.024009 0.457153
0.163848 0.054887 0.488923 0.292341
0.135703 0.060989 0.379386 0.423923
0.562971 0.126034 0.156187 0.154808
0.257512 0.085253 0.040922 0.616313
0.079862 0.255091 0.272464 0.392584
0.319779 0.507255 0.030069 0.142898
0.006336 0.484745 0.180135 0.328784

MOTIF M204 O204
letter-probability matrix: alength= 4 w= 9 nsites= 11187 E= 1337.0e-6
0.045683 0.289144 0.141437 0.523737
0.177141 0.437781 0.015353 0.369725
0.631779 0.113341 0.129429 0.125452
0.023529 0.061719 0.159095 0.755656
0.249545 0.304039 0.321143 0.125273
0.226963 0.167342 0.438260 0.167435
0.632687 0.033886 0.008518 0.324909
0.669025 0.144825 0.114728 0.071422
0.482292 0.016604 0.133506 0.367598

MOTIF M205 O205
letter-probability matrix: alength= 4 w= 9 nsites= 11187 E= 1337.0e-6
0.000000 0.464557 0.535354 0.000089
0.303448 0.015137 0.000000 0.681415
0.391906 0.434802 0.088669 0.084622
0.095815 0.524089 0.186568 0.193528
0.280501 0.175782 0.259740 0.283977
0.348978 0.041525 0.091484 0.518013
0.092905 0.630685 0.054064 0.222345
0.482656 0.000000 0.188456 0.328888
0.402805 0.197402 0.106561 0.293232

MOTIF M206 O206
letter-probability matrix: alength= 4 w= 9 nsites= 11186 E= 1337.0e-6
0.337654 0.464241 0.044341 0.153764
0.060728 0.391736 0.294517 0.253019
0.004488 0.212907 0.263172 0.519433
0.021528 0.149613 0.074761 0.754098
0.912850 0.030380 0.044708 0.012061
0.201095 0.087449 0.261251 0.450205
0.137255 0.412229 0.082427 0.368088
0.308999 0.072527 0.339282 0.279191
0.195454 0.314196 0.283433 0.206917

MOTIF M207 O207
letter-probability matrix: alength= 4 w= 9 nsites= 11186 E= 1337.0e-6
0.615756 0.347671 0.027810 0.008763
0.254050 0.021328 0.233441 0.491181
0.387217 0.085099 0.264933 0.262751
0.103779 0.085068 0.452811 0.358342
0.065324 0.281253 0.328837 0.324587
0.142070 0.312611 0.092318 0.453001
0.110149 0.393805 0.313312 0.182734
0.000380 0.037540 0.075556 0.886523
0.473266 0.506074 0.019130 0.001530

MOTIF M208 O208
letter-probability matrix: alength= 4 w= 9 nsites= 11164 E= 1337.0e-6
0.001791 0.026872 0.922161 0.049176
0.319497 0.092536 0.000000 0.587966
0.396897 0.068599 0.002348 0.532156
0.189960 0.381329 0.136615 0.292096
0.269065 0.183959 0.108056 0.438919
0.319799 0.123395 0.250581 0.306225
0.389607 0.219280 0.115476 0.275637
0.296689 0.678738 0.022633 0.001940
0.002025 0.307547 0.287971 0.402457

MOTIF M209 O209
letter-probability matrix: alength= 4 w= 9 nsites= 11187 E= 1337.0e-6
0.347383 0.015123 0.070157 0.567338
0.135748 0.489016 0.000269 0.374966
0.538004 0.300162 0.160303 0.001531
0.000902 0.154485 0.017145 0.827468
0.550373 0.008911 0.138662 0.302055
0.215168 0.106212 0.455219 0.223401
0.261567 0.048228 0.452052 0.238153
0.220756 0.109571 0.514147 0.155526
0.374460 0.210413 0.187525 0.227603

MOTIF M210 O210
letter-probability matrix: alength= 4 w= 9 nsites= 11187 E= 1337.0e-6
0.550371 0.005095 0.137302 0.307232
0.000358 0.624385 0.375257 0.000000
0.574518 0.000000 0.002064 0.423419
0.003069 0.368592 0.161282 0.467058
0.158361 0.063024 0.502308 0.276307
0.272448 0.162853 0.520285 0.044415
0.576426 0.119522 0.105723 0.198329
0.327275 0.119431 0.204781 0.348513
0.312099 0.086038 0.023838 0.578025

MOTIF M211 O211
letter-probability matrix: alength= 4 w= 9 nsites= 11187 E= 1337.0e-6
0.455708 0.161706 0.174220 0.208367
0.207725 0.043373 0.677480 0.071422
0.650368 0.079259 0.010059 0.260315
0.125522 0.119730 0.132264 0.622484
0.042659 0.236519 0.064288 0.656533
0.582014 0.220732 0.063725 0.133529
0.300351 0.543097 0.088639 0.067914
0.090045 0.684406 0.095290 0.130259
0.453522 0.031988 0.149019 0.365470

MOTIF M212 O212
letter-probability matrix: alength= 4 w= 9 nsites= 10629 E= 1337.0e-6
0.009032 0.553862 0.410387 0.026719
0.014012 0.375419 0.563204 0.047365
0.102907 0.589041 0.185433 0.122619
0.236076 0.240787 0.354871 0.168265
0.039877 0.296694 0.391104 0.272324
0.010995 0.784917 0.187597 0.016492
0.006433 0.393602 0.124131 0.475834
0.495781 0.038678 0.133615 0.331927
0.547758 0.187843 0.170477 0.093922

MOTIF M213 O213
letter-probability matrix: alength= 4 w= 9 nsites= 11183 E= 1337.0e-6
0.214075 0.000268 0.303586 0.482071
0.233226 0.164341 0.259349 0.343085
0.056092 0.018697 0.267490 0.657721
0.297596 0.121120 0.234613 0.346671
0.351583 0.593758 0.053666 0.000992
0.000000 0.584668 0.000556 0.414776
0.521979 0.231273 0.238109 0.008640
0.007011 0.071178 0.637196 0.284615
0.237525 0.077146 0.354391 0.330938

MOTIF M214 O214
letter-probability matrix: alength= 4 w= 9 nsites= 11180 E= 1337.0e-6
0.354204 0.117531 0.337657 0.190608
0.449624 0.225125 0.301986 0.023264
0.011765 0.001347 0.066457 0.920431
0.007882 0.002108 0.655485 0.334525
0.613884 0.366986 0.004830 0.014301
0.134752 0.195667 0.209463 0.460119
0.140469 0.415669 0.145712 0.298150
0.136645 0.338007 0.343188 0.182160
0.472314 0.159581 0.103277 0.264828

MOTIF M215 O215
letter-probability matrix: alength= 4 w= 9 nsites= 11187 E= 1337.0e-6
0.088950 0.704363 0.178795 0.027892
0.536590 0.110485 0.009483 0.343442
0.000000 0.352736 0.157786 0.489478
0.595750 0.085532 0.318358 0.000360
0.006957 0.008222 0.122967 0.861854
0.194659 0.167768 0.460169 0.177405
0.382781 0.319313 0.189935 0.107971
0.477472 0.139122 0.121370 0.262036
0.394322 0.292022 0.155458 0.158199

MOTIF M216 O216
letter-probability matrix: alength= 4 w= 9 nsites= 11178 E= 1337.0e-6
0.144570 0.721059 0.106728 0.027644
0.601379 0.124467 0.097796 0.176359
0.051324 0.074802 0.122031 0.751843
0.023913 0.073216 0.864278 0.038593
0.405028 0.258137 0.003002 0.333834
0.201542 0.062994 0.135408 0.600057
0.151618 0.165762 0.336853 0.345766
0.147705 0.255144 0.257618 0.339533
0.166266 0.511812 0.205606 0.116316

MOTIF M217 O217
letter-probability matrix: alength= 4 w= 9 nsites= 11187 E= 1337.0e-6
0.412512 0.393269 0.181240 0.012978
0.015965 0.030454 0.048357 0.905223
0.071964 0.004516 0.471368 0.452152
0.705357 0.112103 0.158829 0.023710
0.028078 0.351884 0.262398 0.357641
0.576705 0.023109 0.150418 0.249768
0.083543 0.118178 0.464945 0.333333
0.578776 0.141350 0.159617 0.120257
0.393903 0.063834 0.365727 0.176535

MOTIF M218 O218
letter-probability matrix: alength= 4 w= 9 nsites= 11187 E= 1337.0e-6
0.194154 0.220703 0.584607 0.000536
0.551810 0.184533 0.261690 0.001967
0.622081 0.060213 0.108526 0.209180
0.311386 0.239273 0.189824 0.259518
0.649415 0.007201 0.023042 0.320342
0.150791 0.395658 0.382361 0.071190
0.165036 0.513669 0.000549 0.320746
0.414776 0.272290 0.304324 0.008610
0.312797 0.013142 0.026097 0.647963

MOTIF M219 O219
letter-probability matrix: alength= 4 w= 9 nsites= 11187 E= 1337.0e-6
0.004024 0.428648 0.566434 0.000894
0.243422 0.651415 0.009314 0.095850
0.475339 0.010176 0.399615 0.114870
0.279059 0.071120 0.408711 0.241110
0.274499 0.197839 0.018657 0.509005
0.034515 0.230098 0.361755 0.373631
0.380370 0.048562 0.294079 0.276989
0.331797 0.145908 0.376952 0.145343
0.713205 0.228282 0.057945 0.000567

MOTIF M220 O220
letter-probability matrix: alength= 4 w= 9 nsites= 11174 E= 1337.0e-6
0.001163 0.672096 0.325756 0.000984
0.327333 0.381797 0.056474 0.234396
0.108160 0.844033 0.032146 0.015661
0.045697 0.386805 0.369097 0.198401
0.244670 0.251616 0.019778 0.483936
0.430996 0.121327 0.198526 0.249151
0.200039 0.370957 0.259943 0.169061
0.647065 0.042273 0.134640 0.176022
0.076800 0.240687 0.448417 0.234096

MOTIF M221 O221
letter-probability matrix: alength= 4 w= 9 nsites= 11187 E= 1337.0e-6
0.000089 0.683204 0.298829 0.017878
0.396478 0.000000 0.000000 0.603522
0.262577 0.610708 0.126715 0.000000
0.143749 0.242243 0.021480 0.592528
0.058010 0.056702 0.583279 0.302008
0.294849 0.028722 0.223750 0.452679
0.621572 0.142500 0.121524 0.114404
0.278275 0.288690 0.147070 0.285965
0.305218 0.074193 0.391877 0.228712

MOTIF M222 O222
letter-probability matrix: alength= 4 w= 9 nsites= 11187 E= 1337.0e-6
0.376710 0.000089 0.000089 0.623111
0.001794 0.914327 0.015699 0.068180
0.386138 0.343181 0.134778 0.135903
0.167174 0.241337 0.231816 0.359673
0.136320 0.176954 0.543634 0.143092
0.419450 0.078094 0.159921 0.342534
0.148700 0.318146 0.213619 0.319535
0.011208 0.665070 0.175464 0.148258
0.650126 0.051409 0.077691 0.220774

MOTIF M223 O223
letter-probability matrix: alength= 4 w= 9 nsites= 11187 E= 1337.0e-6
0.528471 0.000358 0.069992 0.401180
0.004469 0.773398 0.221060 0.001073
0.472506 0.117768 0.000000 0.409726
0.030765 0.387748 0.578707 0.002781
0.193971 0.204353 0.082961 0.518714
0.124677 0.195171 0.412459 0.267693
0.124664 0.032650 0.121417 0.721269
0.247232 0.224241 0.346107 0.182420
0.588483 0.219124 0.170068 0.022324

