MEME version 5.5.1

ALPHABET= ACGT

strands: + -

Background letter frequencies (from uniform background):
A 0.25000 C 0.25000 G 0.25000 T 0.25000

MOTIF M0 O0
letter-probability matrix: alength= 4 w= 9 nsites= 11167 E= 1337.0e-6
0.510253 0.068058 0.201755 0.219934
0.182735 0.298060 0.498545 0.020660
0.164402 0.353095 0.319473 0.163030
0.338034 0.209958 0.332566 0.119442
0.370360 0.074679 0.419327 0.135635
0.030974 0.200463 0.744681 0.023882
0.011941 0.119120 0.798020 0.070919
0.036141 0.772385 0.141761 0.049712
0.044404 0.548614 0.259072 0.147910

MOTIF M1 O1
letter-probability matrix: alength= 4 w= 9 nsites= 11179 E= 1337.0e-6
0.184095 0.316039 0.333125 0.166741
0.192772 0.000358 0.001700 0.805170
0.038889 0.386111 0.145789 0.429211
0.292840 0.034542 0.084335 0.588283
0.423326 0.399713 0.174358 0.002604
0.006209 0.270494 0.200216 0.523081
0.260665 0.354393 0.275127 0.109816
0.459541 0.000182 0.488792 0.051485
0.324539 0.206146 0.037952 0.431362

MOTIF M2 O2
letter-probability matrix: alength= 4 w= 9 nsites= 11187 E= 1337.0e-6
0.015733 0.503441 0.267185 0.213641
0.479306 0.031912 0.032985 0.455797
0.156541 0.227240 0.316129 0.300090
0.402869 0.394388 0.195164 0.007579
0.034685 0.151771 0.705451 0.108093
0.656953 0.316802 0.014943 0.011301
0.206265 0.509019 0.064003 0.220714
0.074838 0.577054 0.128853 0.219256
0.191862 0.417543 0.277754 0.112841

MOTIF M3 O3
letter-probability matrix: alength= 4 w= 9 nsites= 11183 E= 1337.0e-6
0.503622 0.232585 0.213628 0.050165
0.321352 0.269989 0.225798 0.182861
0.413986 0.009732 0.324232 0.252050
0.008142 0.442826 0.501538 0.047494
0.440004 0.324525 0.007899 0.227572
0.304050 0.002859 0.410958 0.282134
0.070414 0.051324 0.848810 0.029451
0.404576 0.002824 0.104966 0.487634
0.117100 0.176678 0.016142 0.690080

MOTIF M4 O4
letter-probability matrix: alength= 4 w= 9 nsites= 11187 E= 1337.0e-6
0.729387 0.122965 0.054463 0.093185
0.452326 0.002504 0.020841 0.524329
0.000090 0.077110 0.413319 0.509481
0.567509 0.241686 0.189442 0.001363
0.003954 0.552736 0.166069 0.277241
0.381451 0.105104 0.050005 0.463440
0.131116 0.416437 0.319050 0.133397
0.283330 0.364075 0.128883 0.223712
0.481903 0.087468 0.396770 0.033859

MOTIF M5 O5
letter-probability matrix: alength= 4 w= 9 nsites= 11169 E= 1337.0e-6
0.137165 0.603187 0.057122 0.202525
0.466588 0.006800 0.259316 0.267295
0.126183 0.102984 0.500910 0.269924
0.098554 0.027818 0.194546 0.679081
0.377700 0.079603 0.384226 0.158470
0.206412 0.502818 0.044812 0.245958
0.695673 0.030856 0.156538 0.116933
0.607928 0.273431 0.015668 0.102973
0.329964 0.038241 0.001144 0.630650

MOTIF M6 O6
letter-probability matrix: alength= 4 w= 9 nsites= 11187 E= 1337.0e-6
0.198838 0.536343 0.235315 0.029504
0.471752 0.095174 0.008058 0.425016
0.000448 0.161180 0.298592 0.539779
0.891982 0.107747 0.000181 0.000090
0.027955 0.303490 0.193952 0.474603
0.030054 0.036008 0.474057 0.459881
0.192853 0.266265 0.243348 0.297534
0.250999 0.460032 0.044864 0.244105
0.383791 0.247116 0.040318 0.328774

MOTIF M7 O7
letter-probability matrix: alength= 4 w= 9 nsites= 11187 E= 1337.0e-6
0.499508 0.294628 0.115312 0.090552
0.055779 0.000805 0.025834 0.917583
0.626738 0.157111 0.216151 0.000000
0.000000 0.452288 0.466752 0.080961
0.662333 0.151147 0.033461 0.153059
0.376385 0.297473 0.277065 0.049077
0.238740 0.183338 0.182620 0.395301
0.388462 0.130021 0.338462 0.143056
0.108644 0.058709 0.493284 0.339363

MOTIF M8 O8
letter-probability matrix: alength= 4 w= 9 nsites= 11187 E= 1337.0e-6
0.180225 0.530216 0.284105 0.005453
0.725719 0.083740 0.087810 0.102731
0.139782 0.004580 0.024182 0.831456
0.035353 0.781292 0.154023 0.029333
0.446935 0.371156 0.019799 0.162111
0.294836 0.068371 0.376861 0.259932
0.069600 0.127445 0.572826 0.230129
0.212671 0.187202 0.268916 0.331211
0.388381 0.176224 0.156213 0.279182

MOTIF M9 O9
letter-probability matrix: alength= 4 w= 9 nsites= 11187 E= 1337.0e-6
0.003754 0.342362 0.653437 0.000447
0.642046 0.154163 0.000626 0.203166
0.477704 0.285906 0.067425 0.168965
0.260111 0.182456 0.332554 0.224879
0.455599 0.095320 0.146465 0.302616
0.346189 0.122629 0.259938 0.271244
0.272433 0.021576 0.443282 0.262710
0.028593 0.790884 0.097009 0.083514
0.017511 0.322833 0.015457 0.644199

MOTIF M10 O10
letter-probability matrix: alength= 4 w= 9 nsites= 11156 E= 1337.0e-6
0.572338 0.193170 0.000986 0.233507
0.411253 0.069724 0.013011 0.506012
0.510136 0.256510 0.048653 0.184701
0.400885 0.123634 0.008941 0.466540
0.461706 0.026797 0.349086 0.162412
0.025225 0.080483 0.112694 0.781599
0.295394 0.006593 0.452797 0.245216
0.182045 0.299491 0.428043 0.090421
0.377001 0.433362 0.081841 0.107796

MOTIF M11 O11
letter-probability matrix: alength= 4 w= 9 nsites= 11158 E= 1337.0e-6
0.194210 0.593386 0.001524 0.210880
0.350372 0.327492 0.134465 0.187670
0.400618 0.115021 0.027550 0.456810
0.183427 0.089559 0.171235 0.555780
0.351950 0.548300 0.009818 0.089932
0.189092 0.420658 0.152414 0.237837
0.089555 0.064602 0.774238 0.071605
0.096466 0.158103 0.426889 0.318542
0.058762 0.217993 0.003120 0.720125

MOTIF M12 O12
letter-probability matrix: alength= 4 w= 9 nsites= 11187 E= 1337.0e-6
0.009306 0.702398 0.224499 0.063797
0.550718 0.218342 0.063455 0.167485
0.217654 0.017264 0.753202 0.011880
0.068076 0.466294 0.380772 0.084858
0.051814 0.516495 0.135358 0.296332
0.086112 0.276287 0.021306 0.616295
0.211422 0.235925 0.389631 0.163021
0.363562 0.209497 0.139495 0.287447
0.162524 0.639971 0.150557 0.046947

MOTIF M13 O13
letter-probability matrix: alength= 4 w= 9 nsites= 11187 E= 1337.0e-6
0.502190 0.122911 0.001430 0.373469
0.009923 0.003308 0.887449 0.099321
0.327894 0.133058 0.483278 0.055770
0.442750 0.125147 0.206533 0.225571
0.096435 0.479271 0.025764 0.398530
0.218698 0.359952 0.234650 0.186700
0.450145 0.040761 0.094021 0.415073
0.000748 0.518792 0.418661 0.061799
0.271776 0.397436 0.002357 0.328431

MOTIF M14 O14
letter-probability matrix: alength= 4 w= 9 nsites= 11187 E= 1337.0e-6
0.002595 0.000179 0.982017 0.015210
0.164833 0.122102 0.140558 0.572507
0.133107 0.282613 0.501283 0.082997
0.439200 0.310753 0.137609 0.112438
0.320067 0.092646 0.009693 0.577593
0.421816 0.455712 0.028558 0.093914
0.385860 0.085463 0.137327 0.391350
0.341224 0.166842 0.177914 0.314021
0.089745 0.208859 0.146269 0.555128

MOTIF M15 O15
letter-probability matrix: alength= 4 w= 9 nsites= 11170 E= 1337.0e-6
0.457475 0.119069 0.346822 0.076634
0.000269 0.005381 0.534212 0.460138
0.769203 0.174494 0.026916 0.029388
0.424127 0.098836 0.081136 0.395901
0.440440 0.114054 0.004493 0.441013
0.208191 0.151863 0.185427 0.454519
0.149371 0.045495 0.154128 0.651006
0.425229 0.204195 0.210548 0.160028
0.445461 0.420555 0.059266 0.074718

MOTIF M16 O16
letter-probability matrix: alength= 4 w= 9 nsites= 11134 E= 1337.0e-6
0.020029 0.002425 0.139752 0.837794
0.545704 0.219706 0.173865 0.060725
0.285688 0.137271 0.020247 0.556794
0.206172 0.006783 0.546766 0.240279
0.524155 0.222440 0.235081 0.018324
0.005217 0.342506 0.440205 0.212072
0.700403 0.029069 0.126247 0.144282
0.395923 0.136432 0.274482 0.193162
0.340668 0.239385 0.400265 0.019682

MOTIF M17 O17
letter-probability matrix: alength= 4 w= 9 nsites= 11187 E= 1337.0e-6
0.106016 0.104586 0.777241 0.012157
0.193034 0.067150 0.555645 0.184170
0.387618 0.123105 0.335487 0.153791
0.160587 0.586508 0.035756 0.217149
0.174594 0.094952 0.264899 0.465555
0.100669 0.175484 0.126983 0.596864
0.240317 0.330044 0.078384 0.351254
0.054540 0.830164 0.094796 0.020499
0.386531 0.157989 0.140162 0.315318

MOTIF M18 O18
letter-probability matrix: alength= 4 w= 9 nsites= 11187 E= 1337.0e-6
0.165992 0.287474 0.059077 0.487456
0.580360 0.027568 0.377027 0.015045
0.003346 0.007596 0.169997 0.819061
0.691742 0.011127 0.190454 0.106676
0.731501 0.013833 0.054962 0.199703
0.368486 0.356074 0.088403 0.187038
0.173152 0.396304 0.213813 0.216732
0.391173 0.180959 0.256660 0.171207
0.283654 0.276548 0.270677 0.169121

MOTIF M19 O19
letter-probability matrix: alength= 4 w= 9 nsites= 11187 E= 1337.0e-6
0.227228 0.661661 0.087870 0.023241
0.075611 0.196839 0.273438 0.454113
0.133705 0.250945 0.215944 0.399406
0.112806 0.082935 0.647144 0.157116
0.511879 0.444958 0.004534 0.038629
0.699534 0.001645 0.028054 0.270767
0.060202 0.460498 0.307400 0.171900
0.147917 0.224217 0.434579 0.193287
0.233012 0.080987 0.163665 0.522336

MOTIF M20 O20
letter-probability matrix: alength= 4 w= 9 nsites= 11187 E= 1337.0e-6
0.251052 0.154748 0.010561 0.583639
0.562982 0.038344 0.396076 0.002598
0.242285 0.169861 0.076563 0.511291
0.240164 0.089162 0.369126 0.301548
0.008207 0.434803 0.519273 0.037717
0.402146 0.443220 0.006475 0.148159
0.480568 0.073387 0.113139 0.332906
0.087309 0.005601 0.862386 0.044704
0.336245 0.054979 0.300894 0.307882

MOTIF M21 O21
letter-probability matrix: alength= 4 w= 9 nsites= 11187 E= 1337.0e-6
0.037454 0.365603 0.508447 0.088496
0.792095 0.000000 0.000984 0.206921
0.111829 0.428123 0.325083 0.134965
0.324971 0.189294 0.290101 0.195634
0.313266 0.171615 0.499955 0.015164
0.396396 0.350350 0.136227 0.117026
0.412677 0.258276 0.105700 0.223347
0.126597 0.000000 0.002464 0.870938
0.000924 0.330007 0.238729 0.430340

MOTIF M22 O22
letter-probability matrix: alength= 4 w= 9 nsites= 11187 E= 1337.0e-6
0.927773 0.000000 0.005721 0.066506
0.006471 0.514920 0.474654 0.003955
0.106205 0.335642 0.033285 0.524868
0.295104 0.174728 0.406357 0.123810
0.081129 0.434977 0.479817 0.004076
0.401695 0.196106 0.031978 0.370221
0.412461 0.204916 0.090017 0.292606
0.294767 0.190924 0.061938 0.452371
0.106326 0.140905 0.519826 0.232943

MOTIF M23 O23
letter-probability matrix: alength= 4 w= 9 nsites= 11187 E= 1337.0e-6
0.034421 0.217613 0.599285 0.148681
0.613978 0.012699 0.252544 0.120778
0.032554 0.411004 0.522696 0.033746
0.093268 0.095618 0.075493 0.735622
0.094136 0.561194 0.015139 0.329531
0.443249 0.385950 0.108891 0.061910
0.177768 0.350610 0.139483 0.332139
0.129552 0.605931 0.192694 0.071823
0.671594 0.105420 0.144723 0.078263

MOTIF M24 O24
letter-probability matrix: alength= 4 w= 9 nsites= 11187 E= 1337.0e-6
0.086642 0.571710 0.172747 0.168902
0.011812 0.109017 0.333724 0.545446
0.592875 0.050164 0.289622 0.067339
0.280448 0.046864 0.640682 0.032007
0.386132 0.110457 0.008878 0.494533
0.249170 0.085554 0.382718 0.282557
0.329028 0.182370 0.081890 0.406712
0.596819 0.275555 0.044109 0.083517
0.271226 0.014906 0.075939 0.637929

MOTIF M25 O25
letter-probability matrix: alength= 4 w= 9 nsites= 11184 E= 1337.0e-6
0.308151 0.188411 0.230586 0.272852
0.224260 0.200422 0.234895 0.340424
0.216100 0.205556 0.342074 0.236270
0.174383 0.285230 0.260658 0.279729
0.046942 0.027047 0.012561 0.913450
0.219789 0.773189 0.000831 0.006190
0.919524 0.056867 0.001124 0.022485
0.132516 0.318285 0.161734 0.387465
0.154479 0.372894 0.079441 0.393185

MOTIF M26 O26
letter-probability matrix: alength= 4 w= 9 nsites= 11187 E= 1337.0e-6
0.055243 0.371413 0.397962 0.175382
0.202735 0.364888 0.086261 0.346116
0.196674 0.274450 0.497407 0.031468
0.336581 0.021098 0.075451 0.566869
0.127717 0.437975 0.349969 0.084340
0.007173 0.204429 0.665382 0.123016
0.432064 0.427734 0.098701 0.041501
0.504585 0.032689 0.053936 0.408790
0.031994 0.237014 0.617358 0.113634

MOTIF M27 O27
letter-probability matrix: alength= 4 w= 9 nsites= 11100 E= 1337.0e-6
0.005135 0.002703 0.990721 0.001441
0.469502 0.238843 0.011514 0.280141
0.101196 0.298547 0.320387 0.279870
0.138860 0.152278 0.218743 0.490119
0.228376 0.209662 0.473724 0.088238
0.418605 0.168742 0.186708 0.225945
0.176220 0.139989 0.472574 0.211217
0.038723 0.794168 0.103722 0.063386
0.023630 0.477990 0.052897 0.445484

MOTIF M28 O28
letter-probability matrix: alength= 4 w= 9 nsites= 11187 E= 1337.0e-6
0.943148 0.006436 0.001877 0.048538
0.000805 0.600518 0.319299 0.079378
0.186706 0.059939 0.113079 0.640276
0.204623 0.308188 0.134474 0.352715
0.151428 0.162296 0.011047 0.675229
0.330477 0.112835 0.437269 0.119419
0.258583 0.235725 0.226057 0.279635
0.244457 0.284880 0.425951 0.044712
0.176790 0.214213 0.080007 0.528989

MOTIF M29 O29
letter-probability matrix: alength= 4 w= 9 nsites= 11187 E= 1337.0e-6
0.974971 0.000000 0.000000 0.025029
0.000358 0.221239 0.743810 0.034594
0.003491 0.265980 0.404834 0.325694
0.003053 0.525909 0.089627 0.381410
0.302890 0.145964 0.087705 0.463441
0.324107 0.097470 0.303097 0.275327
0.222558 0.200037 0.204065 0.373341
0.313720 0.178729 0.085267 0.422284
0.309590 0.345576 0.216565 0.128269

MOTIF M30 O30
letter-probability matrix: alength= 4 w= 9 nsites= 11187 E= 1337.0e-6
0.505587 0.169929 0.323679 0.000805
0.001610 0.053587 0.176865 0.767937
0.819156 0.164281 0.015663 0.000900
0.010905 0.501545 0.050345 0.437205
0.131026 0.308029 0.125778 0.435167
0.173674 0.198398 0.256857 0.371071
0.508821 0.294955 0.079955 0.116269
0.329767 0.408581 0.184640 0.077013
0.373252 0.176673 0.114052 0.336023

MOTIF M31 O31
letter-probability matrix: alength= 4 w= 9 nsites= 11130 E= 1337.0e-6
0.318329 0.674394 0.005750 0.001527
0.027173 0.185630 0.046815 0.740383
0.269802 0.021454 0.047026 0.661718
0.235648 0.337421 0.249025 0.177907
0.152454 0.437847 0.049202 0.360497
0.710345 0.035572 0.131397 0.122686
0.221512 0.006761 0.447695 0.324032
0.424312 0.189891 0.209469 0.176328
0.749870 0.056913 0.054444 0.138773

MOTIF M32 O32
letter-probability matrix: alength= 4 w= 9 nsites= 11146 E= 1337.0e-6
0.010228 0.026287 0.935223 0.028261
0.451415 0.029142 0.059230 0.460214
0.284032 0.107522 0.065681 0.542765
0.135357 0.415489 0.074542 0.374612
0.395629 0.144949 0.122987 0.336436
0.105979 0.163029 0.381736 0.349257
0.204609 0.144909 0.442551 0.207931
0.116335 0.742736 0.046686 0.094243
0.050861 0.239113 0.348712 0.361314

MOTIF M33 O33
letter-probability matrix: alength= 4 w= 9 nsites= 11187 E= 1337.0e-6
0.305712 0.143470 0.113346 0.437472
0.024768 0.028612 0.945815 0.000805
0.730240 0.001185 0.151518 0.117057
0.370857 0.400279 0.011825 0.217039
0.261851 0.237312 0.236917 0.263920
0.359562 0.052527 0.027514 0.560396
0.074947 0.374200 0.294456 0.256397
0.187643 0.156315 0.117589 0.538453
0.049578 0.215093 0.593507 0.141823

MOTIF M34 O34
letter-probability matrix: alength= 4 w= 9 nsites= 11187 E= 1337.0e-6
0.105122 0.094395 0.573165 0.227317
0.608517 0.245840 0.123367 0.022276
0.117773 0.199302 0.196528 0.486397
0.246347 0.306858 0.340296 0.106499
0.441280 0.457364 0.070806 0.030551
0.084631 0.645269 0.231296 0.038804
0.087151 0.074310 0.180949 0.657590
0.122114 0.164346 0.026750 0.686790
0.460000 0.159907 0.204907 0.175185

MOTIF M35 O35
letter-probability matrix: alength= 4 w= 9 nsites= 11187 E= 1337.0e-6
0.293765 0.349041 0.318043 0.039151
0.728095 0.028042 0.039419 0.204444
0.019250 0.108572 0.280022 0.592156
0.148502 0.095111 0.550542 0.205845
0.102302 0.073556 0.548802 0.275341
0.441849 0.035895 0.018091 0.504164
0.030945 0.464075 0.478774 0.026206
0.645420 0.222552 0.008894 0.123135
0.298097 0.473149 0.028295 0.200458

MOTIF M36 O36
letter-probability matrix: alength= 4 w= 9 nsites= 11185 E= 1337.0e-6
0.540724 0.161913 0.101296 0.196066
0.178140 0.217886 0.300242 0.303733
0.207650 0.496193 0.158201 0.137956
0.184402 0.269834 0.059256 0.486508
0.436400 0.012037 0.039526 0.512037
0.020445 0.671620 0.303341 0.004593
0.000183 0.231325 0.309774 0.458718
0.386558 0.401157 0.209439 0.002846
0.005678 0.065996 0.222098 0.706227

MOTIF M37 O37
letter-probability matrix: alength= 4 w= 9 nsites= 11185 E= 1337.0e-6
0.570496 0.011533 0.033974 0.383996
0.175955 0.140979 0.474819 0.208248
0.049244 0.615322 0.252521 0.082913
0.245833 0.124185 0.202174 0.427808
0.230994 0.204587 0.021473 0.542946
0.013207 0.347656 0.015997 0.623140
0.490687 0.478207 0.025622 0.005484
0.387985 0.302659 0.028315 0.281041
0.407361 0.409879 0.004939 0.177821

MOTIF M38 O38
letter-probability matrix: alength= 4 w= 9 nsites= 11158 E= 1337.0e-6
0.045617 0.039165 0.169475 0.745743
0.138819 0.399982 0.459309 0.001891
0.814456 0.063495 0.000366 0.121683
0.051184 0.605631 0.021164 0.322021
0.037422 0.478170 0.071181 0.413226
0.262298 0.125637 0.273011 0.339054
0.409255 0.251694 0.286319 0.052732
0.261163 0.403791 0.014456 0.320591
0.068939 0.269549 0.244391 0.417120

MOTIF M39 O39
letter-probability matrix: alength= 4 w= 9 nsites= 11187 E= 1337.0e-6
0.083490 0.310360 0.163762 0.442388
0.071697 0.440819 0.482925 0.004559
0.446467 0.065997 0.467360 0.020176
0.278345 0.322793 0.159996 0.238865
0.426870 0.030179 0.165258 0.377693
0.052520 0.318428 0.411257 0.217795
0.078474 0.261579 0.009188 0.650759
0.504538 0.201681 0.027802 0.265979
0.087371 0.744437 0.010789 0.157403

MOTIF M40 O40
letter-probability matrix: alength= 4 w= 9 nsites= 11187 E= 1337.0e-6
0.059434 0.332349 0.582617 0.025600
0.073008 0.171966 0.029879 0.725146
0.270502 0.532693 0.169099 0.027706
0.006543 0.211795 0.082998 0.698663
0.117781 0.322048 0.014130 0.546041
0.254216 0.259076 0.099762 0.386946
0.298884 0.319092 0.156563 0.225462
0.691636 0.041820 0.064428 0.202115
0.144184 0.039394 0.537146 0.279277

MOTIF M41 O41
letter-probability matrix: alength= 4 w= 9 nsites= 11152 E= 1337.0e-6
0.015961 0.165531 0.478748 0.339760
0.223070 0.014363 0.537792 0.224776
0.476182 0.310909 0.147909 0.065000
0.602641 0.053452 0.298799 0.045109
0.015658 0.167238 0.159918 0.657185
0.095522 0.662501 0.238758 0.003219
0.446817 0.089557 0.036905 0.426722
0.137874 0.211550 0.342974 0.307602
0.433162 0.491621 0.020012 0.055205

MOTIF M42 O42
letter-probability matrix: alength= 4 w= 9 nsites= 11011 E= 1337.0e-6
0.019072 0.054309 0.884207 0.042412
0.301326 0.115365 0.372719 0.210589
0.344093 0.053494 0.147411 0.455003
0.048733 0.384246 0.289845 0.277176
0.177233 0.133741 0.155329 0.533698
0.019219 0.128371 0.463793 0.388618
0.361580 0.291142 0.037460 0.309819
0.080447 0.500538 0.332760 0.086255
0.939868 0.013785 0.036796 0.009552

MOTIF M43 O43
letter-probability matrix: alength= 4 w= 9 nsites= 11187 E= 1337.0e-6
0.156205 0.565272 0.056152 0.222371
0.300045 0.013166 0.007344 0.679445
0.171134 0.245899 0.295294 0.287674
0.445272 0.001974 0.058496 0.494258
0.407956 0.007812 0.319864 0.264368
0.867164 0.119345 0.008814 0.004677
0.010530 0.281681 0.417938 0.289851
0.177745 0.243473 0.165988 0.412794
0.379970 0.089119 0.332889 0.198022

MOTIF M44 O44
letter-probability matrix: alength= 4 w= 9 nsites= 11187 E= 1337.0e-6
0.018861 0.685975 0.244927 0.050237
0.362799 0.107990 0.010289 0.518923
0.155673 0.635777 0.067485 0.141065
0.590950 0.266516 0.014027 0.128507
0.024251 0.229700 0.155223 0.590827
0.815830 0.006124 0.157481 0.020565
0.333826 0.069682 0.381357 0.215136
0.312935 0.236302 0.302297 0.148465
0.245956 0.286448 0.269011 0.198586

MOTIF M45 O45
letter-probability matrix: alength= 4 w= 9 nsites= 11187 E= 1337.0e-6
0.546146 0.009301 0.006528 0.438025
0.018548 0.477240 0.236918 0.267294
0.526998 0.109650 0.101739 0.261613
0.277173 0.313342 0.278649 0.130836
0.617807 0.110465 0.040547 0.231181
0.236416 0.196705 0.553643 0.013237
0.021181 0.094096 0.017807 0.866917
0.406223 0.008521 0.389947 0.195309
0.059405 0.206222 0.615757 0.118616

MOTIF M46 O46
letter-probability matrix: alength= 4 w= 9 nsites= 11187 E= 1337.0e-6
0.852825 0.096656 0.000536 0.049982
0.205119 0.135762 0.291570 0.367550
0.307969 0.490826 0.168196 0.033010
0.201512 0.557894 0.026783 0.213811
0.267325 0.060730 0.288469 0.383476
0.028231 0.231664 0.668636 0.071469
0.503083 0.061463 0.020582 0.414872
0.459496 0.248758 0.208445 0.083301
0.024501 0.049584 0.299245 0.626671

MOTIF M47 O47
letter-probability matrix: alength= 4 w= 9 nsites= 11101 E= 1337.0e-6
0.554184 0.002702 0.442843 0.000270
0.523108 0.011099 0.461608 0.004185
0.594136 0.229580 0.003091 0.173192
0.302864 0.336112 0.238623 0.122401
0.118842 0.175778 0.396067 0.309313
0.428389 0.121107 0.392497 0.058006
0.081520 0.080343 0.324903 0.513234
0.256022 0.046029 0.208085 0.489864
0.003967 0.803919 0.159173 0.032941

MOTIF M48 O48
letter-probability matrix: alength= 4 w= 9 nsites= 11187 E= 1337.0e-6
0.013217 0.200054 0.521219 0.265510
0.787659 0.001809 0.045327 0.165204
0.436387 0.183944 0.290803 0.088867
0.145112 0.026987 0.341488 0.486413
0.126658 0.245051 0.510379 0.117913
0.465729 0.040417 0.297571 0.196283
0.078851 0.228696 0.599384 0.093070
0.221574 0.087945 0.120447 0.570034
0.778850 0.029053 0.152275 0.039821

MOTIF M49 O49
letter-probability matrix: alength= 4 w= 9 nsites= 11187 E= 1337.0e-6
0.465850 0.009208 0.153227 0.371715
0.279849 0.003594 0.175007 0.541551
0.000000 0.608598 0.390182 0.001220
0.048266 0.364399 0.037526 0.549809
0.252802 0.189080 0.304665 0.253453
0.523580 0.011388 0.442390 0.022642
0.242039 0.086101 0.131475 0.540385
0.281963 0.127713 0.000968 0.589357
0.035946 0.255427 0.091909 0.616718

MOTIF M50 O50
letter-probability matrix: alength= 4 w= 9 nsites= 11169 E= 1337.0e-6
0.049423 0.037067 0.629600 0.283911
0.593200 0.009935 0.368244 0.028621
0.236815 0.253920 0.132852 0.376414
0.004154 0.438906 0.512665 0.044276
0.323965 0.076640 0.050913 0.548481
0.074531 0.747078 0.016869 0.161521
0.628120 0.076680 0.007792 0.287408
0.272779 0.496644 0.141736 0.088841
0.520411 0.279059 0.028482 0.172048

MOTIF M51 O51
letter-probability matrix: alength= 4 w= 9 nsites= 11187 E= 1337.0e-6
0.381604 0.039868 0.495933 0.082596
0.376866 0.454545 0.134263 0.034326
0.230914 0.091811 0.169319 0.507956
0.076167 0.522081 0.225103 0.176649
0.557832 0.138474 0.244476 0.059218
0.477856 0.067013 0.107811 0.347320
0.147744 0.002865 0.203349 0.646042
0.000270 0.423762 0.575248 0.000720
0.216221 0.435829 0.016661 0.331289

MOTIF M52 O52
letter-probability matrix: alength= 4 w= 9 nsites= 11187 E= 1337.0e-6
0.002414 0.468222 0.146331 0.383034
0.333959 0.459406 0.085837 0.120798
0.034300 0.107031 0.330610 0.528060
0.538600 0.185967 0.143218 0.132215
0.215708 0.289540 0.398842 0.095910
0.606430 0.008015 0.321978 0.063576
0.706305 0.175702 0.043258 0.074735
0.054623 0.472736 0.444571 0.028070
0.032784 0.263668 0.308546 0.395002

MOTIF M53 O53
letter-probability matrix: alength= 4 w= 9 nsites= 11177 E= 1337.0e-6
0.200948 0.107542 0.619039 0.072470
0.125984 0.098037 0.022248 0.753731
0.009657 0.031851 0.375244 0.583248
0.530206 0.231838 0.037782 0.200175
0.014874 0.458693 0.341910 0.184523
0.420103 0.247113 0.208351 0.124433
0.041046 0.670481 0.234726 0.053748
0.455860 0.255816 0.097956 0.190367
0.097042 0.204719 0.645508 0.052731

MOTIF M54 O54
letter-probability matrix: alength= 4 w= 9 nsites= 11187 E= 1337.0e-6
0.403708 0.023468 0.023916 0.548907
0.081446 0.455232 0.113628 0.349694
0.272918 0.024836 0.480825 0.221421
0.688493 0.068418 0.236018 0.007071
0.007462 0.486596 0.444588 0.061354
0.586310 0.235272 0.044417 0.134000
0.332294 0.409392 0.166856 0.091459
0.349985 0.478362 0.000194 0.171459
0.436392 0.019496 0.105750 0.438362

MOTIF M55 O55
letter-probability matrix: alength= 4 w= 9 nsites= 11183 E= 1337.0e-6
0.123133 0.012787 0.532147 0.331932
0.232689 0.585359 0.144383 0.037569
0.473669 0.338883 0.131980 0.055467
0.015814 0.819602 0.124432 0.040152
0.146094 0.283617 0.028667 0.541622
0.425312 0.438581 0.028347 0.107760
0.183933 0.362947 0.069987 0.383134
0.129212 0.285805 0.521377 0.063606
0.147475 0.329612 0.001489 0.521425

MOTIF M56 O56
letter-probability matrix: alength= 4 w= 9 nsites= 11187 E= 1337.0e-6
0.718066 0.181908 0.068025 0.032001
0.557608 0.001883 0.279297 0.161212
0.071767 0.568839 0.012829 0.346565
0.112435 0.440600 0.100010 0.346956
0.103765 0.042360 0.751532 0.102342
0.028981 0.092056 0.503239 0.375725
0.380776 0.215804 0.028535 0.374884
0.079471 0.280548 0.246723 0.393258
0.180075 0.102641 0.064769 0.652515

MOTIF M57 O57
letter-probability matrix: alength= 4 w= 9 nsites= 11187 E= 1337.0e-6
0.481448 0.023424 0.409030 0.086097
0.156354 0.017910 0.394824 0.430913
0.439060 0.049465 0.167505 0.343970
0.194708 0.750885 0.047513 0.006894
0.186813 0.495105 0.080819 0.237263
0.061062 0.000614 0.277079 0.661246
0.024501 0.661015 0.300734 0.013750
0.509406 0.139779 0.000105 0.350709
0.139036 0.206492 0.279975 0.374498

MOTIF M58 O58
letter-probability matrix: alength= 4 w= 9 nsites= 11187 E= 1337.0e-6
0.532788 0.095889 0.147522 0.223801
0.018790 0.545257 0.008853 0.427100
0.104929 0.118310 0.000193 0.776569
0.224403 0.446526 0.258301 0.070770
0.130319 0.236395 0.243146 0.390139
0.636542 0.134993 0.113406 0.115059
0.073279 0.067164 0.182939 0.676617
0.645743 0.122468 0.040293 0.191496
0.561430 0.147474 0.273009 0.018086

MOTIF M59 O59
letter-probability matrix: alength= 4 w= 9 nsites= 11187 E= 1337.0e-6
0.141950 0.580316 0.212747 0.064986
0.202735 0.162778 0.384464 0.250022
0.263633 0.242446 0.443233 0.050688
0.324237 0.126331 0.538874 0.010557
0.321003 0.248455 0.309539 0.121003
0.668162 0.033552 0.024670 0.273616
0.028971 0.235199 0.060289 0.675542
0.465622 0.360378 0.002842 0.171159
0.269487 0.013516 0.269857 0.447139

MOTIF M60 O60
letter-probability matrix: alength= 4 w= 9 nsites= 11187 E= 1337.0e-6
0.212587 0.061327 0.587520 0.138566
0.057361 0.238186 0.019303 0.685150
0.082364 0.044672 0.143974 0.728990
0.516506 0.436992 0.042580 0.003923
0.188677 0.157149 0.117291 0.536883
0.372630 0.481288 0.118090 0.027992
0.142051 0.104205 0.272103 0.481641
0.327612 0.173441 0.460615 0.038332
0.527873 0.245176 0.187500 0.039451

MOTIF M61 O61
letter-probability matrix: alength= 4 w= 9 nsites= 11182 E= 1337.0e-6
0.135754 0.026561 0.550885 0.286800
0.374641 0.026131 0.143499 0.455729
0.472688 0.032249 0.477127 0.017936
0.030393 0.140162 0.777396 0.052049
0.056134 0.642057 0.165454 0.136355
0.032954 0.551058 0.097742 0.318247
0.234372 0.370374 0.115095 0.280159
0.315038 0.174784 0.347863 0.162315
0.111147 0.589003 0.083868 0.215982

MOTIF M62 O62
letter-probability matrix: alength= 4 w= 9 nsites= 11187 E= 1337.0e-6
0.833736 0.028873 0.067221 0.070171
0.421994 0.123201 0.248637 0.206169
0.173046 0.199428 0.529333 0.098194
0.042010 0.094411 0.151738 0.711842
0.454652 0.191399 0.243960 0.109989
0.250408 0.383645 0.003177 0.362770
0.219736 0.061996 0.520176 0.198092
0.265621 0.486479 0.057037 0.190863
0.088776 0.632977 0.021959 0.256288

MOTIF M63 O63
letter-probability matrix: alength= 4 w= 9 nsites= 11187 E= 1337.0e-6
0.299365 0.003933 0.347457 0.349245
0.011621 0.539734 0.443104 0.005542
0.060329 0.313766 0.075344 0.550561
0.043866 0.084456 0.276938 0.594740
0.182011 0.329129 0.028172 0.460689
0.286248 0.372328 0.039585 0.301839
0.617633 0.073127 0.241188 0.068052
0.398369 0.019909 0.539818 0.041904
0.563715 0.224928 0.158807 0.052551

MOTIF M64 O64
letter-probability matrix: alength= 4 w= 9 nsites= 11185 E= 1337.0e-6
0.338405 0.122975 0.368388 0.170232
0.001990 0.986434 0.000724 0.010853
0.155043 0.388808 0.004176 0.451973
0.331876 0.007510 0.638982 0.021632
0.014593 0.044939 0.675122 0.265346
0.299634 0.027604 0.374543 0.298219
0.218117 0.107986 0.350417 0.323480
0.164907 0.120328 0.423569 0.291196
0.188308 0.424843 0.311373 0.075477

MOTIF M65 O65
letter-probability matrix: alength= 4 w= 9 nsites= 11151 E= 1337.0e-6
0.067528 0.166801 0.014797 0.750874
0.400018 0.340824 0.112999 0.146159
0.154354 0.631912 0.102779 0.110956
0.130051 0.382091 0.027224 0.460634
0.484965 0.053342 0.400402 0.061291
0.095298 0.161206 0.163037 0.580459
0.165430 0.001757 0.829104 0.003709
0.287202 0.109425 0.402778 0.200595
0.182683 0.398936 0.328216 0.090165

MOTIF M66 O66
letter-probability matrix: alength= 4 w= 9 nsites= 11187 E= 1337.0e-6
0.285152 0.004916 0.123536 0.586395
0.000268 0.856747 0.130279 0.012706
0.258657 0.135008 0.006649 0.599686
0.061566 0.005605 0.695348 0.237481
0.338031 0.052181 0.602552 0.007237
0.427272 0.265363 0.155908 0.151456
0.323391 0.181221 0.134125 0.361264
0.118234 0.352361 0.238502 0.290904
0.428317 0.399244 0.084908 0.087531

MOTIF M67 O67
letter-probability matrix: alength= 4 w= 9 nsites= 11187 E= 1337.0e-6
0.363547 0.032806 0.000536 0.603111
0.010817 0.001341 0.974879 0.012963
0.067532 0.405911 0.156650 0.369906
0.008400 0.378195 0.535905 0.077500
0.330801 0.115606 0.232220 0.321373
0.394615 0.109192 0.178087 0.318106
0.274203 0.196978 0.237829 0.290990
0.371130 0.398231 0.043380 0.187259
0.080864 0.308067 0.093577 0.517492

MOTIF M68 O68
letter-probability matrix: alength= 4 w= 9 nsites= 11019 E= 1337.0e-6
0.064253 0.071241 0.832199 0.032308
0.520900 0.142047 0.280972 0.056081
0.547778 0.040530 0.188823 0.222869
0.231958 0.092455 0.567192 0.108395
0.160537 0.241106 0.531115 0.067241
0.220199 0.105290 0.195129 0.479382
0.611936 0.042657 0.047327 0.298080
0.167977 0.614377 0.082050 0.135597
0.092707 0.104470 0.215997 0.586826

MOTIF M69 O69
letter-probability matrix: alength= 4 w= 9 nsites= 11187 E= 1337.0e-6
0.228211 0.631805 0.003039 0.136945
0.115907 0.002533 0.769363 0.112197
0.018547 0.125333 0.028464 0.827656
0.152491 0.327870 0.326363 0.193275
0.553103 0.216654 0.113628 0.116615
0.082316 0.381056 0.240744 0.295884
0.479238 0.122052 0.254283 0.144427
0.259107 0.465264 0.159672 0.115957
0.233701 0.155872 0.247399 0.363028

MOTIF M70 O70
letter-probability matrix: alength= 4 w= 9 nsites= 11187 E= 1337.0e-6
0.516671 0.055243 0.374452 0.053634
0.431751 0.099490 0.301332 0.167426
0.001609 0.389485 0.600948 0.007958
0.301157 0.063268 0.145065 0.490510
0.142036 0.161753 0.040164 0.656047
0.083449 0.732723 0.007031 0.176797
0.228637 0.298994 0.300418 0.171952
0.373925 0.205123 0.082011 0.338941
0.264420 0.045354 0.539143 0.151083

MOTIF M71 O71
letter-probability matrix: alength= 4 w= 9 nsites= 11187 E= 1337.0e-6
0.560651 0.025565 0.277822 0.135961
0.070445 0.115949 0.404792 0.408815
0.099151 0.352168 0.352436 0.196245
0.156742 0.073230 0.333959 0.436069
0.225763 0.689016 0.065348 0.019873
0.291363 0.525804 0.168693 0.014140
0.327375 0.042827 0.216949 0.412848
0.022139 0.388848 0.073615 0.515397
0.387297 0.017567 0.553439 0.041697

MOTIF M72 O72
letter-probability matrix: alength= 4 w= 9 nsites= 11174 E= 1337.0e-6
0.008497 0.918123 0.027711 0.045670
0.159945 0.146275 0.009569 0.684211
0.044965 0.197098 0.219652 0.538285
0.135203 0.011956 0.060369 0.792472
0.129472 0.439605 0.331687 0.099237
0.139011 0.360913 0.243042 0.257034
0.069237 0.253816 0.018813 0.658134
0.052640 0.093877 0.535145 0.318338
0.134705 0.578042 0.225044 0.062209

MOTIF M73 O73
letter-probability matrix: alength= 4 w= 9 nsites= 11177 E= 1337.0e-6
0.273955 0.217858 0.445110 0.063076
0.149906 0.070010 0.187831 0.592253
0.505458 0.253225 0.157691 0.083627
0.085224 0.006353 0.058268 0.850154
0.024719 0.019007 0.435768 0.520506
0.706695 0.270957 0.014195 0.008153
0.213488 0.392864 0.112429 0.281219
0.258678 0.572090 0.061073 0.108160
0.338103 0.258269 0.164852 0.238777

MOTIF M74 O74
letter-probability matrix: alength= 4 w= 9 nsites= 11184 E= 1337.0e-6
0.141720 0.108816 0.414878 0.334585
0.071997 0.283874 0.202844 0.441284
0.064753 0.222870 0.165830 0.546547
0.196100 0.232485 0.569339 0.002077
0.209313 0.194893 0.235672 0.360121
0.331148 0.443593 0.194516 0.030742
0.004932 0.165907 0.310877 0.518284
0.639323 0.358984 0.000470 0.001223
0.819139 0.039264 0.119499 0.022098

MOTIF M75 O75
letter-probability matrix: alength= 4 w= 9 nsites= 11187 E= 1337.0e-6
0.070528 0.882185 0.022884 0.024403
0.247434 0.048703 0.399981 0.303881
0.284842 0.144722 0.250376 0.320060
0.238410 0.148711 0.145218 0.467661
0.106232 0.393721 0.192260 0.307787
0.150478 0.006692 0.641491 0.201338
0.069006 0.613221 0.061854 0.255920
0.501913 0.027868 0.061230 0.408988
0.365728 0.245136 0.317136 0.072000

MOTIF M76 O76
letter-probability matrix: alength= 4 w= 9 nsites= 11187 E= 1337.0e-6
0.118083 0.146331 0.001251 0.734334
0.458434 0.468546 0.071588 0.001432
0.140986 0.003071 0.036940 0.819003
0.335297 0.064721 0.402504 0.197477
0.195247 0.273439 0.337838 0.193476
0.345479 0.048039 0.470994 0.135488
0.141817 0.035504 0.621361 0.201318
0.311266 0.484683 0.073602 0.130448
0.497597 0.247570 0.220976 0.033857

MOTIF M77 O77
letter-probability matrix: alength= 4 w= 9 nsites= 11187 E= 1337.0e-6
0.535175 0.129615 0.105748 0.229463
0.202110 0.405560 0.267185 0.125145
0.275588 0.155180 0.315098 0.254134
0.158949 0.132666 0.032809 0.675577
0.356031 0.000626 0.481747 0.161596
0.051509 0.396309 0.483383 0.068799
0.076792 0.734956 0.084606 0.103646
0.433155 0.193856 0.364446 0.008543
0.150060 0.523923 0.000092 0.325925

MOTIF M78 O78
letter-probability matrix: alength= 4 w= 9 nsites= 11187 E= 1337.0e-6
0.032633 0.521502 0.445507 0.000358
0.246654 0.131749 0.325776 0.295821
0.471202 0.115747 0.145468 0.267584
0.088252 0.483430 0.035654 0.392664
0.003478 0.042333 0.786644 0.167544
0.519816 0.311316 0.088274 0.080594
0.232397 0.263446 0.223766 0.280392
0.479796 0.074640 0.286751 0.158813
0.482462 0.455438 0.022391 0.039709

MOTIF M79 O79
letter-probability matrix: alength= 4 w= 9 nsites= 11186 E= 1337.0e-6
0.107188 0.326122 0.295816 0.270874
0.238355 0.087975 0.016182 0.657488
0.467897 0.032606 0.288337 0.211161
0.065989 0.341070 0.510646 0.082294
0.266667 0.140927 0.591290 0.001117
0.001184 0.424967 0.501717 0.072131
0.316316 0.443684 0.147763 0.092237
0.014615 0.301944 0.643182 0.040259
0.037257 0.543986 0.120697 0.298059

MOTIF M80 O80
letter-probability matrix: alength= 4 w= 9 nsites= 11187 E= 1337.0e-6
0.624296 0.030661 0.059355 0.285689
0.101993 0.131224 0.672656 0.094127
0.600626 0.090072 0.039714 0.269589
0.059977 0.186375 0.144571 0.609077
0.153333 0.285766 0.191532 0.369369
0.187778 0.234654 0.164385 0.413183
0.076594 0.820795 0.023469 0.079141
0.458245 0.098668 0.093431 0.349655
0.186560 0.085756 0.672851 0.054832

MOTIF M81 O81
letter-probability matrix: alength= 4 w= 9 nsites= 11141 E= 1337.0e-6
0.182210 0.695719 0.048111 0.073961
0.918289 0.046201 0.004773 0.030737
0.157900 0.044764 0.750024 0.047311
0.035870 0.369521 0.370052 0.224557
0.182622 0.073071 0.165855 0.578452
0.005282 0.385915 0.307394 0.301408
0.165989 0.104868 0.302033 0.427110
0.203455 0.086627 0.618444 0.091474
0.285017 0.437477 0.205783 0.071724

MOTIF M82 O82
letter-probability matrix: alength= 4 w= 9 nsites= 11185 E= 1337.0e-6
0.024270 0.845573 0.095910 0.034247
0.360187 0.074948 0.438046 0.126819
0.048018 0.407568 0.263197 0.281217
0.355111 0.332504 0.067496 0.244889
0.341904 0.307330 0.147593 0.203173
0.785461 0.065944 0.120270 0.028325
0.104744 0.231244 0.622743 0.041269
0.007706 0.448764 0.278781 0.264750
0.025082 0.535327 0.240462 0.199129

MOTIF M83 O83
letter-probability matrix: alength= 4 w= 9 nsites= 11187 E= 1337.0e-6
0.010191 0.337028 0.016986 0.635795
0.031547 0.006960 0.678749 0.282744
0.755001 0.004496 0.015507 0.224995
0.158962 0.304956 0.456322 0.079759
0.182602 0.112859 0.630437 0.074102
0.267246 0.248122 0.113084 0.371548
0.192642 0.396081 0.042787 0.368489
0.435366 0.148539 0.227473 0.188621
0.137852 0.322036 0.309287 0.230825

MOTIF M84 O84
letter-probability matrix: alength= 4 w= 9 nsites= 11187 E= 1337.0e-6
0.165996 0.470278 0.296415 0.067310
0.607992 0.002503 0.010191 0.379313
0.186620 0.430275 0.265895 0.117209
0.103179 0.461762 0.193460 0.241599
0.191719 0.241825 0.517175 0.049281
0.511258 0.071133 0.152468 0.265141
0.411124 0.172124 0.030348 0.386403
0.167870 0.001203 0.023783 0.807144
0.011405 0.133215 0.677947 0.177433

MOTIF M85 O85
letter-probability matrix: alength= 4 w= 9 nsites= 11182 E= 1337.0e-6
0.283670 0.001520 0.208281 0.506528
0.060102 0.009123 0.169216 0.761560
0.001704 0.670343 0.326518 0.001435
0.618137 0.011290 0.104980 0.265592
0.050655 0.613172 0.103417 0.232756
0.295764 0.125857 0.436367 0.142012
0.297596 0.218905 0.372186 0.111312
0.279182 0.260874 0.019762 0.440182
0.246923 0.185193 0.357185 0.210699

MOTIF M86 O86
letter-probability matrix: alength= 4 w= 9 nsites= 11090 E= 1337.0e-6
0.189179 0.060775 0.166817 0.583228
0.282697 0.171576 0.321853 0.223874
0.154740 0.427352 0.168180 0.249728
0.286442 0.526416 0.181959 0.005183
0.078471 0.168594 0.176240 0.576695
0.411931 0.572355 0.014526 0.001188
0.497696 0.023041 0.007373 0.471889
0.009481 0.151887 0.116657 0.721974
0.379516 0.096633 0.435846 0.088004

MOTIF M87 O87
letter-probability matrix: alength= 4 w= 9 nsites= 11152 E= 1337.0e-6
0.000269 0.953551 0.041517 0.004663
0.140592 0.575699 0.006767 0.276942
0.223952 0.083832 0.632989 0.059227
0.210222 0.101333 0.687000 0.001444
0.165212 0.397734 0.099830 0.337224
0.142309 0.313546 0.238267 0.305878
0.190912 0.188863 0.236953 0.383271
0.194390 0.104424 0.440806 0.260381
0.190844 0.361232 0.339529 0.108395

MOTIF M88 O88
letter-probability matrix: alength= 4 w= 9 nsites= 11187 E= 1337.0e-6
0.001162 0.002592 0.995977 0.000268
0.108468 0.478941 0.011357 0.401234
0.226577 0.286174 0.387025 0.100224
0.535205 0.200915 0.083864 0.180016
0.198921 0.336899 0.143640 0.320539
0.339189 0.105856 0.280270 0.274685
0.123453 0.450375 0.069268 0.356904
0.380657 0.061652 0.159548 0.398142
0.479824 0.063318 0.417605 0.039253

MOTIF M89 O89
letter-probability matrix: alength= 4 w= 9 nsites= 11187 E= 1337.0e-6
0.288549 0.000000 0.000447 0.711004
0.000090 0.824082 0.175112 0.000716
0.505532 0.119064 0.187017 0.188387
0.167543 0.236385 0.011408 0.584664
0.194275 0.163825 0.408749 0.233151
0.144024 0.260856 0.442928 0.152192
0.545560 0.069345 0.338372 0.046723
0.085751 0.595745 0.054588 0.263916
0.281703 0.229922 0.141525 0.346849

MOTIF M90 O90
letter-probability matrix: alength= 4 w= 9 nsites= 11187 E= 1337.0e-6
0.240590 0.015199 0.372642 0.371569
0.223782 0.186500 0.579079 0.010639
0.009032 0.042121 0.339027 0.609819
0.590173 0.396313 0.000358 0.013157
0.780663 0.000629 0.011501 0.207206
0.197191 0.231808 0.295514 0.275487
0.507661 0.191485 0.070557 0.230296
0.492908 0.066376 0.362937 0.077779
0.176243 0.211586 0.254772 0.357399

MOTIF M91 O91
letter-probability matrix: alength= 4 w= 9 nsites= 11187 E= 1337.0e-6
0.440032 0.009143 0.486375 0.064450
0.786055 0.010630 0.111792 0.091523
0.265652 0.190722 0.519163 0.024463
0.432146 0.307320 0.061204 0.199330
0.210451 0.009953 0.679682 0.099914
0.224104 0.234090 0.333170 0.208635
0.006646 0.289951 0.003769 0.699633
0.135255 0.467115 0.169595 0.228035
0.312729 0.061305 0.200793 0.425173

MOTIF M92 O92
letter-probability matrix: alength= 4 w= 9 nsites= 11163 E= 1337.0e-6
0.585506 0.052405 0.076503 0.285586
0.094009 0.309824 0.436308 0.159860
0.209839 0.197237 0.397741 0.195183
0.022427 0.262250 0.541462 0.173860
0.308944 0.082588 0.001427 0.607041
0.001156 0.009635 0.243954 0.745255
0.348051 0.634795 0.000682 0.016472
0.014791 0.323705 0.217788 0.443716
0.217278 0.204922 0.332697 0.245103

MOTIF M93 O93
letter-probability matrix: alength= 4 w= 9 nsites= 11164 E= 1337.0e-6
0.000537 0.173415 0.675475 0.150573
0.025579 0.502483 0.132859 0.339080
0.059351 0.400231 0.446671 0.093747
0.132959 0.546403 0.238953 0.081685
0.289089 0.597397 0.060360 0.053153
0.055409 0.196164 0.359854 0.388573
0.464487 0.116122 0.399816 0.019576
0.176136 0.363034 0.418504 0.042326
0.249683 0.340419 0.228003 0.181895

MOTIF M94 O94
letter-probability matrix: alength= 4 w= 9 nsites= 11164 E= 1337.0e-6
0.072017 0.285650 0.000717 0.641616
0.670736 0.016697 0.049372 0.263196
0.553967 0.078701 0.278198 0.089135
0.135576 0.227404 0.191142 0.445878
0.392624 0.340069 0.089888 0.177419
0.235519 0.233969 0.011493 0.519019
0.667620 0.004613 0.229151 0.098616
0.035525 0.170578 0.249606 0.544291
0.463812 0.044141 0.262494 0.229553

MOTIF M95 O95
letter-probability matrix: alength= 4 w= 9 nsites= 11187 E= 1337.0e-6
0.097165 0.050063 0.193433 0.659340
0.674331 0.000090 0.111371 0.214209
0.204427 0.292604 0.226741 0.276228
0.572782 0.000902 0.409891 0.016425
0.011754 0.004973 0.538698 0.444575
0.600587 0.127878 0.261352 0.010183
0.000838 0.258449 0.354809 0.385904
0.134667 0.293987 0.292923 0.278422
0.364704 0.292280 0.159073 0.183943

MOTIF M96 O96
letter-probability matrix: alength= 4 w= 9 nsites= 11187 E= 1337.0e-6
0.147447 0.188639 0.446199 0.217715
0.227199 0.376919 0.028264 0.367618
0.368207 0.297464 0.017210 0.317120
0.185945 0.215181 0.004177 0.594698
0.838645 0.000546 0.160262 0.000546
0.006660 0.296871 0.068698 0.627771
0.233089 0.000371 0.530574 0.235965
0.336726 0.134389 0.281595 0.247291
0.022035 0.245098 0.260726 0.472141

MOTIF M97 O97
letter-probability matrix: alength= 4 w= 9 nsites= 11187 E= 1337.0e-6
0.327970 0.454009 0.183964 0.034057
0.002860 0.147940 0.016895 0.832305
0.103334 0.262179 0.418075 0.216412
0.430694 0.094497 0.467740 0.007069
0.049150 0.062041 0.493375 0.395434
0.510321 0.124574 0.190540 0.174565
0.004343 0.231813 0.318675 0.445168
0.707202 0.071099 0.058633 0.163066
0.203186 0.233184 0.147848 0.415782

MOTIF M98 O98
letter-probability matrix: alength= 4 w= 9 nsites= 11187 E= 1337.0e-6
0.364709 0.005185 0.008850 0.621257
0.005721 0.145437 0.848842 0.000000
0.727330 0.230928 0.020781 0.020961
0.289409 0.232689 0.118886 0.359016
0.195359 0.239645 0.095692 0.469305
0.120172 0.069598 0.622849 0.187380
0.416885 0.319262 0.200485 0.063367
0.331761 0.328421 0.154436 0.185382
0.121496 0.483791 0.090773 0.303940

MOTIF M99 O99
letter-probability matrix: alength= 4 w= 9 nsites= 11187 E= 1337.0e-6
0.701343 0.074396 0.222919 0.001343
0.007097 0.158013 0.044556 0.790334
0.456413 0.023642 0.368234 0.151712
0.342963 0.155185 0.060000 0.441852
0.171291 0.118076 0.204053 0.506581
0.036034 0.004047 0.344831 0.615088
0.434167 0.342354 0.051663 0.171817
0.327699 0.446323 0.054533 0.171446
0.320225 0.083052 0.104045 0.492678

MOTIF M100 O100
letter-probability matrix: alength= 4 w= 9 nsites= 11187 E= 1337.0e-6
0.181729 0.000000 0.454545 0.363726
0.215065 0.783503 0.000089 0.001342
0.226966 0.088674 0.297251 0.387109
0.028150 0.138731 0.448927 0.384192
0.103802 0.305856 0.001388 0.588954
0.656349 0.029175 0.211614 0.102861
0.084204 0.138489 0.602126 0.175181
0.485044 0.227518 0.184678 0.102760
0.187249 0.318284 0.340319 0.154147

MOTIF M101 O101
letter-probability matrix: alength= 4 w= 9 nsites= 11187 E= 1337.0e-6
0.118452 0.027713 0.655462 0.198373
0.017251 0.708363 0.189487 0.084899
0.143177 0.440615 0.018351 0.397857
0.330508 0.103484 0.457439 0.108569
0.200284 0.516951 0.267045 0.015720
0.231736 0.439851 0.024479 0.303934
0.191096 0.112303 0.155002 0.541599
0.129613 0.233750 0.030224 0.606413
0.269740 0.022756 0.554095 0.153409

MOTIF M102 O102
letter-probability matrix: alength= 4 w= 9 nsites= 11170 E= 1337.0e-6
0.026500 0.141987 0.603939 0.227574
0.439603 0.020839 0.039062 0.500496
0.050627 0.535357 0.311125 0.102890
0.102731 0.486535 0.172505 0.238230
0.513393 0.105792 0.322503 0.058312
0.431646 0.072833 0.071373 0.424148
0.131799 0.083899 0.242254 0.542048
0.082563 0.016393 0.854148 0.046895
0.533408 0.164250 0.124303 0.178039

MOTIF M103 O103
letter-probability matrix: alength= 4 w= 9 nsites= 11179 E= 1337.0e-6
0.324537 0.000268 0.520530 0.154665
0.002417 0.104019 0.893474 0.000090
0.463604 0.286642 0.025772 0.223982
0.524677 0.190764 0.239402 0.045157
0.574660 0.022940 0.194350 0.208050
0.394042 0.066326 0.147983 0.391649
0.150960 0.441799 0.194405 0.212836
0.470046 0.499722 0.025453 0.004779
0.496279 0.005751 0.082770 0.415201

MOTIF M104 O104
letter-probability matrix: alength= 4 w= 9 nsites= 11156 E= 1337.0e-6
0.373611 0.020706 0.176318 0.429365
0.158022 0.220944 0.305528 0.315506
0.066859 0.115312 0.589552 0.228278
0.514686 0.007638 0.119032 0.358643
0.029729 0.917581 0.001555 0.051134
0.440691 0.125393 0.403280 0.030636
0.316811 0.129591 0.048472 0.505126
0.254845 0.248991 0.319035 0.177130
0.440574 0.175102 0.338217 0.046107

MOTIF M105 O105
letter-probability matrix: alength= 4 w= 9 nsites= 11187 E= 1337.0e-6
0.137392 0.579869 0.059444 0.223295
0.031937 0.001256 0.927335 0.039473
0.352181 0.423178 0.008671 0.215970
0.297034 0.091339 0.081332 0.530295
0.143616 0.109016 0.271396 0.475973
0.196279 0.261306 0.397992 0.144423
0.390606 0.203472 0.150933 0.254989
0.138367 0.256432 0.310319 0.294883
0.369896 0.382906 0.044065 0.203134

MOTIF M106 O106
letter-probability matrix: alength= 4 w= 9 nsites= 11187 E= 1337.0e-6
0.057661 0.037368 0.618809 0.286161
0.161146 0.614597 0.091391 0.132867
0.339121 0.027763 0.204015 0.429101
0.261445 0.127368 0.526969 0.084217
0.661131 0.285036 0.029562 0.024270
0.232434 0.248945 0.024307 0.494313
0.142485 0.275470 0.411250 0.170795
0.097356 0.041042 0.051637 0.809965
0.014329 0.339336 0.238552 0.407784

MOTIF M107 O107
letter-probability matrix: alength= 4 w= 9 nsites= 11187 E= 1337.0e-6
0.071869 0.325288 0.515956 0.086887
0.106284 0.574417 0.083937 0.235362
0.243139 0.345401 0.223921 0.187539
0.532988 0.141963 0.179868 0.145181
0.198068 0.394349 0.221855 0.185728
0.185616 0.673137 0.010198 0.131049
0.158673 0.030749 0.216136 0.594442
0.266067 0.001260 0.701710 0.030963
0.186192 0.099691 0.014553 0.699563

MOTIF M108 O108
letter-probability matrix: alength= 4 w= 9 nsites= 11104 E= 1337.0e-6
0.156340 0.139589 0.000450 0.703620
0.615435 0.308042 0.030461 0.046062
0.180638 0.348768 0.150659 0.319935
0.141588 0.289965 0.060609 0.507838
0.350026 0.422279 0.100358 0.127338
0.474313 0.433490 0.045513 0.046685
0.487307 0.352539 0.078918 0.081236
0.372490 0.024346 0.143162 0.460002
0.000457 0.848983 0.001028 0.149532

MOTIF M109 O109
letter-probability matrix: alength= 4 w= 9 nsites= 11186 E= 1337.0e-6
0.392544 0.356070 0.117468 0.133917
0.307706 0.324513 0.093242 0.274540
0.354077 0.078147 0.247765 0.320011
0.235626 0.575248 0.081195 0.107932
0.291715 0.323601 0.057053 0.327631
0.010044 0.237467 0.181598 0.570891
0.624584 0.017277 0.118330 0.239809
0.002255 0.091828 0.880841 0.025077
0.135407 0.109698 0.019762 0.735133

MOTIF M110 O110
letter-probability matrix: alength= 4 w= 9 nsites= 11182 E= 1337.0e-6
0.112502 0.338401 0.124486 0.424611
0.150295 0.449544 0.001521 0.398640
0.046903 0.066685 0.282581 0.603831
0.095899 0.427471 0.023908 0.452722
0.162203 0.356113 0.167129 0.314554
0.694203 0.292716 0.012454 0.000627
0.000090 0.215552 0.364324 0.420034
0.191214 0.195042 0.347248 0.266497
0.481923 0.000647 0.504115 0.013315

MOTIF M111 O111
letter-probability matrix: alength= 4 w= 9 nsites= 11184 E= 1337.0e-6
0.938036 0.038448 0.008047 0.015469
0.028656 0.060267 0.829677 0.081401
0.182743 0.103542 0.063034 0.650681
0.175694 0.332325 0.232976 0.259005
0.281816 0.185928 0.094774 0.437483
0.274172 0.152558 0.145598 0.427671
0.463012 0.155218 0.112097 0.269674
0.298339 0.056289 0.091789 0.553583
0.287943 0.405550 0.232536 0.073971

MOTIF M112 O112
letter-probability matrix: alength= 4 w= 9 nsites= 10817 E= 1337.0e-6
0.145512 0.042156 0.396506 0.415827
0.038953 0.087760 0.645298 0.227989
0.006474 0.029611 0.363706 0.600209
0.075526 0.019509 0.428627 0.476338
0.146193 0.082810 0.290816 0.480181
0.245792 0.083757 0.369386 0.301066
0.063699 0.073043 0.709937 0.153321
0.398048 0.025717 0.086908 0.489327
0.056784 0.261599 0.114803 0.566814

MOTIF M113 O113
letter-probability matrix: alength= 4 w= 9 nsites= 11187 E= 1337.0e-6
0.385809 0.060818 0.056064 0.497309
0.324378 0.041783 0.523228 0.110612
0.591053 0.064076 0.213376 0.131496
0.348719 0.095039 0.330638 0.225604
0.012894 0.484408 0.464106 0.038592
0.006638 0.536127 0.102883 0.354352
0.683202 0.004527 0.087074 0.225197
0.005221 0.242966 0.525573 0.226240
0.622433 0.015549 0.048993 0.313026

MOTIF M114 O114
letter-probability matrix: alength= 4 w= 9 nsites= 11187 E= 1337.0e-6
0.377257 0.314321 0.076435 0.231986
0.406482 0.049154 0.332259 0.212105
0.448643 0.103967 0.317453 0.129936
0.564672 0.080079 0.156485 0.198764
0.373992 0.094461 0.380265 0.151282
0.203107 0.234085 0.225106 0.337703
0.101629 0.120533 0.590962 0.186876
0.121185 0.003702 0.004334 0.870778
0.129476 0.814579 0.055854 0.000091

MOTIF M115 O115
letter-probability matrix: alength= 4 w= 9 nsites= 11187 E= 1337.0e-6
0.560025 0.014302 0.001877 0.423795
0.043578 0.561849 0.381966 0.012607
0.066112 0.608163 0.324151 0.001574
0.197802 0.017761 0.094684 0.689752
0.259972 0.435488 0.146768 0.157772
0.433476 0.091793 0.379107 0.095624
0.158458 0.424763 0.261184 0.155596
0.145206 0.622772 0.109250 0.122772
0.198018 0.152469 0.608439 0.041074

MOTIF M116 O116
letter-probability matrix: alength= 4 w= 9 nsites= 11146 E= 1337.0e-6
0.194420 0.388301 0.054100 0.363180
0.345053 0.333092 0.142080 0.179775
0.554707 0.097237 0.191112 0.156943
0.474063 0.158994 0.213055 0.153888
0.477406 0.124497 0.201244 0.196853
0.008382 0.831430 0.129053 0.031135
0.154460 0.389157 0.001577 0.454805
0.307203 0.017679 0.545207 0.129912
0.010794 0.112627 0.872505 0.004073

MOTIF M117 O117
letter-probability matrix: alength= 4 w= 9 nsites= 11187 E= 1337.0e-6
0.019232 0.482422 0.094910 0.403435
0.426203 0.038265 0.156286 0.379245
0.033076 0.140283 0.803424 0.023216
0.376483 0.038565 0.016721 0.568231
0.365405 0.092703 0.452793 0.089099
0.001273 0.558556 0.114657 0.325514
0.228000 0.228187 0.031235 0.512578
0.011114 0.347273 0.097768 0.543845
0.298161 0.352460 0.190912 0.158467

MOTIF M118 O118
letter-probability matrix: alength= 4 w= 9 nsites= 11187 E= 1337.0e-6
0.153537 0.027452 0.308951 0.510060
0.258599 0.138302 0.202616 0.400484
0.137134 0.439276 0.212512 0.211078
0.215056 0.327255 0.177776 0.279914
0.404693 0.211473 0.363783 0.020050
0.014761 0.012961 0.318002 0.654275
0.498599 0.462720 0.004157 0.034523
0.856831 0.086265 0.011090 0.045814
0.025325 0.415784 0.182429 0.376462

MOTIF M119 O119
letter-probability matrix: alength= 4 w= 9 nsites= 11180 E= 1337.0e-6
0.227264 0.064427 0.179729 0.528580
0.002226 0.071934 0.737758 0.188082
0.723867 0.090071 0.082327 0.103735
0.242014 0.187963 0.242245 0.327778
0.479806 0.030113 0.023028 0.467052
0.576683 0.416346 0.002524 0.004447
0.913043 0.011358 0.067660 0.007938
0.026927 0.312554 0.434895 0.225624
0.182046 0.233647 0.296171 0.288136

MOTIF M120 O120
letter-probability matrix: alength= 4 w= 9 nsites= 11137 E= 1337.0e-6
0.144294 0.084224 0.648469 0.123013
0.043627 0.740274 0.134865 0.081234
0.565269 0.374938 0.038579 0.021214
0.339831 0.025717 0.566793 0.067660
0.265139 0.367431 0.354289 0.013141
0.061892 0.409407 0.164618 0.364083
0.020851 0.250217 0.213184 0.515747
0.033485 0.165872 0.409802 0.390842
0.029062 0.324057 0.447935 0.198945

MOTIF M121 O121
letter-probability matrix: alength= 4 w= 9 nsites= 11187 E= 1337.0e-6
0.302583 0.469652 0.072942 0.154823
0.023509 0.504782 0.471440 0.000268
0.004114 0.500224 0.001252 0.494410
0.331416 0.147236 0.155056 0.366292
0.490120 0.251827 0.005684 0.252368
0.306687 0.111877 0.227929 0.353507
0.551438 0.116111 0.330899 0.001552
0.678466 0.199076 0.024492 0.097967
0.220236 0.227896 0.311868 0.240000

MOTIF M122 O122
letter-probability matrix: alength= 4 w= 9 nsites= 11183 E= 1337.0e-6
0.687293 0.083162 0.128677 0.100867
0.005835 0.788330 0.089946 0.115889
0.331979 0.385988 0.160341 0.121693
0.312986 0.081595 0.382924 0.222495
0.257303 0.434037 0.274977 0.033683
0.018157 0.033886 0.003167 0.944790
0.058748 0.306304 0.369563 0.265385
0.046908 0.162786 0.419944 0.370362
0.548014 0.219183 0.031442 0.201362

MOTIF M123 O123
letter-probability matrix: alength= 4 w= 9 nsites= 11186 E= 1337.0e-6
0.054622 0.046040 0.754515 0.144824
0.270606 0.037368 0.472197 0.219828
0.129996 0.011086 0.513098 0.345820
0.063858 0.673374 0.256864 0.005903
0.256505 0.412435 0.155930 0.175130
0.712397 0.136470 0.116949 0.034185
0.254418 0.292102 0.002254 0.451226
0.316652 0.210282 0.267789 0.205278
0.270498 0.027910 0.348188 0.353404

MOTIF M124 O124
letter-probability matrix: alength= 4 w= 9 nsites= 11187 E= 1337.0e-6
0.000179 0.109669 0.472695 0.417457
0.015990 0.164391 0.422655 0.396964
0.142249 0.185168 0.224737 0.447845
0.443968 0.226410 0.168188 0.161435
0.173417 0.162647 0.598122 0.065814
0.976666 0.003904 0.015804 0.003626
0.048246 0.350136 0.291545 0.310072
0.024584 0.129874 0.405038 0.440504
0.172555 0.482650 0.233438 0.111356

MOTIF M125 O125
letter-probability matrix: alength= 4 w= 9 nsites= 11187 E= 1337.0e-6
0.231849 0.027271 0.733101 0.007779
0.380888 0.515746 0.044922 0.058445
0.305080 0.317228 0.245076 0.132615
0.023957 0.574415 0.044954 0.356674
0.035131 0.177543 0.265842 0.521485
0.046236 0.221304 0.497294 0.235166
0.272511 0.386756 0.305860 0.034874
0.386677 0.154001 0.046803 0.412519
0.062566 0.010299 0.537395 0.389739

MOTIF M126 O126
letter-probability matrix: alength= 4 w= 9 nsites= 11187 E= 1337.0e-6
0.631626 0.000358 0.002503 0.365514
0.036027 0.840426 0.116574 0.006973
0.067622 0.612929 0.150663 0.168786
0.355170 0.408753 0.200294 0.035783
0.176667 0.179361 0.000093 0.643879
0.089906 0.170964 0.369232 0.369898
0.368173 0.063674 0.381370 0.186784
0.210351 0.199352 0.478739 0.111558
0.351828 0.287131 0.214522 0.146520

MOTIF M127 O127
letter-probability matrix: alength= 4 w= 9 nsites= 11187 E= 1337.0e-6
0.462859 0.135336 0.151605 0.250201
0.621525 0.017699 0.316081 0.044695
0.521661 0.053906 0.289891 0.134541
0.006708 0.593237 0.132717 0.267338
0.049776 0.536188 0.015257 0.398779
0.325225 0.025498 0.268953 0.380324
0.046800 0.503097 0.437518 0.012585
0.234165 0.383314 0.003167 0.379355
0.116683 0.166236 0.035452 0.681629

MOTIF M128 O128
letter-probability matrix: alength= 4 w= 9 nsites= 11187 E= 1337.0e-6
0.404847 0.143986 0.058797 0.392370
0.430061 0.089087 0.421521 0.059331
0.380386 0.110871 0.160808 0.347936
0.445961 0.075727 0.165462 0.312850
0.019114 0.469064 0.160431 0.351391
0.212677 0.536188 0.098045 0.153091
0.875443 0.018100 0.067363 0.039093
0.010676 0.141412 0.693950 0.153961
0.384001 0.036716 0.006563 0.572719

MOTIF M129 O129
letter-probability matrix: alength= 4 w= 9 nsites= 11187 E= 1337.0e-6
0.662018 0.070707 0.181461 0.085814
0.032724 0.612067 0.028958 0.326251
0.239311 0.005514 0.657284 0.097891
0.114831 0.428789 0.052445 0.403936
0.219062 0.572490 0.045850 0.162598
0.661131 0.138283 0.164767 0.035819
0.229091 0.146991 0.106325 0.517593
0.034494 0.311114 0.511868 0.142524
0.168503 0.308566 0.077451 0.445481

MOTIF M130 O130
letter-probability matrix: alength= 4 w= 9 nsites= 11187 E= 1337.0e-6
0.287119 0.374006 0.171181 0.167695
0.226711 0.091903 0.569688 0.111698
0.254331 0.029592 0.691447 0.024630
0.214053 0.029409 0.041228 0.715309
0.142583 0.132405 0.693519 0.031493
0.312782 0.456473 0.018435 0.212311
0.041399 0.170839 0.064292 0.723470
0.073888 0.342442 0.104930 0.478741
0.338594 0.321133 0.162077 0.178196

MOTIF M131 O131
letter-probability matrix: alength= 4 w= 9 nsites= 11187 E= 1337.0e-6
0.118183 0.062757 0.810299 0.008761
0.154116 0.062725 0.152588 0.630572
0.414390 0.131967 0.271311 0.182332
0.049397 0.344679 0.114985 0.490939
0.265611 0.114596 0.504710 0.115082
0.533974 0.072702 0.196712 0.196613
0.212993 0.285800 0.465507 0.035700
0.542968 0.042815 0.103452 0.310765
0.081969 0.797720 0.012228 0.108083

MOTIF M132 O132
letter-probability matrix: alength= 4 w= 9 nsites= 11157 E= 1337.0e-6
0.058797 0.014430 0.768397 0.158376
0.007500 0.855803 0.073411 0.063285
0.033269 0.343816 0.291637 0.331277
0.337288 0.309637 0.295501 0.057573
0.504768 0.127633 0.335220 0.032380
0.461927 0.174695 0.146929 0.216449
0.374286 0.119683 0.336931 0.169101
0.248921 0.260354 0.210311 0.280414
0.109615 0.682526 0.152335 0.055525

MOTIF M133 O133
letter-probability matrix: alength= 4 w= 9 nsites= 11134 E= 1337.0e-6
0.988504 0.002066 0.008443 0.000988
0.155540 0.087153 0.142999 0.614309
0.110787 0.004563 0.829166 0.055485
0.244566 0.103102 0.322868 0.329463
0.462623 0.022048 0.202687 0.312642
0.249976 0.251609 0.333654 0.164761
0.406063 0.141175 0.322574 0.130187
0.141962 0.211500 0.499204 0.147334
0.150364 0.150970 0.322150 0.376516

MOTIF M134 O134
letter-probability matrix: alength= 4 w= 9 nsites= 11187 E= 1337.0e-6
0.330920 0.605077 0.006257 0.057746
0.138546 0.316944 0.159681 0.384829
0.151521 0.249753 0.490446 0.108280
0.297630 0.100018 0.072814 0.529539
0.432216 0.002156 0.487557 0.078070
0.047546 0.080234 0.308600 0.563620
0.585779 0.192981 0.102735 0.118505
0.523783 0.055663 0.364707 0.055847
0.083013 0.193479 0.061089 0.662419

MOTIF M135 O135
letter-probability matrix: alength= 4 w= 9 nsites= 11186 E= 1337.0e-6
0.067877 0.322214 0.217135 0.392774
0.201095 0.206123 0.220307 0.372475
0.157093 0.264045 0.078095 0.500767
0.592114 0.280120 0.120208 0.007559
0.097932 0.161805 0.308289 0.431973
0.274109 0.167696 0.519525 0.038670
0.018289 0.026210 0.293105 0.662396
0.347341 0.603735 0.022737 0.026188
0.907193 0.025264 0.044681 0.022863

MOTIF M136 O136
letter-probability matrix: alength= 4 w= 9 nsites= 11187 E= 1337.0e-6
0.682351 0.154933 0.029162 0.133554
0.053952 0.136942 0.102438 0.706668
0.099148 0.330886 0.113014 0.456951
0.268219 0.687580 0.025662 0.018539
0.096850 0.464616 0.080957 0.357577
0.631420 0.178473 0.091365 0.098742
0.070386 0.285455 0.416404 0.227754
0.109924 0.259953 0.292970 0.337153
0.480303 0.015954 0.442683 0.061060

MOTIF M137 O137
letter-probability matrix: alength= 4 w= 9 nsites= 11179 E= 1337.0e-6
0.112622 0.029967 0.856159 0.001252
0.155276 0.187570 0.008355 0.648798
0.193294 0.283069 0.174481 0.349157
0.458191 0.192902 0.139262 0.209645
0.230871 0.172084 0.100255 0.496791
0.161025 0.105566 0.480502 0.252907
0.536527 0.042398 0.039073 0.382001
0.098376 0.839836 0.034901 0.026887
0.310556 0.471419 0.003614 0.214411

MOTIF M138 O138
letter-probability matrix: alength= 4 w= 9 nsites= 11187 E= 1337.0e-6
0.054438 0.636095 0.054528 0.254939
0.112541 0.747475 0.051846 0.088138
0.544974 0.189400 0.014169 0.251457
0.270256 0.306505 0.029789 0.393450
0.415569 0.018762 0.494047 0.071622
0.019995 0.279381 0.445490 0.255134
0.400914 0.008680 0.098767 0.491640
0.454428 0.014236 0.382418 0.148918
0.315601 0.041124 0.375495 0.267780

MOTIF M139 O139
letter-probability matrix: alength= 4 w= 9 nsites= 11186 E= 1337.0e-6
0.106204 0.566422 0.259521 0.067853
0.355937 0.286411 0.124786 0.232867
0.535334 0.077490 0.250205 0.136971
0.344192 0.123601 0.109194 0.423013
0.116832 0.069151 0.807417 0.006599
0.007383 0.077373 0.130010 0.785235
0.001319 0.589710 0.321088 0.087883
0.229447 0.458033 0.013111 0.299409
0.368375 0.459725 0.020055 0.151846

MOTIF M140 O140
letter-probability matrix: alength= 4 w= 9 nsites= 11186 E= 1337.0e-6
0.002235 0.001341 0.943054 0.053370
0.152647 0.647043 0.006106 0.194204
0.243707 0.109744 0.050439 0.596110
0.103245 0.490048 0.077949 0.328758
0.364268 0.199305 0.153618 0.282809
0.308887 0.237091 0.140815 0.313207
0.362064 0.412721 0.153320 0.071895
0.488138 0.014067 0.061726 0.436070
0.078400 0.211755 0.594738 0.115107

MOTIF M141 O141
letter-probability matrix: alength= 4 w= 9 nsites= 11187 E= 1337.0e-6
0.495665 0.039778 0.226334 0.238223
0.375436 0.205775 0.262537 0.156253
0.436221 0.124073 0.107625 0.332082
0.030308 0.808851 0.115512 0.045329
0.594442 0.026698 0.209317 0.169542
0.067469 0.049508 0.248177 0.634847
0.023871 0.413147 0.555270 0.007712
0.610375 0.145252 0.000093 0.244280
0.040097 0.372091 0.222357 0.365455

MOTIF M142 O142
letter-probability matrix: alength= 4 w= 9 nsites= 11187 E= 1337.0e-6
0.051888 0.014851 0.753534 0.179728
0.585125 0.190735 0.028144 0.195995
0.682602 0.052278 0.062436 0.202684
0.288514 0.429756 0.133610 0.148120
0.446478 0.211388 0.059254 0.282879
0.106190 0.108721 0.471092 0.313996
0.219154 0.252392 0.199625 0.328829
0.187394 0.740416 0.055561 0.016628
0.001326 0.136503 0.322077 0.540094

MOTIF M143 O143
letter-probability matrix: alength= 4 w= 9 nsites= 11187 E= 1337.0e-6
0.187271 0.016269 0.758201 0.038259
0.225261 0.666220 0.073121 0.035398
0.502905 0.082953 0.099669 0.314472
0.076964 0.403236 0.285868 0.233932
0.264490 0.197496 0.212612 0.325403
0.168814 0.214707 0.002326 0.614153
0.219624 0.082348 0.564516 0.133513
0.615204 0.047559 0.240858 0.096379
0.097020 0.463901 0.119033 0.320047

MOTIF M144 O144
letter-probability matrix: alength= 4 w= 9 nsites= 11152 E= 1337.0e-6
0.003049 0.898225 0.076847 0.021879
0.427495 0.053942 0.155486 0.363077
0.182078 0.238776 0.246704 0.332442
0.024573 0.145958 0.601386 0.228083
0.237349 0.415848 0.173957 0.172845
0.082697 0.368877 0.063885 0.484541
0.580812 0.292432 0.061257 0.065498
0.026466 0.331341 0.053121 0.589072
0.489488 0.039359 0.234424 0.236728

MOTIF M145 O145
letter-probability matrix: alength= 4 w= 9 nsites= 11187 E= 1337.0e-6
0.624922 0.000089 0.000000 0.374989
0.076160 0.213015 0.672388 0.038437
0.249349 0.122790 0.261736 0.366125
0.065755 0.497886 0.083566 0.352793
0.368402 0.029425 0.236578 0.365595
0.104273 0.411364 0.242545 0.241818
0.516585 0.034263 0.040368 0.408784
0.114970 0.184610 0.172820 0.527600
0.000369 0.751498 0.184601 0.063532

MOTIF M146 O146
letter-probability matrix: alength= 4 w= 9 nsites= 11187 E= 1337.0e-6
0.171140 0.091519 0.024602 0.712739
0.496685 0.121125 0.365347 0.016843
0.077227 0.088797 0.444345 0.389631
0.051612 0.503513 0.426680 0.018195
0.016679 0.431200 0.013959 0.538162
0.090132 0.192158 0.463483 0.254228
0.404605 0.199189 0.045952 0.350255
0.585475 0.076718 0.154769 0.183038
0.057970 0.465487 0.323303 0.153240

MOTIF M147 O147
letter-probability matrix: alength= 4 w= 9 nsites= 11187 E= 1337.0e-6
0.000536 0.997586 0.001699 0.000179
0.561325 0.005372 0.009132 0.424172
0.173165 0.418123 0.312360 0.096352
0.251507 0.093101 0.246020 0.409373
0.357014 0.128399 0.078786 0.435800
0.368288 0.044310 0.299070 0.288331
0.190571 0.089018 0.494959 0.225452
0.454194 0.172001 0.292862 0.080942
0.110508 0.134108 0.599176 0.156209

MOTIF M148 O148
letter-probability matrix: alength= 4 w= 9 nsites= 11187 E= 1337.0e-6
0.491137 0.001791 0.094002 0.413071
0.000090 0.993978 0.005932 0.000000
0.384046 0.393955 0.007707 0.214293
0.473558 0.150635 0.374766 0.001041
0.045979 0.002887 0.648738 0.302395
0.543372 0.041462 0.163775 0.251391
0.301545 0.202980 0.203753 0.291722
0.357961 0.159908 0.370447 0.111684
0.305079 0.158241 0.369034 0.167646

MOTIF M149 O149
letter-probability matrix: alength= 4 w= 9 nsites= 11155 E= 1337.0e-6
0.050381 0.079516 0.053339 0.816764
0.040875 0.017544 0.280069 0.661512
0.332575 0.076202 0.137200 0.454024
0.169611 0.493455 0.322197 0.014737
0.151610 0.581157 0.075205 0.192027
0.491105 0.235019 0.198127 0.075749
0.400721 0.067293 0.371298 0.160687
0.449316 0.055997 0.026993 0.467694
0.422806 0.090856 0.432171 0.054166

MOTIF M150 O150
letter-probability matrix: alength= 4 w= 9 nsites= 11182 E= 1337.0e-6
0.031390 0.047129 0.226167 0.695314
0.488360 0.342049 0.022206 0.147385
0.539704 0.186990 0.110094 0.163212
0.036831 0.230686 0.151635 0.580848
0.459805 0.036139 0.341565 0.162491
0.303384 0.269725 0.355139 0.071752
0.069400 0.236873 0.329833 0.363894
0.308603 0.002020 0.460839 0.228537
0.697741 0.236360 0.063203 0.002695

MOTIF M151 O151
letter-probability matrix: alength= 4 w= 9 nsites= 11183 E= 1337.0e-6
0.664222 0.247876 0.073952 0.013950
0.000000 0.006531 0.104044 0.889426
0.647582 0.291444 0.055530 0.005444
0.479912 0.083856 0.008293 0.427940
0.086538 0.282225 0.304169 0.327068
0.396314 0.164400 0.083383 0.355904
0.214344 0.217409 0.379444 0.188803
0.186628 0.147876 0.190887 0.474609
0.278633 0.420352 0.200895 0.100120

MOTIF M152 O152
letter-probability matrix: alength= 4 w= 9 nsites= 11185 E= 1337.0e-6
0.173804 0.296826 0.026106 0.503263
0.101699 0.719767 0.098479 0.080054
0.308812 0.152463 0.306010 0.232716
0.539325 0.263463 0.110598 0.086614
0.263735 0.071532 0.048595 0.616138
0.110909 0.418958 0.326352 0.143781
0.239602 0.162778 0.256479 0.341142
0.547338 0.003809 0.411595 0.037257
0.001964 0.240576 0.750164 0.007296

MOTIF M153 O153
letter-probability matrix: alength= 4 w= 9 nsites= 11187 E= 1337.0e-6
0.423985 0.192452 0.292255 0.091307
0.197847 0.309197 0.288201 0.204755
0.387692 0.404706 0.168688 0.038914
0.717455 0.066186 0.141136 0.075224
0.181710 0.126124 0.578151 0.114016
0.092798 0.008013 0.547564 0.351626
0.058568 0.885987 0.009272 0.046173
0.715014 0.089475 0.164347 0.031164
0.225541 0.214427 0.183568 0.376464

MOTIF M154 O154
letter-probability matrix: alength= 4 w= 9 nsites= 11187 E= 1337.0e-6
0.000268 0.987307 0.003933 0.008492
0.247899 0.400769 0.018416 0.332916
0.088430 0.208870 0.377504 0.325197
0.194454 0.498658 0.145975 0.160912
0.370994 0.125604 0.160072 0.343330
0.729350 0.039778 0.199068 0.031804
0.248921 0.167386 0.461794 0.121899
0.164692 0.279165 0.310518 0.245625
0.273904 0.017477 0.190309 0.518310

MOTIF M155 O155
letter-probability matrix: alength= 4 w= 9 nsites= 11187 E= 1337.0e-6
0.252972 0.000805 0.516671 0.229552
0.003581 0.372280 0.294297 0.329842
0.761170 0.121389 0.006549 0.110892
0.336326 0.264410 0.396660 0.002604
0.248025 0.210789 0.429843 0.111343
0.437043 0.393183 0.010874 0.158900
0.316639 0.301882 0.015864 0.365615
0.333739 0.181657 0.064951 0.419654
0.081333 0.010826 0.091876 0.815965

MOTIF M156 O156
letter-probability matrix: alength= 4 w= 9 nsites= 10959 E= 1337.0e-6
0.004197 0.949083 0.039876 0.006844
0.054858 0.766599 0.011640 0.166903
0.246954 0.042210 0.339068 0.371767
0.071074 0.222618 0.673472 0.032836
0.223460 0.365116 0.035824 0.375601
0.296410 0.328892 0.025215 0.349482
0.182164 0.402084 0.087273 0.328479
0.342683 0.038280 0.186918 0.432119
0.205090 0.286524 0.358010 0.150376

MOTIF M157 O157
letter-probability matrix: alength= 4 w= 9 nsites= 11173 E= 1337.0e-6
0.292938 0.006713 0.126734 0.573615
0.479044 0.001970 0.514150 0.004836
0.000997 0.527284 0.050580 0.421139
0.492274 0.037539 0.165324 0.304863
0.310084 0.474474 0.060932 0.154509
0.164178 0.461937 0.204833 0.169052
0.171960 0.056785 0.627099 0.144156
0.387587 0.293837 0.049154 0.269423
0.151451 0.265429 0.555210 0.027911

MOTIF M158 O158
letter-probability matrix: alength= 4 w= 9 nsites= 11170 E= 1337.0e-6
0.160340 0.416294 0.324888 0.098478
0.172148 0.215790 0.007528 0.604534
0.672702 0.015469 0.054777 0.257052
0.240147 0.683149 0.008471 0.068232
0.035324 0.098381 0.339474 0.526822
0.101859 0.140692 0.276711 0.480739
0.316321 0.040395 0.600717 0.042567
0.220061 0.140785 0.210390 0.428764
0.539430 0.242417 0.098089 0.120064

MOTIF M159 O159
letter-probability matrix: alength= 4 w= 9 nsites= 11187 E= 1337.0e-6
0.137839 0.246536 0.097077 0.518548
0.181982 0.122346 0.547935 0.147737
0.289097 0.343521 0.269732 0.097651
0.128431 0.112600 0.321874 0.437096
0.028297 0.122495 0.761846 0.087361
0.899600 0.008790 0.038090 0.053521
0.078651 0.779482 0.011278 0.130590
0.261709 0.190466 0.265046 0.282779
0.361064 0.326356 0.091094 0.221487

MOTIF M160 O160
letter-probability matrix: alength= 4 w= 9 nsites= 11184 E= 1337.0e-6
0.618294 0.075644 0.138591 0.167471
0.112403 0.313780 0.550121 0.023697
0.676262 0.096583 0.065644 0.161510
0.381043 0.009470 0.255772 0.353716
0.036622 0.489114 0.109137 0.365127
0.085470 0.551282 0.222792 0.140456
0.472806 0.092382 0.336933 0.097878
0.082354 0.262989 0.616490 0.038166
0.571933 0.035893 0.000294 0.391880

MOTIF M161 O161
letter-probability matrix: alength= 4 w= 9 nsites= 11139 E= 1337.0e-6
0.030972 0.201544 0.129006 0.638477
0.779011 0.054503 0.165223 0.001263
0.045918 0.185678 0.576986 0.191418
0.463099 0.181690 0.071268 0.283944
0.311183 0.066357 0.060566 0.561895
0.067076 0.124903 0.340148 0.467874
0.200442 0.051769 0.139224 0.608565
0.157889 0.094288 0.290561 0.457261
0.031536 0.138264 0.131793 0.698408

MOTIF M162 O162
letter-probability matrix: alength= 4 w= 9 nsites= 11184 E= 1337.0e-6
0.501788 0.149589 0.198319 0.150304
0.124374 0.460926 0.314199 0.100501
0.170072 0.456541 0.251075 0.122312
0.215363 0.577620 0.010319 0.196698
0.733123 0.001082 0.122938 0.142857
0.236214 0.392334 0.061472 0.309980
0.134657 0.283801 0.405066 0.176476
0.179367 0.011596 0.764771 0.044267
0.165054 0.249349 0.001210 0.584388

MOTIF M163 O163
letter-probability matrix: alength= 4 w= 9 nsites= 11187 E= 1337.0e-6
0.114600 0.223027 0.020576 0.641796
0.259865 0.548352 0.041716 0.150068
0.531742 0.030959 0.343592 0.093707
0.234378 0.350215 0.231487 0.183921
0.015480 0.434948 0.365242 0.184330
0.142418 0.390830 0.365423 0.101330
0.061039 0.070940 0.038481 0.829540
0.535655 0.192516 0.251351 0.020478
0.001472 0.567673 0.214008 0.216847

MOTIF M164 O164
letter-probability matrix: alength= 4 w= 9 nsites= 11158 E= 1337.0e-6
0.010396 0.788582 0.015594 0.185427
0.187934 0.662194 0.059092 0.090779
0.298254 0.002119 0.527495 0.172132
0.103709 0.343659 0.539577 0.013054
0.144470 0.176859 0.297038 0.381632
0.060926 0.215501 0.306243 0.417330
0.274275 0.234512 0.361160 0.130053
0.265752 0.310472 0.107394 0.316382
0.381746 0.011493 0.595718 0.011042

MOTIF M165 O165
letter-probability matrix: alength= 4 w= 9 nsites= 11185 E= 1337.0e-6
0.003087 0.033046 0.005901 0.957966
0.003507 0.402938 0.390427 0.203128
0.204982 0.048183 0.187934 0.558902
0.525388 0.175271 0.167941 0.131400
0.198139 0.017963 0.269668 0.514230
0.261450 0.686686 0.038392 0.013471
0.720019 0.036514 0.106160 0.137308
0.221344 0.307342 0.273566 0.197748
0.141969 0.329189 0.373819 0.155022

MOTIF M166 O166
letter-probability matrix: alength= 4 w= 9 nsites= 11185 E= 1337.0e-6
0.262005 0.207073 0.247823 0.283098
0.473835 0.318912 0.147204 0.060048
0.149618 0.036821 0.114953 0.698608
0.340878 0.024898 0.538705 0.095518
0.377946 0.238626 0.309611 0.073817
0.261602 0.487385 0.074494 0.176519
0.123488 0.142429 0.677075 0.057009
0.287226 0.213928 0.487495 0.011351
0.095551 0.006776 0.069822 0.827850

MOTIF M167 O167
letter-probability matrix: alength= 4 w= 9 nsites= 11187 E= 1337.0e-6
0.385179 0.005542 0.205596 0.403683
0.015199 0.489316 0.078409 0.417076
0.797377 0.117478 0.073558 0.011586
0.149670 0.117243 0.111733 0.621353
0.032863 0.051694 0.808363 0.107080
0.518990 0.036095 0.274244 0.170672
0.314936 0.433001 0.217316 0.034748
0.080823 0.237349 0.284137 0.397691
0.261774 0.234965 0.208571 0.294690

MOTIF M168 O168
letter-probability matrix: alength= 4 w= 9 nsites= 11182 E= 1337.0e-6
0.080934 0.029333 0.187981 0.701753
0.215930 0.678703 0.028940 0.076427
0.537520 0.165307 0.277687 0.019485
0.612839 0.159023 0.104131 0.124008
0.443731 0.067046 0.242961 0.246262
0.094238 0.568959 0.196561 0.140242
0.115869 0.487507 0.140568 0.256056
0.045996 0.188965 0.144141 0.620898
0.052783 0.344433 0.101789 0.500994

MOTIF M169 O169
letter-probability matrix: alength= 4 w= 9 nsites= 11187 E= 1337.0e-6
0.391705 0.237240 0.001877 0.369179
0.034594 0.268079 0.445249 0.252078
0.750469 0.131694 0.088511 0.029325
0.019945 0.024774 0.063232 0.892049
0.473903 0.240383 0.279935 0.005779
0.031768 0.409669 0.346133 0.212431
0.454857 0.075445 0.261250 0.208448
0.455195 0.240923 0.056392 0.247489
0.226092 0.207085 0.318141 0.248681

MOTIF M170 O170
letter-probability matrix: alength= 4 w= 9 nsites= 11187 E= 1337.0e-6
0.287834 0.001698 0.053455 0.657013
0.260753 0.033533 0.690065 0.015649
0.034898 0.612880 0.320471 0.031750
0.118177 0.376253 0.472429 0.033141
0.256196 0.056785 0.083373 0.603646
0.386352 0.443299 0.052823 0.117526
0.500653 0.071378 0.245357 0.182612
0.206988 0.411335 0.262645 0.119033
0.243695 0.250441 0.217125 0.288739

MOTIF M171 O171
letter-probability matrix: alength= 4 w= 9 nsites= 11182 E= 1337.0e-6
0.347255 0.123681 0.457342 0.071722
0.018512 0.208192 0.747720 0.025577
0.392490 0.283896 0.149395 0.174219
0.233373 0.205821 0.009671 0.551136
0.018187 0.172026 0.309647 0.500141
0.138791 0.415512 0.120069 0.325628
0.559950 0.014434 0.408102 0.017513
0.333914 0.060052 0.087129 0.518905
0.023265 0.570674 0.287781 0.118280

MOTIF M172 O172
letter-probability matrix: alength= 4 w= 9 nsites= 11174 E= 1337.0e-6
0.195991 0.138357 0.477985 0.187668
0.761987 0.094717 0.126651 0.016646
0.032719 0.225644 0.257905 0.483732
0.244896 0.177096 0.189346 0.388662
0.498704 0.268126 0.186594 0.046576
0.519656 0.287163 0.119482 0.073698
0.215099 0.081234 0.013425 0.690242
0.133674 0.741093 0.018746 0.106487
0.212392 0.100823 0.003213 0.683571

MOTIF M173 O173
letter-probability matrix: alength= 4 w= 9 nsites= 11186 E= 1337.0e-6
0.015705 0.145410 0.197581 0.641303
0.797367 0.139017 0.026607 0.037010
0.538100 0.187541 0.090106 0.184253
0.096242 0.173934 0.084976 0.644848
0.447066 0.260022 0.220834 0.072078
0.018694 0.722165 0.039868 0.219273
0.223971 0.183908 0.088718 0.503404
0.078855 0.613757 0.034167 0.273221
0.340701 0.175758 0.177522 0.306019

MOTIF M174 O174
letter-probability matrix: alength= 4 w= 9 nsites= 11187 E= 1337.0e-6
0.099312 0.350764 0.121212 0.428712
0.315959 0.088185 0.534494 0.061362
0.467265 0.364345 0.031556 0.136834
0.226634 0.002647 0.003560 0.767160
0.000000 0.637626 0.360430 0.001944
0.367916 0.276598 0.076539 0.278947
0.245077 0.204197 0.038592 0.512134
0.177039 0.004834 0.487714 0.330413
0.272057 0.259775 0.417400 0.050768

MOTIF M175 O175
letter-probability matrix: alength= 4 w= 9 nsites= 11187 E= 1337.0e-6
0.725362 0.049681 0.187584 0.037373
0.777058 0.054521 0.096716 0.071705
0.413301 0.009279 0.002820 0.574600
0.129314 0.469952 0.398947 0.001787
0.465224 0.337242 0.005459 0.192074
0.249947 0.338921 0.222855 0.188277
0.216975 0.254842 0.481175 0.047008
0.325561 0.265712 0.021208 0.387519
0.479227 0.316304 0.047047 0.157422

MOTIF M176 O176
letter-probability matrix: alength= 4 w= 9 nsites= 11187 E= 1337.0e-6
0.508863 0.099910 0.147538 0.243688
0.009340 0.034845 0.265379 0.690436
0.049349 0.009631 0.720418 0.220602
0.665965 0.259422 0.004305 0.070308
0.195105 0.469995 0.233284 0.101615
0.040812 0.646701 0.060203 0.252284
0.135782 0.175656 0.013851 0.674711
0.237759 0.389994 0.166560 0.205687
0.071824 0.237857 0.370097 0.320222

MOTIF M177 O177
letter-probability matrix: alength= 4 w= 9 nsites= 11184 E= 1337.0e-6
0.491774 0.206813 0.039521 0.261892
0.048822 0.272149 0.651617 0.027412
0.038323 0.410640 0.000271 0.550766
0.030812 0.194280 0.109871 0.665037
0.233818 0.319589 0.007454 0.439139
0.415773 0.188438 0.379801 0.015988
0.048401 0.026857 0.454599 0.470143
0.095399 0.455786 0.294364 0.154451
0.407109 0.240221 0.271984 0.080686

MOTIF M178 O178
letter-probability matrix: alength= 4 w= 9 nsites= 11187 E= 1337.0e-6
0.220256 0.369983 0.169304 0.240458
0.132958 0.127235 0.429542 0.310265
0.069934 0.281256 0.157664 0.491146
0.584035 0.001881 0.300215 0.113868
0.793342 0.072236 0.065416 0.069006
0.001627 0.367089 0.630289 0.000995
0.255343 0.361736 0.178138 0.204783
0.308822 0.051454 0.208217 0.431506
0.102441 0.270801 0.625684 0.001074

MOTIF M179 O179
letter-probability matrix: alength= 4 w= 9 nsites= 11184 E= 1337.0e-6
0.190272 0.135014 0.000000 0.674714
0.340308 0.000089 0.659603 0.000000
0.000000 0.417606 0.349347 0.233047
0.759534 0.029722 0.013339 0.197404
0.152275 0.272125 0.208259 0.367341
0.306984 0.161974 0.125880 0.405162
0.308680 0.192043 0.262568 0.236709
0.588155 0.010430 0.060040 0.341375
0.309581 0.043048 0.178971 0.468401

MOTIF M180 O180
letter-probability matrix: alength= 4 w= 9 nsites= 11187 E= 1337.0e-6
0.515276 0.025267 0.092286 0.367171
0.080086 0.004040 0.128838 0.787035
0.458603 0.481880 0.032588 0.026928
0.033648 0.185203 0.072385 0.708765
0.451635 0.017992 0.340491 0.189882
0.391253 0.033271 0.447823 0.127653
0.462449 0.097143 0.173980 0.266429
0.324806 0.364227 0.050535 0.260432
0.347225 0.055933 0.361154 0.235688

MOTIF M181 O181
letter-probability matrix: alength= 4 w= 9 nsites= 11122 E= 1337.0e-6
0.391566 0.076335 0.266229 0.265869
0.504901 0.128226 0.169769 0.197105
0.526382 0.071133 0.097065 0.305420
0.074271 0.023103 0.013537 0.889089
0.474769 0.508197 0.015478 0.001557
0.228671 0.241140 0.081380 0.448809
0.198706 0.255329 0.250095 0.295870
0.050298 0.323043 0.588671 0.037988
0.245526 0.148771 0.069715 0.535988

MOTIF M182 O182
letter-probability matrix: alength= 4 w= 9 nsites= 11157 E= 1337.0e-6
0.010218 0.098234 0.115354 0.776194
0.043451 0.001629 0.325337 0.629583
0.655739 0.335904 0.007713 0.000643
0.009271 0.478041 0.165371 0.347317
0.506627 0.081444 0.096043 0.315886
0.078519 0.115830 0.388602 0.417048
0.509567 0.108560 0.339678 0.042195
0.250587 0.176176 0.160866 0.412371
0.233187 0.273810 0.087615 0.405388

MOTIF M183 O183
letter-probability matrix: alength= 4 w= 9 nsites= 11185 E= 1337.0e-6
0.003219 0.795530 0.191685 0.009566
0.790093 0.008693 0.199583 0.001630
0.530724 0.136277 0.111243 0.221757
0.563729 0.191324 0.109275 0.135671
0.091251 0.198196 0.494596 0.215957
0.382876 0.325253 0.153151 0.138721
0.035474 0.237945 0.159783 0.566798
0.005151 0.442986 0.173619 0.378245
0.132861 0.198112 0.283472 0.385555

MOTIF M184 O184
letter-probability matrix: alength= 4 w= 9 nsites= 11180 E= 1337.0e-6
0.010555 0.828086 0.153846 0.007513
0.623582 0.026070 0.132364 0.217984
0.043790 0.716651 0.119411 0.120147
0.190134 0.276820 0.058908 0.474138
0.132970 0.284603 0.211509 0.370918
0.023194 0.567666 0.060835 0.348305
0.244139 0.234640 0.302041 0.219179
0.653101 0.026418 0.271624 0.048858
0.078831 0.380467 0.372440 0.168262

MOTIF M185 O185
letter-probability matrix: alength= 4 w= 9 nsites= 11182 E= 1337.0e-6
0.145323 0.050975 0.517439 0.286264
0.101553 0.214151 0.161983 0.522313
0.267962 0.212121 0.511735 0.008183
0.002260 0.892586 0.039241 0.065913
0.548816 0.131909 0.011612 0.307664
0.149374 0.380071 0.075996 0.394560
0.089516 0.492387 0.358452 0.059645
0.227300 0.211672 0.423640 0.137389
0.181800 0.047248 0.295075 0.475877

MOTIF M186 O186
letter-probability matrix: alength= 4 w= 9 nsites= 11187 E= 1337.0e-6
0.135445 0.248345 0.479961 0.136250
0.063521 0.290225 0.044355 0.601898
0.746669 0.022237 0.125446 0.105648
0.140513 0.666222 0.037966 0.155299
0.362807 0.312500 0.241291 0.083402
0.055486 0.127408 0.082286 0.734820
0.184541 0.407568 0.020108 0.387784
0.694698 0.186456 0.100913 0.017933
0.107436 0.211497 0.167285 0.513781

MOTIF M187 O187
letter-probability matrix: alength= 4 w= 9 nsites= 11186 E= 1337.0e-6
0.255530 0.453066 0.030300 0.261104
0.404435 0.083196 0.137530 0.374840
0.422122 0.053145 0.146837 0.377896
0.428269 0.094444 0.044043 0.433244
0.211824 0.012009 0.064111 0.712055
0.521290 0.359520 0.044347 0.074842
0.067612 0.241713 0.007325 0.683351
0.476938 0.118307 0.364242 0.040514
0.077396 0.130564 0.519181 0.272858

MOTIF M188 O188
letter-probability matrix: alength= 4 w= 9 nsites= 11187 E= 1337.0e-6
0.167352 0.369033 0.008850 0.454765
0.727492 0.213590 0.047474 0.011444
0.066858 0.333303 0.095946 0.503893
0.457648 0.092697 0.387048 0.062607
0.019444 0.044108 0.113782 0.822666
0.069844 0.145830 0.546563 0.237764
0.290477 0.115796 0.490233 0.103494
0.408730 0.199483 0.115057 0.276730
0.209792 0.386814 0.394811 0.008583

MOTIF M189 O189
letter-probability matrix: alength= 4 w= 9 nsites= 11187 E= 1337.0e-6
0.061237 0.473270 0.021902 0.443590
0.234798 0.309596 0.305919 0.149686
0.292628 0.174194 0.208764 0.324414
0.212195 0.344917 0.342942 0.099946
0.440144 0.059632 0.068163 0.432061
0.016530 0.267631 0.371036 0.344803
0.069583 0.266361 0.070303 0.593753
0.067858 0.000000 0.820700 0.111442
0.020004 0.533796 0.446200 0.000000

MOTIF M190 O190
letter-probability matrix: alength= 4 w= 9 nsites= 11015 E= 1337.0e-6
0.113663 0.745801 0.048298 0.092238
0.064892 0.262803 0.001849 0.670457
0.461020 0.396149 0.053395 0.089435
0.418343 0.341931 0.012896 0.226831
0.238784 0.348060 0.215815 0.197341
0.005540 0.338544 0.009497 0.646419
0.587971 0.006547 0.183306 0.222177
0.175939 0.243305 0.110650 0.470106
0.549995 0.177239 0.017958 0.254808

MOTIF M191 O191
letter-probability matrix: alength= 4 w= 9 nsites= 11187 E= 1337.0e-6
0.022437 0.408778 0.438902 0.129883
0.539019 0.105748 0.084473 0.270761
0.289175 0.288281 0.243944 0.178600
0.235289 0.002772 0.749687 0.012252
0.026202 0.643126 0.014447 0.316224
0.312613 0.184861 0.101407 0.401119
0.401233 0.150372 0.426447 0.021948
0.526051 0.111152 0.003839 0.358958
0.275051 0.504045 0.127137 0.093767

MOTIF M192 O192
letter-probability matrix: alength= 4 w= 9 nsites= 11187 E= 1337.0e-6
0.615625 0.107982 0.147046 0.129347
0.067137 0.729394 0.106919 0.096549
0.216376 0.184554 0.374761 0.224309
0.180886 0.566459 0.220707 0.031948
0.146074 0.019352 0.251675 0.582899
0.519659 0.043625 0.337952 0.098764
0.551591 0.207023 0.063562 0.177824
0.100294 0.215690 0.430050 0.253965
0.069068 0.018060 0.197022 0.715850

MOTIF M193 O193
letter-probability matrix: alength= 4 w= 9 nsites= 11182 E= 1337.0e-6
0.015561 0.696119 0.223395 0.064926
0.188847 0.181911 0.361694 0.267548
0.375638 0.535698 0.043821 0.044843
0.020500 0.328001 0.596226 0.055273
0.445092 0.034694 0.102235 0.417979
0.396735 0.385104 0.038022 0.180139
0.607398 0.138933 0.053749 0.199921
0.025100 0.197390 0.311847 0.465663
0.196038 0.222279 0.408311 0.173371

MOTIF M194 O194
letter-probability matrix: alength= 4 w= 9 nsites= 11186 E= 1337.0e-6
0.393871 0.004403 0.572520 0.029206
0.253511 0.040640 0.309216 0.396633
0.121842 0.798290 0.067431 0.012437
0.789926 0.020997 0.053889 0.135188
0.180446 0.067274 0.588704 0.163575
0.231042 0.287942 0.367645 0.113370
0.240636 0.437500 0.055096 0.266768
0.051718 0.175378 0.014035 0.758868
0.219865 0.486117 0.104740 0.189278

MOTIF M195 O195
letter-probability matrix: alength= 4 w= 9 nsites= 11186 E= 1337.0e-6
0.145628 0.239228 0.409083 0.206061
0.235336 0.303290 0.203058 0.258315
0.002414 0.194581 0.032102 0.770902
0.179185 0.211388 0.520104 0.089323
0.259858 0.228239 0.327185 0.184717
0.625206 0.036701 0.317133 0.020959
0.784610 0.061027 0.130063 0.024300
0.243622 0.269414 0.478740 0.008224
0.136070 0.678905 0.051653 0.133372

MOTIF M196 O196
letter-probability matrix: alength= 4 w= 9 nsites= 11187 E= 1337.0e-6
0.397873 0.005453 0.234200 0.362474
0.074922 0.801162 0.048011 0.075905
0.416170 0.016260 0.552665 0.014905
0.048323 0.627108 0.019583 0.304986
0.233043 0.263436 0.327279 0.176242
0.392190 0.184697 0.106689 0.316424
0.106116 0.293658 0.082744 0.517482
0.314499 0.119900 0.247175 0.318426
0.180223 0.258556 0.410761 0.150460

MOTIF M197 O197
letter-probability matrix: alength= 4 w= 9 nsites= 11177 E= 1337.0e-6
0.202469 0.562047 0.000089 0.235394
0.110880 0.359729 0.128488 0.400903
0.040959 0.073200 0.184997 0.700845
0.489079 0.106116 0.001092 0.403713
0.590747 0.123825 0.285245 0.000182
0.008990 0.051830 0.306486 0.632694
0.340612 0.128406 0.394830 0.136152
0.238586 0.082426 0.179465 0.499522
0.455433 0.116052 0.330112 0.098403

MOTIF M198 O198
letter-probability matrix: alength= 4 w= 9 nsites= 11187 E= 1337.0e-6
0.483061 0.000089 0.093501 0.423349
0.000179 0.948413 0.018060 0.033348
0.450027 0.078995 0.070560 0.400417
0.162462 0.250068 0.491303 0.096166
0.095647 0.266833 0.614831 0.022690
0.554150 0.156215 0.045125 0.244511
0.356641 0.094636 0.219976 0.328747
0.078665 0.454432 0.343822 0.123081
0.237841 0.351226 0.273033 0.137900

MOTIF M199 O199
letter-probability matrix: alength= 4 w= 9 nsites= 11159 E= 1337.0e-6
0.055202 0.008782 0.014428 0.921588
0.011197 0.005371 0.693309 0.290123
0.721201 0.236116 0.039118 0.003565
0.025545 0.483257 0.173077 0.318121
0.198577 0.248097 0.341208 0.212118
0.110918 0.130359 0.480917 0.277806
0.511291 0.102720 0.289991 0.095998
0.408980 0.168772 0.298801 0.123448
0.309928 0.136329 0.242627 0.311116

MOTIF M200 O200
letter-probability matrix: alength= 4 w= 9 nsites= 11187 E= 1337.0e-6
0.182801 0.032448 0.468311 0.316439
0.435468 0.529154 0.035378 0.000000
0.000182 0.253116 0.059048 0.687654
0.847045 0.065407 0.086530 0.001019
0.000188 0.450944 0.502488 0.046381
0.384923 0.110634 0.055952 0.448491
0.231921 0.350957 0.228648 0.188473
0.299475 0.263624 0.112187 0.324714
0.330146 0.139411 0.246308 0.284136

MOTIF M201 O201
letter-probability matrix: alength= 4 w= 9 nsites= 11091 E= 1337.0e-6
0.012172 0.094311 0.662699 0.230818
0.469686 0.002664 0.111519 0.416131
0.344516 0.054981 0.413661 0.186842
0.664271 0.059013 0.045773 0.230944
0.209733 0.318511 0.467653 0.004103
0.012189 0.198537 0.219308 0.569966
0.009784 0.078674 0.501697 0.409844
0.561844 0.239931 0.156419 0.041807
0.048116 0.295302 0.155395 0.501187

MOTIF M202 O202
letter-probability matrix: alength= 4 w= 9 nsites= 10882 E= 1337.0e-6
0.219721 0.004687 0.593733 0.181860
0.468261 0.037881 0.261791 0.232068
0.363071 0.072162 0.044371 0.520396
0.110320 0.167664 0.459603 0.262413
0.533308 0.018964 0.092992 0.354736
0.259170 0.083228 0.241363 0.416239
0.247810 0.101129 0.177536 0.473525
0.495737 0.415956 0.083407 0.004901
0.010913 0.073710 0.020139 0.895238

MOTIF M203 O203
letter-probability matrix: alength= 4 w= 9 nsites= 11187 E= 1337.0e-6
0.383818 0.015467 0.342333 0.258382
0.005462 0.653147 0.113529 0.227863
0.248651 0.347635 0.121032 0.282682
0.478189 0.063961 0.381373 0.076477
0.261287 0.019296 0.673807 0.045610
0.600093 0.000185 0.000741 0.398981
0.487060 0.031745 0.047850 0.433346
0.375213 0.261125 0.085306 0.278356
0.320600 0.198453 0.077273 0.403675

MOTIF M204 O204
letter-probability matrix: alength= 4 w= 9 nsites= 11187 E= 1337.0e-6
0.145794 0.394655 0.288281 0.171270
0.563224 0.048192 0.121960 0.266625
0.312427 0.026764 0.128954 0.531855
0.088943 0.229763 0.055874 0.625420
0.075467 0.560922 0.127881 0.235730
0.821577 0.002311 0.148008 0.028104
0.090943 0.135996 0.646447 0.126614
0.657630 0.212558 0.004707 0.125106
0.191696 0.167317 0.190553 0.450433

MOTIF M205 O205
letter-probability matrix: alength= 4 w= 9 nsites= 11187 E= 1337.0e-6
0.000000 0.381693 0.618307 0.000000
0.509609 0.156789 0.000000 0.333602
0.045154 0.192418 0.471209 0.291220
0.212034 0.238807 0.296024 0.253134
0.490771 0.059946 0.135036 0.314247
0.206544 0.161721 0.243658 0.388077
0.079828 0.610189 0.156427 0.153556
0.951145 0.000000 0.017243 0.031612
0.298529 0.393196 0.120206 0.188070

MOTIF M206 O206
letter-probability matrix: alength= 4 w= 9 nsites= 11187 E= 1337.0e-6
0.158845 0.602843 0.058997 0.179315
0.126042 0.047333 0.679516 0.147109
0.109712 0.219786 0.150390 0.520112
0.005568 0.630248 0.017068 0.347116
0.544283 0.066984 0.198898 0.189836
0.306794 0.193819 0.044945 0.454443
0.197191 0.293398 0.395529 0.113882
0.443593 0.098652 0.378116 0.079639
0.352924 0.485850 0.089340 0.071886

MOTIF M207 O207
letter-probability matrix: alength= 4 w= 9 nsites= 11187 E= 1337.0e-6
0.302226 0.405381 0.241083 0.051310
0.220503 0.182574 0.239825 0.357098
0.136888 0.056903 0.046793 0.759417
0.636967 0.061940 0.296432 0.004661
0.313429 0.379357 0.013600 0.293614
0.283585 0.064106 0.581619 0.070690
0.060586 0.232789 0.299035 0.407590
0.051324 0.284144 0.024563 0.639969
0.536354 0.080928 0.287895 0.094823

MOTIF M208 O208
letter-probability matrix: alength= 4 w= 9 nsites= 11187 E= 1337.0e-6
0.031024 0.058203 0.873670 0.037103
0.177012 0.147871 0.013172 0.661945
0.289209 0.143642 0.334921 0.232228
0.214345 0.238316 0.225914 0.321425
0.376562 0.249695 0.220468 0.153275
0.393342 0.041682 0.143719 0.421256
0.480972 0.013291 0.321285 0.184452
0.000979 0.878462 0.120266 0.000294
0.188198 0.425382 0.106036 0.280384

MOTIF M209 O209
letter-probability matrix: alength= 4 w= 9 nsites= 11187 E= 1337.0e-6
0.056231 0.813696 0.054979 0.075094
0.507194 0.206678 0.068410 0.217718
0.568244 0.105311 0.167845 0.158601
0.236129 0.045388 0.357650 0.360833
0.120999 0.502012 0.327328 0.049662
0.063695 0.272592 0.318474 0.345239
0.590271 0.033947 0.184620 0.191163
0.022222 0.165379 0.797520 0.014878
0.235146 0.253853 0.020936 0.490065

MOTIF M210 O210
letter-probability matrix: alength= 4 w= 9 nsites= 11134 E= 1337.0e-6
0.490569 0.143794 0.166876 0.198761
0.005763 0.806123 0.186763 0.001351
0.047187 0.152813 0.290793 0.509207
0.321179 0.337859 0.183863 0.157099
0.163035 0.202724 0.378988 0.255253
0.489019 0.501235 0.004029 0.005718
0.853912 0.010138 0.016766 0.119184
0.380152 0.171436 0.344710 0.103702
0.547423 0.053135 0.358794 0.040648

MOTIF M211 O211
letter-probability matrix: alength= 4 w= 9 nsites= 11187 E= 1337.0e-6
0.038627 0.077344 0.084065 0.799964
0.890269 0.000360 0.078585 0.030786
0.094936 0.026230 0.616900 0.261935
0.602889 0.085294 0.043712 0.268105
0.148340 0.261688 0.277773 0.312200
0.177247 0.044237 0.227336 0.551180
0.285023 0.083170 0.430571 0.201235
0.247889 0.399666 0.245283 0.107161
0.267194 0.228001 0.120675 0.384131

MOTIF M212 O212
letter-probability matrix: alength= 4 w= 9 nsites= 11187 E= 1337.0e-6
0.413784 0.076160 0.201841 0.308215
0.000000 0.936009 0.063181 0.000810
0.108255 0.516650 0.001952 0.373142
0.404161 0.027285 0.385289 0.183265
0.038413 0.088938 0.870804 0.001846
0.119062 0.388856 0.039648 0.452434
0.263152 0.271583 0.052488 0.412778
0.198390 0.372272 0.104256 0.325082
0.364035 0.114504 0.224127 0.297335

MOTIF M213 O213
letter-probability matrix: alength= 4 w= 9 nsites= 11187 E= 1337.0e-6
0.023688 0.295432 0.623134 0.057746
0.408480 0.080047 0.313195 0.198279
0.348494 0.452045 0.100315 0.099146
0.317699 0.021410 0.126281 0.534609
0.029404 0.389851 0.046350 0.534396
0.091422 0.576663 0.157768 0.174146
0.051031 0.440354 0.322286 0.186329
0.310319 0.274753 0.007682 0.407246
0.235463 0.075363 0.647666 0.041507

MOTIF M214 O214
letter-probability matrix: alength= 4 w= 9 nsites= 11187 E= 1337.0e-6
0.144811 0.162421 0.690176 0.002592
0.062989 0.001528 0.204690 0.730793
0.000741 0.570542 0.027050 0.401667
0.422046 0.109745 0.110907 0.357302
0.102872 0.548454 0.249677 0.098996
0.246361 0.120432 0.038379 0.594828
0.303976 0.392048 0.263185 0.040791
0.084151 0.164716 0.099019 0.652114
0.106989 0.046053 0.440466 0.406493

MOTIF M215 O215
letter-probability matrix: alength= 4 w= 9 nsites= 11169 E= 1337.0e-6
0.044767 0.381502 0.401737 0.171994
0.716031 0.096096 0.134038 0.053836
0.020996 0.017744 0.481234 0.480026
0.047382 0.011626 0.571024 0.369969
0.269799 0.057653 0.655416 0.017132
0.089852 0.691495 0.169672 0.048981
0.446123 0.299482 0.039337 0.215059
0.314152 0.394920 0.022766 0.268162
0.518640 0.068933 0.316295 0.096131

MOTIF M216 O216
letter-probability matrix: alength= 4 w= 9 nsites= 11187 E= 1337.0e-6
0.001609 0.122117 0.871357 0.004917
0.225867 0.039796 0.000627 0.733710
0.112735 0.258816 0.246209 0.382240
0.204827 0.119653 0.120306 0.555214
0.326277 0.129675 0.134327 0.409721
0.357956 0.330686 0.216534 0.094823
0.471085 0.057830 0.213662 0.257423
0.004421 0.739045 0.194341 0.062193
0.439229 0.311642 0.164685 0.084444

MOTIF M217 O217
letter-probability matrix: alength= 4 w= 9 nsites= 11187 E= 1337.0e-6
0.110922 0.028202 0.852434 0.008443
0.335052 0.153702 0.062324 0.448922
0.108100 0.295853 0.292864 0.303182
0.281432 0.319418 0.109407 0.289742
0.368681 0.068077 0.187210 0.376032
0.218024 0.051829 0.555769 0.174379
0.157841 0.057120 0.409290 0.375750
0.054553 0.907199 0.034762 0.003486
0.705374 0.020021 0.115174 0.159431

MOTIF M218 O218
letter-probability matrix: alength= 4 w= 9 nsites= 11187 E= 1337.0e-6
0.158815 0.459778 0.178723 0.202684
0.599458 0.026763 0.191049 0.182731
0.214422 0.435564 0.081192 0.268822
0.622062 0.079400 0.075976 0.222562
0.054314 0.809666 0.113022 0.022997
0.170272 0.645823 0.001025 0.182881
0.236929 0.262483 0.269005 0.231583
0.172211 0.073072 0.748064 0.006653
0.262785 0.143458 0.015497 0.578260

MOTIF M219 O219
letter-probability matrix: alength= 4 w= 9 nsites= 11187 E= 1337.0e-6
0.072048 0.387772 0.405292 0.134889
0.142934 0.690787 0.014848 0.151431
0.165854 0.146623 0.437161 0.250361
0.246038 0.084488 0.082948 0.586525
0.072681 0.261924 0.142091 0.523303
0.055642 0.107446 0.802284 0.034628
0.280339 0.173737 0.091664 0.454260
0.043406 0.459150 0.233107 0.264337
0.617995 0.168037 0.080238 0.133730

MOTIF M220 O220
letter-probability matrix: alength= 4 w= 9 nsites= 11187 E= 1337.0e-6
0.203897 0.034147 0.642085 0.119871
0.314941 0.363131 0.141885 0.180043
0.753810 0.110633 0.100950 0.034606
0.142202 0.006202 0.655910 0.195685
0.205735 0.376969 0.395812 0.021484
0.048935 0.509732 0.073081 0.368252
0.061517 0.387343 0.063192 0.487948
0.120265 0.176854 0.186018 0.516863
0.057696 0.055229 0.482350 0.404726

MOTIF M221 O221
letter-probability matrix: alength= 4 w= 9 nsites= 11187 E= 1337.0e-6
0.015916 0.024052 0.097639 0.862393
0.084746 0.078020 0.290019 0.547215
0.138087 0.137816 0.622022 0.102076
0.054793 0.378283 0.316402 0.250522
0.442343 0.180556 0.244792 0.132310
0.076661 0.334314 0.433036 0.155989
0.550927 0.181251 0.168670 0.099152
0.750211 0.180039 0.028649 0.041101
0.545317 0.165863 0.062565 0.226255

MOTIF M222 O222
letter-probability matrix: alength= 4 w= 9 nsites= 11187 E= 1337.0e-6
0.975060 0.000000 0.000000 0.024940
0.002686 0.671293 0.322797 0.003223
0.011115 0.690656 0.006405 0.291824
0.321676 0.289875 0.244403 0.144046
0.295850 0.073707 0.231854 0.398589
0.119871 0.180432 0.411089 0.288608
0.513855 0.107576 0.278264 0.100306
0.192778 0.156022 0.277540 0.373661
0.136194 0.212174 0.361506 0.290125

MOTIF M223 O223
letter-probability matrix: alength= 4 w= 9 nsites= 11187 E= 1337.0e-6
0.339144 0.000179 0.000179 0.660499
0.048833 0.619891 0.271622 0.059655
0.857156 0.056367 0.041133 0.045345
0.000000 0.370537 0.124080 0.505383
0.275578 0.059719 0.387313 0.277390
0.278558 0.438664 0.273236 0.009542
0.403983 0.091507 0.093386 0.411124
0.354615 0.058421 0.471361 0.115604
0.170515 0.220365 0.295430 0.313689

